Vernier Format 2
Файл.gmbl 07.12.2019 14:24:23 ,
Новый
Время	Угол	Скорость	Ускорение
t	Угол	v	a
с	rad	rad/с	rad/с²

0	0	0	0
0,01	0	0	0
0,02	0	0	0
0,03	0	0	0
0,04	0	0	0
0,05	0	0	0
0,06	0	0	0
0,07	0	0	0
0,08	0	0	0
0,09	0	0	0
0,1	0	0	0
0,11	0	0	0
0,12	0	0	0
0,13	0	0	0
0,14	0	0	0
0,15	0	0	0
0,16	0	0	0
0,17	0	0	0
0,18	0	0	0
0,19	0	0	0
0,2	0	0	0
0,21	0	0	0
0,22	0	0	0
0,23	0	0	0
0,24	0	0	0
0,25	0	0	0
0,26	0	0	0
0,27	0	0	0
0,28	0	0	0
0,29	0	0	0
0,3	0	0	0
0,31	0	0	0
0,32	0	0	0
0,33	0	0	0
0,34	0	0	0
0,35	0	0	0
0,36	0	0	0
0,37	0	0	0
0,38	0	0	0
0,39	0	0	0
0,4	0	0	0
0,41	0	0	0
0,42	0	0	0
0,43	0	0	0
0,44	0	0	0
0,45	0	0	0
0,46	0	0	0
0,47	0	0	0
0,48	0	0	0
0,49	0	0	0
0,5	0	0	0
0,51	0	0	0
0,52	0	0	0
0,53	0	0	0
0,54	0	0	0
0,55	0	0	0
0,56	0	0	0
0,57	0	0	0
0,58	0	0	0
0,59	0	0	0
0,6	0	0	0
0,61	0	0	0
0,62	0	0	0
0,63	0	0	0
0,64	0	0	0
0,65	0	0	0
0,66	0	0	0
0,67	0	0	0
0,68	0	0	0
0,69	0	0	0
0,7	0	0	0
0,71	0	0	0
0,72	0	0	0
0,73	0	0	0
0,74	0	0	0
0,75	0	0	0
0,76	0	0	0
0,77	0	0	0
0,78	0	0	0
0,79	0	0	0
0,8	0	0	0
0,81	0	0	0
0,82	0	0	0
0,83	0	0	0
0,84	0	0	0
0,85	0	0	0
0,86	0	0	0
0,87	0	0	0
0,88	0	0	0
0,89	0	0	0
0,9	0	0	0
0,91	0	0	0
0,92	0	0	0
0,93	0	0	0
0,94	0	0	0
0,95	0	0	0
0,96	0	0	0
0,97	0	0	0
0,98	0	0	0
0,99	0	0	0
1	0	0	0
1,01	0	0	0
1,02	0	0	0
1,03	0	0	0
1,04	0	0	0
1,05	0	0	0
1,06	0	0	0
1,07	0	0	0
1,08	0	0	0
1,09	0	0	0
1,1	0	0	0
1,11	0	0	0
1,12	0	0	0
1,13	0	0	0
1,14	0	0	0
1,15	0	0	0
1,16	0	0	0
1,17	0	0	0
1,18	0	0	0
1,19	0	0	0
1,2	0	0	0
1,21	0	0	0
1,22	0	0	0
1,23	0	0	0
1,24	0	0	0
1,25	0	0	0
1,26	0	0	0
1,27	0	0	0
1,28	0	0	0
1,29	0	0	0
1,3	0	0	0
1,31	0	0	0
1,32	0	0	0
1,33	0	0	0
1,34	0	0	0
1,35	0	0	0
1,36	0	0	0
1,37	0	0	0
1,38	0	0	0
1,39	0	0	0
1,4	0	0	0
1,41	0	0	0
1,42	0	0	0
1,43	0	0	0
1,44	0	0	0
1,45	0	0	0
1,46	0	0	0
1,47	0	0	0
1,48	0	0	0
1,49	0	0	0
1,5	0	0	0
1,51	0	0	0
1,52	0	0	0
1,53	0	0	0
1,54	0	0	0
1,55	0	0	0
1,56	0	0	0
1,57	0	0	0
1,58	0	0	0
1,59	0	0	0
1,6	0	0	0
1,61	0	0	0
1,62	0	0	0
1,63	0	0	0
1,64	0	0	-0,134670466975
1,65	0	0	-0,942693268823
1,66	0	0	-4,57879587714
1,67	0	-0,0484813681109	-11,8510010938
1,68	0	-0,193925472444	-20,4699109802
1,69	0	-0,630257785441	-13,1977057635
1,7	-0,0174532925199	-0,630257785441	7,67621661753
1,71	-0,0174532925199	-0,242406840555	8,34956895235
1,72	-0,0174532925199	-0,242406840556	-9,42693268836
1,73	-0,0174532925199	-0,630257785446	-12,3896829617
1,74	-0,0349065850399	-0,678739153556	0,404011401004
1,75	-0,0349065850399	-0,387850944888	-4,57879587701
1,76	-0,0349065850399	-0,727220521664	-13,1977057634
1,77	-0,0523598775599	-0,824183257885	-8,21489848543
1,78	-0,0523598775599	-0,872664625996	-3,77077307529
1,79	-0,0698131700798	-0,872664625996	-0,808022801877
1,8	-0,0698131700798	-0,872664625996	-0,134670467052
1,81	-0,0872664625997	-0,872664625997	-1,32461325859E-010
1,82	-0,0872664625997	-0,872664626	-7,98268858423E-011
1,83	-0,10471975512	-0,872664626	7,98268858423E-011
1,84	-0,10471975512	-0,872664625997	-0,134670466842
1,85	-0,12217304764	-0,872664625996	-0,808022801771
1,86	-0,12217304764	-0,872664625996	-3,77077307526
1,87	-0,13962634016	-0,921145994107	-8,21489848545
1,88	-0,13962634016	-1,01810873033	-13,0630352966
1,89	-0,157079632679	-1,3574783071	-3,77077307537
1,9	-0,174532925199	-1,06659009844	4,04011400911
1,91	-0,174532925199	-1,06659009844	-4,98280727814
1,92	-0,191986217719	-1,35747830711	7,89498096528E-011
1,93	-0,209439510239	-1,06659009844	4,84813681121
1,94	-0,209439510239	-1,06659009844	-4,98280727802
1,95	-0,226892802759	-1,3574783071	-0,808022801895
1,96	-0,244346095279	-1,06659009844	1,21203420265
1,97	-0,244346095279	-1,11507146655	-12,2550124948
1,98	-0,261799387799	-1,50292241144	-9,42693268815
1,99	-0,279252680319	-1,50292241144	8,48423941951
2	-0,296705972839	-1,11507146655	8,61890988638
2,01	-0,296705972839	-1,11507146655	-8,61890988648
2,02	-0,314159265359	-1,50292241144	-8,61890988645
2,03	-0,331612557879	-1,50292241144	8,61890988646
2,04	-0,349065850399	-1,11507146655	8,61890988651
2,05	-0,349065850399	-1,11507146655	-8,61890988631
2,06	-0,366519142919	-1,50292241144	-8,4842394194
2,07	-0,383972435439	-1,50292241144	9,42693268816
2,08	-0,401425727959	-1,11507146655	12,3896829615
2,09	-0,401425727959	-1,06659009844	-0,404011401004
2,1	-0,418879020479	-1,35747830711	4,57879587722
2,11	-0,436332312999	-1,01810873033	13,3323762306
2,12	-0,436332312999	-0,921145994107	9,02292128738
2,13	-0,453785605519	-0,872664625996	7,54154615061
2,14	-0,453785605519	-0,824183257885	9,02292128728
2,15	-0,471238898038	-0,727220521664	13,3323762304
2,16	-0,471238898038	-0,387850944888	4,57879587701
2,17	-0,471238898038	-0,678739153556	-0,404011401004
2,18	-0,488692190558	-0,630257785446	12,3896829618
2,19	-0,488692190558	-0,242406840556	9,42693268836
2,2	-0,488692190558	-0,242406840555	-8,34956895235
2,21	-0,488692190558	-0,630257785441	-7,67621661753
2,22	-0,506145483078	-0,630257785441	13,3323762305
2,23	-0,506145483078	-0,193925472444	21,412604249
2,24	-0,506145483078	-0,0484813681109	16,4297969709
2,25	-0,506145483078	0,0484813681109	16,4297969709
2,26	-0,506145483078	0,193925472444	21,412604249
2,27	-0,506145483078	0,630257785441	13,3323762305
2,28	-0,488692190558	0,630257785441	-7,54154615055
2,29	-0,488692190558	0,242406840555	-7,5415461505
2,3	-0,488692190558	0,242406840556	13,1977057637
2,31	-0,488692190558	0,678739153556	20,4699109802
2,32	-0,471238898038	0,824183257889	11,8510010937
2,33	-0,471238898038	0,872664625997	4,71346634398
2,34	-0,453785605519	0,872664625996	1,7507160706
2,35	-0,453785605519	0,872664625996	3,90544354227
2,36	-0,436332312999	0,921145994107	8,21489848553
2,37	-0,436332312999	1,01810873033	13,1977057636
2,38	-0,418879020479	1,35747830711	4,71346634419
2,39	-0,401425727959	1,06659009844	0,404011400844
2,4	-0,401425727959	1,11507146655	16,0257855699
2,41	-0,383972435439	1,55140377955	16,6991379048
2,42	-0,366519142919	1,64836651577	0,134670466975
2,43	-0,349065850399	1,55140377955	-15,756444636
2,44	-0,331612557879	1,11507146655	-11,1776487588
2,45	-0,331612557879	1,11507146655	13,3323762306
2,46	-0,314159265359	1,55140377955	24,9140363903
2,47	-0,296705972839	1,74532925199	23,7020021875
2,48	-0,279252680319	1,93925472444	24,9140363904
2,49	-0,261799387799	2,37558703744	13,1977057636
2,5	-0,226892802759	2,37558703744	-12,1203420277
2,51	-0,209439510239	1,93925472444	-20,3352405132
2,52	-0,191986217719	1,79381062011	-11,7163306268
2,53	-0,174532925199	1,745329252	-3,63610260842
2,54	-0,157079632679	1,74532925199	3,63610260821
2,55	-0,13962634016	1,7938106201	11,7163306268
2,56	-0,12217304764	1,93925472444	20,3352405133
2,57	-0,10471975512	2,37558703744	12,3896829618
2,58	-0,0698131700798	2,37558703744	-11,3123192259
2,59	-0,0523598775599	1,93925472444	-15,756444636
2,6	-0,0349065850399	1,84229198822	3,24549029626E-011
2,61	-0,0174532925199	1,93925472444	15,756444636
2,62	0	2,37558703744	11,4469896928
2,63	0,0349065850398	2,37558703744	-11,4469896928
2,64	0,0523598775599	1,93925472444	-15,7564446361
2,65	0,0698131700798	1,84229198822	-6,14101362354E-011
2,66	0,0872664625997	1,93925472444	15,7564446361
2,67	0,10471975512	2,37558703744	11,3123192259
2,68	0,13962634016	2,37558703744	-12,3896829617
2,69	0,157079632679	1,93925472444	-20,3352405132
2,7	0,174532925199	1,7938106201	-11,8510010937
2,71	0,191986217719	1,745329252	-4,57879587709
2,72	0,209439510239	1,745329252	-0,942693268903
2,73	0,226892802759	1,74532925199	-0,134670467078
2,74	0,244346095279	1,74532925199	0
2,75	0,261799387799	1,74532925199	1,03514110863E-010
2,76	0,279252680319	1,745329252	7,98268858423E-011
2,77	0,296705972839	1,745329252	-5,08796708469E-011
2,78	0,314159265359	1,74532925199	-0,13467046703
2,79	0,331612557879	1,74532925199	-0,942693268767
2,8	0,349065850399	1,745329252	-4,57879587709
2,81	0,366519142919	1,69684788388	-11,9856715608
2,82	0,383972435439	1,55140377955	-21,2779337821
2,83	0,401425727959	1,11507146655	-16,9684788388
2,84	0,401425727959	1,06659009844	-0,538681867796
2,85	0,418879020479	1,35747830711	-4,71346634404
2,86	0,436332312999	1,01810873033	-13,1977057636
2,87	0,436332312999	0,921145994108	-8,21489848559
2,88	0,453785605519	0,872664625996	-3,90544354234
2,89	0,453785605519	0,872664625996	-1,61604560373
2,9	0,471238898038	0,872664625996	-3,90544354227
2,91	0,471238898038	0,824183257885	-8,21489848546
2,92	0,488692190558	0,727220521663	-13,1977057635
2,93	0,488692190558	0,387850944887	-4,71346634411
2,94	0,488692190558	0,678739153552	-0,538681867899
2,95	0,506145483078	0,630257785441	-16,9684788388
2,96	0,506145483078	0,193925472444	-21,277933782
2,97	0,506145483078	0,0484813681109	-11,9856715607
2,98	0,506145483078	0	-4,57879587714
2,99	0,506145483078	0	-1,0773637358
3	0,506145483078	0	-1,0773637358
3,01	0,506145483078	0	-4,57879587714
3,02	0,506145483078	-0,0484813681109	-11,9856715607
3,03	0,506145483078	-0,193925472444	-21,277933782
3,04	0,506145483078	-0,630257785441	-16,9684788388
3,05	0,488692190558	-0,678739153552	-0,538681867899
3,06	0,488692190558	-0,387850944887	-4,71346634411
3,07	0,488692190558	-0,727220521663	-13,1977057635
3,08	0,471238898038	-0,824183257885	-8,21489848546
3,09	0,471238898038	-0,872664625996	-3,90544354227
3,1	0,453785605519	-0,872664625996	-1,61604560373
3,11	0,453785605519	-0,872664625996	-3,90544354234
3,12	0,436332312999	-0,921145994108	-8,21489848559
3,13	0,436332312999	-1,01810873033	-13,1977057636
3,14	0,418879020479	-1,35747830711	-4,71346634404
3,15	0,401425727959	-1,06659009844	-0,538681867796
3,16	0,401425727959	-1,11507146655	-16,9684788388
3,17	0,383972435439	-1,55140377955	-21,2779337821
3,18	0,366519142919	-1,69684788388	-11,9856715608
3,19	0,349065850399	-1,745329252	-4,57879587709
3,2	0,331612557879	-1,74532925199	-0,942693268767
3,21	0,314159265359	-1,74532925199	-0,13467046703
3,22	0,296705972839	-1,745329252	-5,08796708469E-011
3,23	0,279252680319	-1,745329252	7,98268858423E-011
3,24	0,261799387799	-1,74532925199	1,03514110863E-010
3,25	0,244346095279	-1,74532925199	0
3,26	0,226892802759	-1,74532925199	-0,134670467078
3,27	0,209439510239	-1,745329252	-0,942693268903
3,28	0,191986217719	-1,745329252	-4,57879587709
3,29	0,174532925199	-1,7938106201	-11,8510010937
3,3	0,157079632679	-1,93925472444	-20,3352405132
3,31	0,13962634016	-2,37558703744	-12,2550124948
3,32	0,10471975512	-2,37558703744	12,1203420278
3,33	0,0872664625997	-1,93925472444	19,3925472444
3,34	0,0698131700798	-1,7938106201	7,27220521657
3,35	0,0523598775599	-1,79381062011	-7,27220521671
3,36	0,0349065850398	-1,93925472444	-19,3925472443
3,37	0,0174532925199	-2,37558703744	-12,2550124947
3,38	-0,0174532925199	-2,37558703744	11,3123192259
3,39	-0,0349065850399	-1,93925472444	15,7564446361
3,4	-0,0523598775599	-1,84229198822	6,14101362354E-011
3,41	-0,0698131700798	-1,93925472444	-15,7564446361
3,42	-0,0872664625997	-2,37558703744	-11,3123192259
3,43	-0,12217304764	-2,37558703744	12,3896829617
3,44	-0,13962634016	-1,93925472444	20,3352405132
3,45	-0,157079632679	-1,7938106201	11,8510010937
3,46	-0,174532925199	-1,745329252	4,57879587708
3,47	-0,191986217719	-1,745329252	0,942693268879
3,48	-0,209439510239	-1,74532925199	0,134670467031
3,49	-0,226892802759	-1,74532925199	-5,61427447742E-011
3,5	-0,244346095279	-1,745329252	-5,61427447742E-011
3,51	-0,261799387799	-1,745329252	5,61427447742E-011
3,52	-0,279252680319	-1,74532925199	5,61427447742E-011
3,53	-0,296705972839	-1,74532925199	0,134670466919
3,54	-0,314159265359	-1,745329252	0,942693268773
3,55	-0,331612557879	-1,745329252	4,57879587722
3,56	-0,349065850399	-1,69684788388	11,9856715609
3,57	-0,366519142919	-1,55140377955	21,277933782
3,58	-0,383972435439	-1,11507146655	16,9684788388
3,59	-0,383972435439	-1,06659009844	0,538681867772
3,6	-0,401425727959	-1,35747830711	4,71346634403
3,61	-0,418879020479	-1,01810873033	13,1977057636
3,62	-0,418879020479	-0,921145994108	8,21489848559
3,63	-0,436332312999	-0,872664625996	3,90544354234
3,64	-0,436332312999	-0,872664625996	1,61604560373
3,65	-0,453785605519	-0,872664625996	3,90544354227
3,66	-0,453785605519	-0,824183257885	8,21489848543
3,67	-0,471238898038	-0,727220521664	13,1977057634
3,68	-0,471238898038	-0,387850944888	4,71346634398
3,69	-0,471238898038	-0,678739153556	0,538681867819
3,7	-0,488692190558	-0,630257785446	16,9684788389
3,71	-0,488692190558	-0,193925472445	21,2779337821
3,72	-0,488692190558	-0,0484813681112	11,9856715608
3,73	-0,488692190558	0	4,57879587717
3,74	-0,488692190558	0	0,942693268829
3,75	-0,488692190558	0	0,269340933951
3,76	-0,488692190558	0	0,942693268829
3,77	-0,488692190558	0	4,57879587717
3,78	-0,488692190558	0,0484813681112	11,9856715608
3,79	-0,488692190558	0,193925472445	21,2779337821
3,8	-0,488692190558	0,630257785446	16,9684788389
3,81	-0,471238898038	0,678739153556	0,538681867819
3,82	-0,471238898038	0,387850944888	4,71346634398
3,83	-0,471238898038	0,727220521664	13,3323762304
3,84	-0,453785605519	0,824183257885	9,02292128728
3,85	-0,453785605519	0,872664625996	7,54154615061
3,86	-0,436332312999	0,921145994107	9,02292128738
3,87	-0,436332312999	1,01810873033	13,3323762306
3,88	-0,418879020479	1,35747830711	4,57879587722
3,89	-0,401425727959	1,06659009844	-0,404011401004
3,9	-0,401425727959	1,11507146655	12,3896829615
3,91	-0,383972435439	1,50292241144	9,42693268816
3,92	-0,366519142919	1,50292241144	-8,34956895243
3,93	-0,349065850399	1,11507146655	-7,67621661749
3,94	-0,349065850399	1,11507146655	13,1977057637
3,95	-0,331612557879	1,55140377955	20,4699109802
3,96	-0,314159265359	1,69684788388	11,8510010937
3,97	-0,296705972839	1,74532925199	4,57879587708
3,98	-0,279252680319	1,74532925199	0,942693268878
3,99	-0,261799387799	1,745329252	0,269340934005
4	-0,244346095279	1,745329252	0,942693268766
4,01	-0,226892802759	1,74532925199	4,57879587708
4,02	-0,209439510239	1,7938106201	11,8510010938
4,03	-0,191986217719	1,93925472444	20,3352405132
4,04	-0,174532925199	2,37558703744	12,2550124946
4,05	-0,13962634016	2,37558703743	-12,1203420278
4,06	-0,12217304764	1,93925472444	-19,3925472443
4,07	-0,10471975512	1,79381062011	-7,27220521655
4,08	-0,0872664625997	1,79381062011	7,27220521662
4,09	-0,0698131700798	1,93925472444	19,3925472444
4,1	-0,0523598775599	2,37558703744	12,2550124947
4,11	-0,0174532925199	2,37558703744	-11,312319226
4,12	0	1,93925472444	-15,7564446361
4,13	0,0174532925199	1,84229198822	5,52656685847E-011
4,14	0,0349065850398	1,93925472444	15,7564446361
4,15	0,0523598775599	2,37558703744	11,3123192258
4,16	0,0872664625997	2,37558703743	-12,3896829617
4,17	0,10471975512	1,93925472444	-20,3352405131
4,18	0,12217304764	1,79381062011	-11,7163306267
4,19	0,13962634016	1,745329252	-3,63610260837
4,2	0,157079632679	1,74532925199	3,63610260826
4,21	0,174532925199	1,7938106201	11,7163306269
4,22	0,191986217719	1,93925472444	20,3352405132
4,23	0,209439510239	2,37558703744	12,1203420277
4,24	0,244346095279	2,37558703743	-13,1977057636
4,25	0,261799387799	1,93925472444	-24,9140363903
4,26	0,279252680319	1,745329252	-23,7020021875
4,27	0,296705972839	1,55140377955	-24,9140363904
4,28	0,314159265359	1,11507146655	-13,1977057636
4,29	0,314159265359	1,11507146655	11,9856715607
4,3	0,331612557879	1,55140377955	19,3925472445
4,31	0,349065850399	1,69684788388	7,27220521671
4,32	0,366519142919	1,69684788388	-7,40687568368
4,33	0,383972435439	1,55140377955	-20,3352405133
4,34	0,401425727959	1,11507146655	-16,8338083718
4,35	0,401425727959	1,06659009844	-0,538681867796
4,36	0,418879020479	1,35747830711	-4,71346634404
4,37	0,436332312999	1,01810873033	-13,3323762306
4,38	0,436332312999	0,921145994108	-9,02292128744
4,39	0,453785605519	0,872664625996	-7,54154615066
4,4	0,453785605519	0,824183257885	-9,02292128733
4,41	0,471238898038	0,727220521663	-13,3323762305
4,42	0,471238898038	0,387850944887	-4,57879587714
4,43	0,471238898038	0,678739153552	0,404011400924
4,44	0,488692190558	0,630257785441	-12,3896829617
4,45	0,488692190558	0,242406840554	-9,42693268823
4,46	0,488692190558	0,242406840554	8,34956895243
4,47	0,488692190558	0,630257785441	7,54154615058
4,48	0,506145483078	0,630257785441	-14,1403990323
4,49	0,506145483078	0,193925472444	-25,0487068573
4,5	0,506145483078	0	-23,7020021875
4,51	0,506145483078	-0,193925472444	-25,0487068573
4,52	0,506145483078	-0,630257785441	-14,1403990323
4,53	0,488692190558	-0,630257785441	7,54154615058
4,54	0,488692190558	-0,242406840554	8,34956895243
4,55	0,488692190558	-0,242406840554	-9,42693268823
4,56	0,488692190558	-0,630257785441	-12,3896829617
4,57	0,471238898038	-0,678739153552	0,404011400924
4,58	0,471238898038	-0,387850944887	-4,57879587714
4,59	0,471238898038	-0,727220521663	-13,3323762305
4,6	0,453785605519	-0,824183257885	-9,02292128733
4,61	0,453785605519	-0,872664625996	-7,54154615066
4,62	0,436332312999	-0,921145994108	-9,02292128744
4,63	0,436332312999	-1,01810873033	-13,3323762306
4,64	0,418879020479	-1,35747830711	-4,71346634404
4,65	0,401425727959	-1,06659009844	-0,538681867796
4,66	0,401425727959	-1,11507146655	-16,8338083718
4,67	0,383972435439	-1,55140377955	-20,3352405133
4,68	0,366519142919	-1,69684788388	-7,40687568368
4,69	0,349065850399	-1,69684788388	7,27220521671
4,7	0,331612557879	-1,55140377955	19,3925472445
4,71	0,314159265359	-1,11507146655	12,1203420277
4,72	0,314159265359	-1,11507146655	-12,3896829618
4,73	0,296705972839	-1,55140377955	-21,2779337821
4,74	0,279252680319	-1,69684788388	-16,4297969709
4,75	0,261799387799	-1,7938106201	-16,4297969709
4,76	0,244346095279	-1,93925472444	-21,2779337821
4,77	0,226892802759	-2,37558703744	-12,3896829617
4,78	0,191986217719	-2,37558703744	12,2550124948
4,79	0,174532925199	-1,93925472444	20,2005700463
4,8	0,157079632679	-1,7938106201	10,9083078249
4,81	0,13962634016	-1,745329252	-5,61495294704E-011
4,82	0,12217304764	-1,79381062011	-10,9083078249
4,83	0,10471975512	-1,93925472444	-20,2005700461
4,84	0,0872664625997	-2,37558703743	-12,2550124948
4,85	0,0523598775599	-2,37558703744	12,1203420277
4,86	0,0349065850398	-1,93925472444	19,3925472444
4,87	0,0174532925199	-1,7938106201	7,27220521669
4,88	0	-1,7938106201	-7,27220521669
4,89	-0,0174532925199	-1,93925472444	-19,3925472444
4,9	-0,0349065850399	-2,37558703744	-12,1203420277
4,91	-0,0698131700798	-2,37558703744	12,2550124947
4,92	-0,0872664625997	-1,93925472444	20,3352405132
4,93	-0,10471975512	-1,79381062011	11,7163306269
4,94	-0,12217304764	-1,74532925199	3,63610260843
4,95	-0,13962634016	-1,74532925199	-3,63610260832
4,96	-0,157079632679	-1,7938106201	-11,7163306269
4,97	-0,174532925199	-1,93925472444	-20,3352405133
4,98	-0,191986217719	-2,37558703744	-12,2550124947
4,99	-0,226892802759	-2,37558703744	12,3896829617
5	-0,244346095279	-1,93925472444	21,277933782
5,01	-0,261799387799	-1,79381062011	16,429796971
5,02	-0,279252680319	-1,69684788388	16,429796971
5,03	-0,296705972839	-1,55140377955	21,277933782
5,04	-0,314159265359	-1,11507146655	12,5243534285
5,05	-0,314159265359	-1,11507146655	-11,3123192259
5,06	-0,331612557879	-1,55140377955	-15,756444636
5,07	-0,349065850399	-1,64836651577	0,134670467101
5,08	-0,366519142919	-1,55140377955	16,6991379049
5,09	-0,383972435439	-1,11507146655	16,0257855699
5,1	-0,383972435439	-1,06659009844	0,404011400798
5,11	-0,401425727959	-1,35747830711	4,71346634403
5,12	-0,418879020479	-1,01810873033	13,1977057636
5,13	-0,418879020479	-0,921145994108	8,21489848559
5,14	-0,436332312999	-0,872664625996	3,90544354234
5,15	-0,436332312999	-0,872664625996	1,7507160707
5,16	-0,453785605519	-0,872664625996	4,71346634412
5,17	-0,453785605519	-0,824183257885	11,8510010938
5,18	-0,471238898038	-0,678739153552	20,4699109801
5,19	-0,471238898038	-0,242406840555	13,1977057634
5,2	-0,471238898038	-0,242406840556	-7,54154615071
5,21	-0,471238898038	-0,630257785446	-7,54154615066
5,22	-0,488692190558	-0,630257785446	13,1977057636
5,23	-0,488692190558	-0,193925472445	20,6045814473
5,24	-0,488692190558	-0,0484813681112	12,7936943627
5,25	-0,488692190558	0	9,15759175434
5,26	-0,488692190558	0,0484813681112	12,7936943627
5,27	-0,488692190558	0,193925472445	20,6045814473
5,28	-0,488692190558	0,630257785446	13,1977057636
5,29	-0,471238898038	0,630257785446	-7,54154615066
5,3	-0,471238898038	0,242406840556	-7,54154615071
5,31	-0,471238898038	0,242406840555	13,1977057634
5,32	-0,471238898038	0,678739153552	20,4699109801
5,33	-0,453785605519	0,824183257885	11,8510010938
5,34	-0,453785605519	0,872664625996	4,57879587714
5,35	-0,436332312999	0,872664625996	0,942693268853
5,36	-0,436332312999	0,872664625996	0,269340934027
5,37	-0,418879020479	0,872664625997	0,808022801981
5,38	-0,418879020479	0,872664626	3,77077307537
5,39	-0,401425727959	0,921145994111	8,21489848538
5,4	-0,401425727959	1,01810873033	13,1977057634
5,41	-0,383972435439	1,35747830711	4,71346634404
5,42	-0,366519142919	1,06659009844	0,538681867899
5,43	-0,366519142919	1,11507146655	16,9684788389
5,44	-0,349065850399	1,55140377955	21,2779337821
5,45	-0,331612557879	1,69684788388	11,9856715608
5,46	-0,314159265359	1,745329252	4,57879587709
5,47	-0,296705972839	1,74532925199	0,942693268767
5,48	-0,279252680319	1,74532925199	0,134670467031
5,49	-0,261799387799	1,745329252	5,61427447742E-011
5,5	-0,244346095279	1,745329252	-5,61427447742E-011
5,51	-0,226892802759	1,74532925199	-5,61427447742E-011
5,52	-0,209439510239	1,74532925199	0,134670467031
5,53	-0,191986217719	1,745329252	0,942693268879
5,54	-0,174532925199	1,745329252	4,57879587708
5,55	-0,157079632679	1,7938106201	11,8510010937
5,56	-0,13962634016	1,93925472444	20,3352405132
5,57	-0,12217304764	2,37558703744	12,2550124948
5,58	-0,0872664625997	2,37558703744	-12,1203420278
5,59	-0,0698131700798	1,93925472444	-19,3925472444
5,6	-0,0523598775599	1,7938106201	-7,27220521657
5,61	-0,0349065850399	1,79381062011	7,27220521671
5,62	-0,0174532925199	1,93925472444	19,3925472443
5,63	0	2,37558703744	12,1203420277
5,64	0,0349065850398	2,37558703744	-12,2550124947
5,65	0,0523598775599	1,93925472444	-20,2005700463
5,66	0,0698131700798	1,7938106201	-10,9083078251
5,67	0,0872664625997	1,74532925199	0
5,68	0,10471975512	1,7938106201	10,9083078251
5,69	0,12217304764	1,93925472444	20,2005700463
5,7	0,13962634016	2,37558703744	12,2550124947
5,71	0,174532925199	2,37558703744	-12,2550124947
5,72	0,191986217719	1,93925472444	-20,3352405132
5,73	0,209439510239	1,79381062011	-11,8510010939
5,74	0,226892802759	1,74532925199	-4,57879587725
5,75	0,244346095279	1,74532925199	-0,942693268824
5,76	0,261799387799	1,74532925199	-0,269340933847
5,77	0,279252680319	1,745329252	-0,942693268748
5,78	0,296705972839	1,745329252	-4,57879587721
5,79	0,314159265359	1,69684788388	-11,8510010939
5,8	0,331612557879	1,55140377955	-20,4699109802
5,81	0,349065850399	1,11507146655	-13,1977057634
5,82	0,349065850399	1,11507146655	7,67621661763
5,83	0,366519142919	1,50292241144	8,34956895236
5,84	0,383972435439	1,50292241144	-9,42693268833
5,85	0,401425727959	1,11507146655	-12,3896829617
5,86	0,401425727959	1,06659009844	0,269340934052
5,87	0,418879020479	1,35747830711	-5,38681867891
5,88	0,436332312999	1,01810873033	-16,9684788389
5,89	0,436332312999	0,872664625997	-16,429796971
5,9	0,453785605519	0,727220521664	-16,8338083719
5,91	0,453785605519	0,387850944887	-4,57879587717
5,92	0,453785605519	0,678739153552	3,90544354226
5,93	0,471238898038	0,678739153552	-5,11747774504
5,94	0,471238898038	0,387850944887	-0,942693268823
5,95	0,471238898038	0,678739153552	0,269340933949
5,96	0,488692190558	0,630257785441	-16,8338083718
5,97	0,488692190558	0,193925472444	-21,277933782
5,98	0,488692190558	0,0484813681109	-11,9856715607
5,99	0,488692190558	0	-4,57879587714
6	0,488692190558	0	-1,0773637358
6,01	0,488692190558	0	-1,0773637358
6,02	0,488692190558	0	-4,57879587714
6,03	0,488692190558	-0,0484813681109	-11,9856715607
6,04	0,488692190558	-0,193925472444	-21,277933782
6,05	0,488692190558	-0,630257785441	-16,8338083718
6,06	0,471238898038	-0,678739153552	0,269340933949
6,07	0,471238898038	-0,387850944887	-1,0773637358
6,08	0,471238898038	-0,678739153552	-5,92550054689
6,09	0,453785605519	-0,678739153552	0,26934093392
6,1	0,453785605519	-0,436332312998	-11,8510010938
6,11	0,453785605519	-0,872664625997	-25,3180477914
6,12	0,436332312999	-1,308996939	-8,34956895251
6,13	0,418879020479	-1,01810873033	7,54154615066
6,14	0,418879020479	-0,921145994108	2,55873887265
6,15	0,401425727959	-0,921145994107	-9,02292128726
6,16	0,401425727959	-1,06659009844	-23,2979907867
6,17	0,383972435439	-1,55140377955	-20,3352405133
6,18	0,366519142919	-1,64836651577	-0,942693268903
6,19	0,349065850399	-1,55140377955	15,6217741691
6,2	0,331612557879	-1,11507146655	11,312319226
6,21	0,331612557879	-1,11507146655	-12,3896829617
6,22	0,314159265359	-1,55140377955	-20,3352405133
6,23	0,296705972839	-1,69684788388	-11,8510010938
6,24	0,279252680319	-1,745329252	-4,57879587706
6,25	0,261799387799	-1,74532925199	-1,07736373569
6,26	0,244346095279	-1,74532925199	-1,0773637358
6,27	0,226892802759	-1,74532925199	-4,57879587725
6,28	0,209439510239	-1,79381062011	-11,8510010939
6,29	0,191986217719	-1,93925472444	-20,3352405132
6,3	0,174532925199	-2,37558703744	-12,2550124947
6,31	0,13962634016	-2,37558703744	12,2550124947
6,32	0,12217304764	-1,93925472444	20,2005700463
6,33	0,10471975512	-1,7938106201	10,9083078251
6,34	0,0872664625997	-1,74532925199	0
6,35	0,0698131700798	-1,7938106201	-10,9083078251
6,36	0,0523598775599	-1,93925472444	-20,2005700463
6,37	0,0349065850398	-2,37558703744	-12,2550124947
6,38	0	-2,37558703744	12,2550124947
6,39	-0,0174532925199	-1,93925472444	20,2005700462
6,4	-0,0349065850399	-1,79381062011	10,908307825
6,41	-0,0523598775599	-1,74532925199	6,14119866071E-011
6,42	-0,0698131700798	-1,7938106201	-10,908307825
6,43	-0,0872664625997	-1,93925472444	-20,2005700463
6,44	-0,10471975512	-2,37558703744	-12,2550124946
6,45	-0,13962634016	-2,37558703743	12,2550124948
6,46	-0,157079632679	-1,93925472444	20,3352405131
6,47	-0,174532925199	-1,79381062011	11,8510010937
6,48	-0,191986217719	-1,745329252	4,5787958772
6,49	-0,209439510239	-1,74532925199	0,942693268879
6,5	-0,226892802759	-1,74532925199	0,134670466919
6,51	-0,244346095279	-1,745329252	0,134670466919
6,52	-0,261799387799	-1,745329252	0,942693268879
6,53	-0,279252680319	-1,74532925199	4,5787958772
6,54	-0,296705972839	-1,69684788388	11,8510010937
6,55	-0,314159265359	-1,55140377955	20,4699109801
6,56	-0,331612557879	-1,11507146655	13,1977057636
6,57	-0,331612557879	-1,11507146655	-7,67621661742
6,58	-0,349065850399	-1,50292241144	-8,34956895236
6,59	-0,366519142919	-1,50292241144	9,42693268823
6,6	-0,383972435439	-1,11507146655	12,3896829616
6,61	-0,383972435439	-1,06659009844	-0,404011401056
6,62	-0,401425727959	-1,35747830711	4,57879587706
6,63	-0,418879020479	-1,01810873033	13,3323762306
6,64	-0,418879020479	-0,921145994108	9,02292128744
6,65	-0,436332312999	-0,872664625996	7,54154615066
6,66	-0,436332312999	-0,824183257885	9,02292128733
6,67	-0,453785605519	-0,727220521663	13,3323762305
6,68	-0,453785605519	-0,387850944887	4,71346634411
6,69	-0,453785605519	-0,678739153552	0,538681867899
6,7	-0,471238898038	-0,630257785441	16,9684788388
6,71	-0,471238898038	-0,193925472444	21,277933782
6,72	-0,471238898038	-0,0484813681109	11,9856715607
6,73	-0,471238898038	0	4,57879587714
6,74	-0,471238898038	0	0,942693268823
6,75	-0,471238898038	0	0,134670466975
6,76	-0,471238898038	0	0,134670466975
6,77	-0,471238898038	0	0,942693268823
6,78	-0,471238898038	0	4,57879587714
6,79	-0,471238898038	0,0484813681109	11,9856715607
6,8	-0,471238898038	0,193925472444	21,277933782
6,81	-0,471238898038	0,630257785441	16,9684788388
6,82	-0,453785605519	0,678739153552	0,538681867899
6,83	-0,453785605519	0,387850944887	4,71346634411
6,84	-0,453785605519	0,727220521663	13,1977057635
6,85	-0,436332312999	0,824183257885	8,21489848549
6,86	-0,436332312999	0,872664625996	3,90544354234
6,87	-0,418879020479	0,872664625997	1,7507160708
6,88	-0,418879020479	0,872664626	4,71346634419
6,89	-0,401425727959	0,921145994111	11,8510010937
6,9	-0,401425727959	1,06659009844	20,46991098
6,91	-0,383972435439	1,50292241144	13,1977057634
6,92	-0,366519142919	1,50292241144	-7,54154615058
6,93	-0,349065850399	1,11507146655	-7,54154615051
6,94	-0,349065850399	1,11507146655	13,1977057637
6,95	-0,331612557879	1,55140377955	20,4699109802
6,96	-0,314159265359	1,69684788388	11,8510010937
6,97	-0,296705972839	1,74532925199	4,57879587708
6,98	-0,279252680319	1,74532925199	0,942693268879
6,99	-0,261799387799	1,745329252	0,134670467031
7	-0,244346095279	1,745329252	-5,61427447742E-011
7,01	-0,226892802759	1,74532925199	-5,61427447742E-011
7,02	-0,209439510239	1,74532925199	5,52656685847E-011
7,03	-0,191986217719	1,745329252	5,08796708469E-011
7,04	-0,174532925199	1,745329252	0,134670466895
7,05	-0,157079632679	1,74532925199	0,942693268719
7,06	-0,13962634016	1,74532925199	4,57879587714
7,07	-0,12217304764	1,7938106201	11,8510010939
7,08	-0,10471975512	1,93925472444	20,3352405133
7,09	-0,0872664625997	2,37558703744	12,2550124947
7,1	-0,0523598775599	2,37558703744	-12,2550124947
7,11	-0,0349065850399	1,93925472444	-20,2005700462
7,12	-0,0174532925199	1,79381062011	-10,908307825
7,13	0	1,74532925199	-6,14119866071E-011
7,14	0,0174532925199	1,7938106201	10,908307825
7,15	0,0349065850398	1,93925472444	20,2005700463
7,16	0,0523598775599	2,37558703744	12,2550124946
7,17	0,0872664625997	2,37558703743	-12,2550124948
7,18	0,10471975512	1,93925472444	-20,3352405131
7,19	0,12217304764	1,79381062011	-11,8510010937
7,2	0,13962634016	1,745329252	-4,5787958772
7,21	0,157079632679	1,74532925199	-0,942693268879
7,22	0,174532925199	1,74532925199	-0,134670466919
7,23	0,191986217719	1,745329252	5,08796708469E-011
7,24	0,209439510239	1,745329252	-7,98268858423E-011
7,25	0,226892802759	1,74532925199	-1,03514110863E-010
7,26	0,244346095279	1,74532925199	0
7,27	0,261799387799	1,74532925199	-0,134670466872
7,28	0,279252680319	1,745329252	-0,942693268748
7,29	0,296705972839	1,745329252	-4,57879587721
7,3	0,314159265359	1,69684788388	-11,8510010939
7,31	0,331612557879	1,55140377955	-20,4699109802
7,32	0,349065850399	1,11507146655	-13,1977057634
7,33	0,349065850399	1,11507146655	7,54154615066
7,34	0,366519142919	1,50292241144	7,5415461505
7,35	0,383972435439	1,50292241144	-13,1977057636
7,36	0,401425727959	1,06659009844	-20,4699109802
7,37	0,401425727959	0,921145994107	-11,8510010937
7,38	0,418879020479	0,872664625997	-4,57879587701
7,39	0,418879020479	0,872664626	-0,942693268744
7,4	0,436332312999	0,872664626	-0,269340934029
7,41	0,436332312999	0,872664625997	-0,942693268955
7,42	0,453785605519	0,872664625996	-4,57879587722
7,43	0,453785605519	0,824183257885	-11,8510010938
7,44	0,471238898038	0,678739153552	-20,4699109802
7,45	0,471238898038	0,242406840554	-13,1977057635
7,46	0,471238898038	0,242406840554	7,54154615058
7,47	0,471238898038	0,630257785441	7,54154615058
7,48	0,488692190558	0,630257785441	-13,3323762305
7,49	0,488692190558	0,193925472444	-21,412604249
7,5	0,488692190558	0,0484813681109	-16,4297969709
7,51	0,488692190558	-0,0484813681109	-16,4297969709
7,52	0,488692190558	-0,193925472444	-21,412604249
7,53	0,488692190558	-0,630257785441	-13,3323762305
7,54	0,471238898038	-0,630257785441	7,67621661756
7,55	0,471238898038	-0,242406840554	8,34956895243
7,56	0,471238898038	-0,242406840554	-9,42693268823
7,57	0,471238898038	-0,630257785441	-12,3896829617
7,58	0,453785605519	-0,678739153552	0,404011400918
7,59	0,453785605519	-0,387850944887	-4,57879587717
7,6	0,453785605519	-0,727220521664	-13,3323762306
7,61	0,436332312999	-0,824183257886	-9,02292128744
7,62	0,436332312999	-0,872664626	-7,54154615066
7,63	0,418879020479	-0,921145994111	-9,02292128722
7,64	0,418879020479	-1,01810873033	-13,3323762304
7,65	0,401425727959	-1,35747830711	-4,57879587709
7,66	0,383972435439	-1,06659009844	0,404011400877
7,67	0,383972435439	-1,11507146655	-12,3896829618
7,68	0,366519142919	-1,50292241144	-9,42693268831
7,69	0,349065850399	-1,50292241144	8,3495689525
7,7	0,331612557879	-1,11507146655	7,67621661766
7,71	0,331612557879	-1,11507146655	-13,1977057635
7,72	0,314159265359	-1,55140377955	-20,4699109803
7,73	0,296705972839	-1,69684788388	-11,8510010938
7,74	0,279252680319	-1,745329252	-4,57879587706
7,75	0,261799387799	-1,74532925199	-0,94269326872
7,76	0,244346095279	-1,74532925199	-0,134670466975
7,77	0,226892802759	-1,74532925199	-0,134670467078
7,78	0,209439510239	-1,745329252	-0,942693268903
7,79	0,191986217719	-1,745329252	-4,57879587709
7,8	0,174532925199	-1,7938106201	-11,8510010937
7,81	0,157079632679	-1,93925472444	-20,3352405132
7,82	0,13962634016	-2,37558703744	-12,2550124948
7,83	0,10471975512	-2,37558703744	12,2550124948
7,84	0,0872664625997	-1,93925472444	20,3352405132
7,85	0,0698131700798	-1,7938106201	11,7163306267
7,86	0,0523598775599	-1,745329252	3,63610260826
7,87	0,0349065850398	-1,745329252	-3,63610260826
7,88	0,0174532925199	-1,7938106201	-11,7163306267
7,89	0	-1,93925472444	-20,3352405132
7,9	-0,0174532925199	-2,37558703744	-12,2550124948
7,91	-0,0523598775599	-2,37558703744	12,2550124947
7,92	-0,0698131700798	-1,93925472444	20,3352405132
7,93	-0,0872664625997	-1,79381062011	11,8510010938
7,94	-0,10471975512	-1,745329252	4,57879587724
7,95	-0,12217304764	-1,74532925199	0,942693268932
7,96	-0,13962634016	-1,74532925199	0,134670466976
7,97	-0,157079632679	-1,74532925199	-1,03514110863E-010
7,98	-0,174532925199	-1,745329252	-7,98268858423E-011
7,99	-0,191986217719	-1,745329252	5,08796708469E-011
8	-0,209439510239	-1,74532925199	5,52656685847E-011
8,01	-0,226892802759	-1,74532925199	-5,61427447742E-011
8,02	-0,244346095279	-1,745329252	-5,61427447742E-011
8,03	-0,261799387799	-1,745329252	0,134670467031
8,04	-0,279252680319	-1,74532925199	0,942693268879
8,05	-0,296705972839	-1,74532925199	4,57879587708
8,06	-0,314159265359	-1,69684788388	11,9856715607
8,07	-0,331612557879	-1,55140377955	21,2779337821
8,08	-0,349065850399	-1,11507146655	16,833808372
8,09	-0,349065850399	-1,06659009844	-0,269340933878
8,1	-0,366519142919	-1,3574783071	0,942693268823
8,11	-0,383972435439	-1,06659009844	5,11747774497
8,12	-0,383972435439	-1,06659009844	-3,9054435424
8,13	-0,401425727959	-1,35747830711	4,57879587706
8,14	-0,418879020479	-1,01810873033	16,8338083719
8,15	-0,418879020479	-0,872664625997	16,429796971
8,16	-0,436332312999	-0,727220521664	16,9684788389
8,17	-0,436332312999	-0,387850944887	5,38681867902
8,18	-0,436332312999	-0,678739153552	-0,269340933943
8,19	-0,453785605519	-0,630257785441	12,3896829617
8,2	-0,453785605519	-0,242406840554	9,42693268823
8,21	-0,453785605519	-0,242406840554	-8,34956895243
8,22	-0,453785605519	-0,630257785441	-7,67621661756
8,23	-0,471238898038	-0,630257785441	13,1977057635
8,24	-0,471238898038	-0,193925472444	20,6045814471
8,25	-0,471238898038	-0,0484813681109	12,7936943626
8,26	-0,471238898038	0	9,15759175428
8,27	-0,471238898038	0,0484813681109	12,7936943626
8,28	-0,471238898038	0,193925472444	20,6045814471
8,29	-0,471238898038	0,630257785441	13,1977057635
8,3	-0,453785605519	0,630257785441	-7,54154615058
8,31	-0,453785605519	0,242406840554	-7,54154615058
8,32	-0,453785605519	0,242406840554	13,1977057635
8,33	-0,453785605519	0,678739153552	20,4699109802
8,34	-0,436332312999	0,824183257885	11,8510010938
8,35	-0,436332312999	0,872664625996	4,57879587722
8,36	-0,418879020479	0,872664625997	0,942693268955
8,37	-0,418879020479	0,872664626	0,269340934029
8,38	-0,401425727959	0,872664626	0,808022801768
8,39	-0,401425727959	0,872664625997	3,77077307516
8,4	-0,383972435439	0,921145994107	8,21489848538
8,41	-0,383972435439	1,01810873033	13,1977057635
8,42	-0,366519142919	1,3574783071	4,71346634414
8,43	-0,349065850399	1,06659009844	0,538681867975
8,44	-0,349065850399	1,11507146655	16,9684788389
8,45	-0,331612557879	1,55140377955	21,2779337821
8,46	-0,314159265359	1,69684788388	11,9856715607
8,47	-0,296705972839	1,74532925199	4,57879587708
8,48	-0,279252680319	1,74532925199	0,942693268879
8,49	-0,261799387799	1,745329252	0,134670467031
8,5	-0,244346095279	1,745329252	-5,61427447742E-011
8,51	-0,226892802759	1,74532925199	-5,61427447742E-011
8,52	-0,209439510239	1,74532925199	5,52656685847E-011
8,53	-0,191986217719	1,745329252	5,08796708469E-011
8,54	-0,174532925199	1,745329252	-7,98268858423E-011
8,55	-0,157079632679	1,74532925199	-1,03514110863E-010
8,56	-0,13962634016	1,74532925199	0,134670466976
8,57	-0,12217304764	1,74532925199	0,942693268932
8,58	-0,10471975512	1,745329252	4,57879587724
8,59	-0,0872664625997	1,79381062011	11,8510010938
8,6	-0,0698131700798	1,93925472444	20,3352405132
8,61	-0,0523598775599	2,37558703744	12,2550124947
8,62	-0,0174532925199	2,37558703744	-12,2550124948
8,63	0	1,93925472444	-20,3352405132
8,64	0,0174532925199	1,7938106201	-11,8510010937
8,65	0,0349065850398	1,745329252	-4,44412541011
8,66	0,0523598775599	1,745329252	-7,98250354706E-011
8,67	0,0698131700798	1,74532925199	4,44412541006
8,68	0,0872664625997	1,7938106201	11,8510010938
8,69	0,10471975512	1,93925472444	20,3352405133
8,7	0,12217304764	2,37558703744	12,2550124948
8,71	0,157079632679	2,37558703744	-12,2550124947
8,72	0,174532925199	1,93925472444	-20,3352405132
8,73	0,191986217719	1,79381062011	-11,8510010938
8,74	0,209439510239	1,745329252	-4,71346634422
8,75	0,226892802759	1,74532925199	-1,88538653775
8,76	0,244346095279	1,74532925199	-4,71346634411
8,77	0,261799387799	1,69684788388	-11,8510010937
8,78	0,279252680319	1,55140377955	-20,3352405131
8,79	0,296705972839	1,11507146655	-12,3896829617
8,8	0,296705972839	1,11507146655	11,3123192258
8,81	0,314159265359	1,55140377955	15,756444636
8,82	0,331612557879	1,64836651577	-0,134670466872
8,83	0,349065850399	1,55140377955	-16,6991379048
8,84	0,366519142919	1,11507146655	-16,0257855701
8,85	0,366519142919	1,06659009844	-0,404011401056
8,86	0,383972435439	1,35747830711	-4,71346634418
8,87	0,401425727959	1,01810873033	-13,1977057635
8,88	0,401425727959	0,921145994107	-8,21489848538
8,89	0,418879020479	0,872664625997	-3,90544354213
8,9	0,418879020479	0,872664626	-1,61604560362
8,91	0,436332312999	0,872664626	-3,90544354235
8,92	0,436332312999	0,824183257886	-8,21489848559
8,93	0,453785605519	0,727220521664	-13,1977057636
8,94	0,453785605519	0,387850944887	-4,71346634414
8,95	0,453785605519	0,678739153552	-0,538681867905
8,96	0,471238898038	0,630257785441	-16,9684788388
8,97	0,471238898038	0,193925472444	-21,277933782
8,98	0,471238898038	0,0484813681109	-11,9856715607
8,99	0,471238898038	0	-4,57879587714
9	0,471238898038	0	-0,942693268823
9,01	0,471238898038	0	-0,269340933949
9,02	0,471238898038	0	-0,942693268823
9,03	0,471238898038	0	-4,57879587714
9,04	0,471238898038	-0,0484813681109	-11,9856715607
9,05	0,471238898038	-0,193925472444	-21,277933782
9,06	0,471238898038	-0,630257785441	-16,8338083718
9,07	0,453785605519	-0,678739153552	0,269340933948
9,08	0,453785605519	-0,387850944887	-1,0773637358
9,09	0,453785605519	-0,678739153552	-5,92550054692
9,1	0,436332312999	-0,678739153553	0,269340933872
9,11	0,436332312999	-0,436332312999	-11,8510010939
9,12	0,436332312999	-0,872664626	-25,3180477913
9,13	0,418879020479	-1,308996939	-8,34956895235
9,14	0,401425727959	-1,01810873033	7,54154615071
9,15	0,401425727959	-0,921145994107	2,55873887257
9,16	0,383972435439	-0,921145994107	-9,02292128735
9,17	0,383972435439	-1,06659009844	-23,2979907867
9,18	0,366519142919	-1,55140377955	-20,3352405133
9,19	0,349065850399	-1,64836651577	-0,942693268749
9,2	0,331612557879	-1,55140377955	15,6217741692
9,21	0,314159265359	-1,11507146655	11,3123192259
9,22	0,314159265359	-1,11507146655	-12,3896829618
9,23	0,296705972839	-1,55140377955	-20,3352405133
9,24	0,279252680319	-1,69684788388	-11,8510010937
9,25	0,261799387799	-1,74532925199	-4,57879587704
9,26	0,244346095279	-1,74532925199	-0,942693268823
9,27	0,226892802759	-1,74532925199	-0,134670467078
9,28	0,209439510239	-1,745329252	-7,98268858423E-011
9,29	0,191986217719	-1,745329252	-0,134670466924
9,3	0,174532925199	-1,74532925199	-0,942693268767
9,31	0,157079632679	-1,74532925199	-4,5787958772
9,32	0,13962634016	-1,79381062011	-11,8510010938
9,33	0,12217304764	-1,93925472444	-20,3352405131
9,34	0,10471975512	-2,37558703743	-12,2550124946
9,35	0,0698131700798	-2,37558703743	12,2550124946
9,36	0,0523598775599	-1,93925472444	20,3352405131
9,37	0,0349065850398	-1,79381062011	11,8510010938
9,38	0,0174532925199	-1,74532925199	4,44412541022
9,39	0	-1,74532925199	-6,14039683297E-011
9,4	-0,0174532925199	-1,745329252	-4,44412541024
9,41	-0,0349065850399	-1,79381062011	-11,8510010938
9,42	-0,0523598775599	-1,93925472444	-20,3352405132
9,43	-0,0698131700798	-2,37558703744	-12,2550124947
9,44	-0,10471975512	-2,37558703744	12,2550124948
9,45	-0,12217304764	-1,93925472444	20,3352405133
9,46	-0,13962634016	-1,7938106201	11,8510010938
9,47	-0,157079632679	-1,74532925199	4,57879587704
9,48	-0,174532925199	-1,745329252	0,942693268743
9,49	-0,191986217719	-1,745329252	0,134670467026
9,5	-0,209439510239	-1,74532925199	5,52656685847E-011
9,51	-0,226892802759	-1,74532925199	0,134670466919
9,52	-0,244346095279	-1,745329252	0,942693268772
9,53	-0,261799387799	-1,745329252	4,57879587722
9,54	-0,279252680319	-1,69684788388	11,8510010939
9,55	-0,296705972839	-1,55140377955	20,4699109802
9,56	-0,314159265359	-1,11507146655	13,1977057634
9,57	-0,314159265359	-1,11507146655	-7,54154615066
9,58	-0,331612557879	-1,50292241144	-7,5415461505
9,59	-0,349065850399	-1,50292241144	13,0630352967
9,6	-0,366519142919	-1,06659009844	19,6618881784
9,61	-0,366519142919	-0,921145994107	8,21489848546
9,62	-0,383972435439	-0,921145994107	-2,69340933956
9,63	-0,383972435439	-1,01810873033	-7,54154615071
9,64	-0,401425727959	-1,308996939	8,34956895235
9,65	-0,418879020479	-0,872664626	25,3180477913
9,66	-0,418879020479	-0,436332312999	11,8510010939
9,67	-0,418879020479	-0,678739153553	-0,269340933872
9,68	-0,436332312999	-0,678739153552	5,92550054692
9,69	-0,436332312999	-0,387850944887	1,0773637358
9,7	-0,436332312999	-0,678739153552	-0,269340933948
9,71	-0,453785605519	-0,630257785441	16,8338083718
9,72	-0,453785605519	-0,193925472444	21,277933782
9,73	-0,453785605519	-0,0484813681109	11,9856715607
9,74	-0,453785605519	0	4,57879587714
9,75	-0,453785605519	0	0,942693268823
9,76	-0,453785605519	0	0,134670466975
9,77	-0,453785605519	0	0,134670466975
9,78	-0,453785605519	0	0,942693268823
9,79	-0,453785605519	0	4,57879587714
9,8	-0,453785605519	0,0484813681109	11,9856715607
9,81	-0,453785605519	0,193925472444	21,277933782
9,82	-0,453785605519	0,630257785441	16,9684788388
9,83	-0,436332312999	0,678739153552	0,538681867905
9,84	-0,436332312999	0,387850944887	4,71346634414
9,85	-0,436332312999	0,727220521664	13,1977057636
9,86	-0,418879020479	0,824183257886	8,21489848559
9,87	-0,418879020479	0,872664626	3,90544354235
9,88	-0,401425727959	0,872664626	1,75071607059
9,89	-0,401425727959	0,872664625997	4,71346634398
9,9	-0,383972435439	0,921145994107	11,8510010937
9,91	-0,383972435439	1,06659009844	20,4699109801
9,92	-0,366519142919	1,50292241144	13,1977057635
9,93	-0,349065850399	1,50292241144	-7,54154615051
9,94	-0,331612557879	1,11507146655	-7,54154615045
9,95	-0,331612557879	1,11507146655	13,1977057636
9,96	-0,314159265359	1,55140377955	20,4699109801
9,97	-0,296705972839	1,69684788388	11,8510010937
9,98	-0,279252680319	1,74532925199	4,5787958772
9,99	-0,261799387799	1,745329252	0,942693268879
10	-0,244346095279	1,745329252	0,134670466919
10,01	-0,226892802759	1,74532925199	-5,61427447742E-011
10,02	-0,209439510239	1,74532925199	5,52656685847E-011
10,03	-0,191986217719	1,745329252	5,08796708469E-011
10,04	-0,174532925199	1,745329252	-7,98268858423E-011
10,05	-0,157079632679	1,74532925199	-1,03514110863E-010
10,06	-0,13962634016	1,74532925199	0
10,07	-0,12217304764	1,74532925199	1,03514110863E-010
10,08	-0,10471975512	1,745329252	0,134670467055
10,09	-0,0872664625997	1,745329252	0,942693268772
10,1	-0,0698131700798	1,74532925199	4,57879587708
10,11	-0,0523598775599	1,7938106201	11,8510010938
10,12	-0,0349065850399	1,93925472444	20,3352405133
10,13	-0,0174532925199	2,37558703744	12,2550124947
10,14	0,0174532925199	2,37558703744	-12,2550124947
10,15	0,0349065850398	1,93925472444	-20,3352405132
10,16	0,0523598775599	1,79381062011	-11,8510010939
10,17	0,0698131700798	1,74532925199	-4,57879587725
10,18	0,0872664625997	1,74532925199	-0,942693268824
10,19	0,10471975512	1,74532925199	-0,134670466871
10,2	0,12217304764	1,745329252	7,98268858423E-011
10,21	0,13962634016	1,745329252	-5,08796708469E-011
10,22	0,157079632679	1,74532925199	-5,52656685847E-011
10,23	0,174532925199	1,74532925199	5,52656685847E-011
10,24	0,191986217719	1,745329252	5,08796708469E-011
10,25	0,209439510239	1,745329252	-7,98268858423E-011
10,26	0,226892802759	1,74532925199	-1,03514110863E-010
10,27	0,244346095279	1,74532925199	-0,134670466975
10,28	0,261799387799	1,74532925199	-0,94269326872
10,29	0,279252680319	1,745329252	-4,57879587706
10,3	0,296705972839	1,69684788388	-11,8510010938
10,31	0,314159265359	1,55140377955	-20,4699109803
10,32	0,331612557879	1,11507146655	-13,1977057635
10,33	0,331612557879	1,11507146655	7,54154615068
10,34	0,349065850399	1,50292241144	7,54154615066
10,35	0,366519142919	1,50292241144	-13,1977057636
10,36	0,383972435439	1,06659009844	-20,4699109803
10,37	0,383972435439	0,921145994107	-11,8510010938
10,38	0,401425727959	0,872664625996	-4,57879587714
10,39	0,401425727959	0,872664625996	-0,942693268752
10,4	0,418879020479	0,872664625997	-0,269340933818
10,41	0,418879020479	0,872664626	-0,942693268743
10,42	0,436332312999	0,872664626	-4,57879587722
10,43	0,436332312999	0,824183257886	-11,8510010939
10,44	0,453785605519	0,678739153553	-20,4699109802
10,45	0,453785605519	0,242406840554	-13,1977057635
10,46	0,453785605519	0,242406840554	7,54154615058
10,47	0,453785605519	0,630257785441	7,54154615058
10,48	0,471238898038	0,630257785441	-13,1977057635
10,49	0,471238898038	0,193925472444	-20,6045814471
10,5	0,471238898038	0,0484813681109	-12,7936943626
10,51	0,471238898038	0	-9,15759175428
10,52	0,471238898038	-0,0484813681109	-12,7936943626
10,53	0,471238898038	-0,193925472444	-20,6045814471
10,54	0,471238898038	-0,630257785441	-13,1977057635
10,55	0,453785605519	-0,630257785441	7,67621661756
10,56	0,453785605519	-0,242406840554	8,34956895243
10,57	0,453785605519	-0,242406840554	-9,42693268823
10,58	0,453785605519	-0,630257785441	-12,3896829617
10,59	0,436332312999	-0,678739153553	0,404011400847
10,6	0,436332312999	-0,387850944888	-4,57879587727
10,61	0,436332312999	-0,727220521667	-13,3323762306
10,62	0,418879020479	-0,824183257889	-9,02292128722
10,63	0,418879020479	-0,872664625997	-7,54154615045
10,64	0,401425727959	-0,921145994107	-9,02292128723
10,65	0,401425727959	-1,01810873033	-13,3323762305
10,66	0,383972435439	-1,35747830711	-4,57879587721
10,67	0,366519142919	-1,06659009844	0,404011400792
10,68	0,366519142919	-1,11507146655	-12,3896829618
10,69	0,349065850399	-1,50292241144	-9,42693268815
10,7	0,331612557879	-1,50292241144	8,34956895253
10,71	0,314159265359	-1,11507146655	7,67621661756
10,72	0,314159265359	-1,11507146655	-13,1977057636
10,73	0,296705972839	-1,55140377955	-20,4699109802
10,74	0,279252680319	-1,69684788388	-11,8510010937
10,75	0,261799387799	-1,74532925199	-4,57879587704
10,76	0,244346095279	-1,74532925199	-0,942693268823
10,77	0,226892802759	-1,74532925199	-0,134670467078
10,78	0,209439510239	-1,745329252	-7,98268858423E-011
10,79	0,191986217719	-1,745329252	5,08796708469E-011
10,8	0,174532925199	-1,74532925199	5,52656685847E-011
10,81	0,157079632679	-1,74532925199	-0,134670467031
10,82	0,13962634016	-1,745329252	-0,942693268879
10,83	0,12217304764	-1,745329252	-4,57879587708
10,84	0,10471975512	-1,7938106201	-11,8510010937
10,85	0,0872664625997	-1,93925472444	-20,3352405132
10,86	0,0698131700798	-2,37558703744	-12,2550124948
10,87	0,0349065850398	-2,37558703744	12,2550124948
10,88	0,0174532925199	-1,93925472444	20,3352405132
10,89	0	-1,7938106201	11,8510010937
10,9	-0,0174532925199	-1,745329252	4,57879587708
10,91	-0,0349065850399	-1,745329252	0,942693268879
10,92	-0,0523598775599	-1,74532925199	0,134670467031
10,93	-0,0698131700798	-1,74532925199	-5,52656685847E-011
10,94	-0,0872664625997	-1,745329252	-5,08796708469E-011
10,95	-0,10471975512	-1,745329252	7,98268858423E-011
10,96	-0,12217304764	-1,74532925199	1,03514110863E-010
10,97	-0,13962634016	-1,74532925199	0
10,98	-0,157079632679	-1,74532925199	-1,03514110863E-010
10,99	-0,174532925199	-1,745329252	-7,98268858423E-011
11	-0,191986217719	-1,745329252	5,08796708469E-011
11,01	-0,209439510239	-1,74532925199	5,52656685847E-011
11,02	-0,226892802759	-1,74532925199	-5,61427447742E-011
11,03	-0,244346095279	-1,745329252	0,134670466919
11,04	-0,261799387799	-1,745329252	0,942693268879
11,05	-0,279252680319	-1,74532925199	4,5787958772
11,06	-0,296705972839	-1,69684788388	11,9856715607
11,07	-0,314159265359	-1,55140377955	21,2779337819
11,08	-0,331612557879	-1,11507146655	16,8338083719
11,09	-0,331612557879	-1,06659009844	-0,269340933816
11,1	-0,349065850399	-1,35747830711	0,942693268899
11,11	-0,366519142919	-1,06659009844	5,11747774506
11,12	-0,366519142919	-1,06659009844	-3,90544354229
11,13	-0,383972435439	-1,35747830711	4,57879587706
11,14	-0,401425727959	-1,01810873033	16,8338083717
11,15	-0,401425727959	-0,872664626	16,4297969708
11,16	-0,418879020479	-0,727220521667	16,9684788389
11,17	-0,418879020479	-0,387850944888	5,38681867912
11,18	-0,418879020479	-0,678739153553	-0,269340933872
11,19	-0,436332312999	-0,630257785441	12,3896829617
11,2	-0,436332312999	-0,242406840554	9,42693268823
11,21	-0,436332312999	-0,242406840554	-8,34956895243
11,22	-0,436332312999	-0,630257785441	-7,67621661756
11,23	-0,453785605519	-0,630257785441	13,1977057635
11,24	-0,453785605519	-0,193925472444	20,4699109802
11,25	-0,453785605519	-0,0484813681109	11,9856715607
11,26	-0,453785605519	0	5,52148914596
11,27	-0,453785605519	0	5,52148914596
11,28	-0,453785605519	0,0484813681109	11,9856715607
11,29	-0,453785605519	0,193925472444	20,4699109802
11,3	-0,453785605519	0,630257785441	13,1977057635
11,31	-0,436332312999	0,630257785441	-7,54154615058
11,32	-0,436332312999	0,242406840554	-7,54154615058
11,33	-0,436332312999	0,242406840554	13,1977057635
11,34	-0,436332312999	0,678739153553	20,4699109802
11,35	-0,418879020479	0,824183257886	11,8510010939
11,36	-0,418879020479	0,872664626	4,57879587722
11,37	-0,401425727959	0,872664626	0,942693268743
11,38	-0,401425727959	0,872664625997	0,269340933817
11,39	-0,383972435439	0,872664625996	0,942693268746
11,4	-0,383972435439	0,872664625996	4,57879587712
11,41	-0,366519142919	0,921145994107	11,8510010938
11,42	-0,366519142919	1,06659009844	20,4699109802
11,43	-0,349065850399	1,50292241144	13,1977057637
11,44	-0,331612557879	1,50292241144	-7,5415461505
11,45	-0,314159265359	1,11507146655	-7,54154615066
11,46	-0,314159265359	1,11507146655	13,1977057634
11,47	-0,296705972839	1,55140377955	20,4699109802
11,48	-0,279252680319	1,69684788388	11,8510010939
11,49	-0,261799387799	1,745329252	4,57879587722
11,5	-0,244346095279	1,745329252	0,942693268772
11,51	-0,226892802759	1,74532925199	0,134670466919
11,52	-0,209439510239	1,74532925199	5,52656685847E-011
11,53	-0,191986217719	1,745329252	5,08796708469E-011
11,54	-0,174532925199	1,745329252	-7,98268858423E-011
11,55	-0,157079632679	1,74532925199	-1,03514110863E-010
11,56	-0,13962634016	1,74532925199	0
11,57	-0,12217304764	1,74532925199	1,03514110863E-010
11,58	-0,10471975512	1,745329252	7,98268858423E-011
11,59	-0,0872664625997	1,745329252	-5,08796708469E-011
11,6	-0,0698131700798	1,74532925199	0,13467046692
11,61	-0,0523598775599	1,74532925199	0,942693268884
11,62	-0,0349065850399	1,745329252	4,57879587722
11,63	-0,0174532925199	1,79381062011	11,8510010938
11,64	0	1,93925472444	20,3352405132
11,65	0,0174532925199	2,37558703744	12,2550124947
11,66	0,0523598775599	2,37558703744	-12,2550124948
11,67	0,0698131700798	1,93925472444	-20,3352405133
11,68	0,0872664625997	1,7938106201	-11,8510010938
11,69	0,10471975512	1,74532925199	-4,57879587704
11,7	0,12217304764	1,745329252	-0,942693268743
11,71	0,13962634016	1,745329252	-0,134670467026
11,72	0,157079632679	1,74532925199	-5,52656685847E-011
11,73	0,174532925199	1,74532925199	5,52656685847E-011
11,74	0,191986217719	1,745329252	5,08796708469E-011
11,75	0,209439510239	1,745329252	-0,134670467055
11,76	0,226892802759	1,74532925199	-0,942693268926
11,77	0,244346095279	1,74532925199	-4,57879587714
11,78	0,261799387799	1,69684788388	-11,8510010937
11,79	0,279252680319	1,55140377955	-20,4699109801
11,8	0,296705972839	1,11507146655	-13,1977057636
11,81	0,296705972839	1,11507146655	7,67621661743
11,82	0,314159265359	1,50292241144	8,34956895238
11,83	0,331612557879	1,50292241144	-9,42693268818
11,84	0,349065850399	1,11507146655	-12,3896829615
11,85	0,349065850399	1,06659009844	0,404011401003
11,86	0,366519142919	1,35747830711	-4,57879587722
11,87	0,383972435439	1,01810873033	-13,1977057636
11,88	0,383972435439	0,921145994107	-8,21489848553
11,89	0,401425727959	0,872664625996	-3,90544354227
11,9	0,401425727959	0,872664625996	-1,61604560363
11,91	0,418879020479	0,872664625997	-3,90544354213
11,92	0,418879020479	0,824183257889	-8,21489848538
11,93	0,436332312999	0,727220521667	-13,1977057636
11,94	0,436332312999	0,387850944888	-4,71346634425
11,95	0,436332312999	0,678739153553	-0,538681867976
11,96	0,453785605519	0,630257785441	-16,9684788388
11,97	0,453785605519	0,193925472444	-21,277933782
11,98	0,453785605519	0,0484813681109	-11,9856715607
11,99	0,453785605519	0	-4,57879587714
12	0,453785605519	0	-0,942693268823
12,01	0,453785605519	0	-0,134670466975
12,02	0,453785605519	0	-0,134670466975
12,03	0,453785605519	0	-0,942693268823
12,04	0,453785605519	0	-4,57879587714
12,05	0,453785605519	-0,0484813681109	-11,9856715607
12,06	0,453785605519	-0,193925472444	-21,277933782
12,07	0,453785605519	-0,630257785441	-16,9684788388
12,08	0,436332312999	-0,678739153553	-0,538681867976
12,09	0,436332312999	-0,387850944888	-4,71346634425
12,1	0,436332312999	-0,727220521667	-13,1977057636
12,11	0,418879020479	-0,824183257889	-8,21489848538
12,12	0,418879020479	-0,872664625997	-3,90544354213
12,13	0,401425727959	-0,872664625996	-1,61604560363
12,14	0,401425727959	-0,872664625996	-3,90544354227
12,15	0,383972435439	-0,921145994107	-8,21489848553
12,16	0,383972435439	-1,01810873033	-13,1977057636
12,17	0,366519142919	-1,35747830711	-4,71346634419
12,18	0,349065850399	-1,06659009844	-0,40401140085
12,19	0,349065850399	-1,11507146655	-16,0257855699
12,2	0,331612557879	-1,55140377955	-16,6991379049
12,21	0,314159265359	-1,64836651577	-0,134670467077
12,22	0,296705972839	-1,55140377955	15,756444636
12,23	0,279252680319	-1,11507146655	11,312319226
12,24	0,279252680319	-1,11507146655	-12,3896829615
12,25	0,261799387799	-1,55140377955	-20,3352405131
12,26	0,244346095279	-1,69684788388	-11,8510010938
12,27	0,226892802759	-1,74532925199	-4,57879587727
12,28	0,209439510239	-1,745329252	-0,942693268908
12,29	0,191986217719	-1,745329252	-0,134670466925
12,3	0,174532925199	-1,74532925199	5,52656685847E-011
12,31	0,157079632679	-1,74532925199	-5,52656685847E-011
12,32	0,13962634016	-1,745329252	-0,134670467026
12,33	0,12217304764	-1,745329252	-0,942693268743
12,34	0,10471975512	-1,74532925199	-4,57879587704
12,35	0,0872664625997	-1,7938106201	-11,8510010938
12,36	0,0698131700798	-1,93925472444	-20,3352405133
12,37	0,0523598775599	-2,37558703744	-12,2550124948
12,38	0,0174532925199	-2,37558703744	12,2550124947
12,39	0	-1,93925472444	20,3352405132
12,4	-0,0174532925199	-1,79381062011	11,8510010938
12,41	-0,0349065850399	-1,745329252	4,57879587722
12,42	-0,0523598775599	-1,74532925199	0,942693268884
12,43	-0,0698131700798	-1,74532925199	0,13467046692
12,44	-0,0872664625997	-1,745329252	-5,08796708469E-011
12,45	-0,10471975512	-1,745329252	7,98268858423E-011
12,46	-0,12217304764	-1,74532925199	1,03514110863E-010
12,47	-0,13962634016	-1,74532925199	0
12,48	-0,157079632679	-1,74532925199	-1,03514110863E-010
12,49	-0,174532925199	-1,745329252	-7,98268858423E-011
12,5	-0,191986217719	-1,745329252	5,08796708469E-011
12,51	-0,209439510239	-1,74532925199	0,13467046703
12,52	-0,226892802759	-1,74532925199	0,942693268767
12,53	-0,244346095279	-1,745329252	4,57879587709
12,54	-0,261799387799	-1,69684788388	11,8510010939
12,55	-0,279252680319	-1,55140377955	20,4699109803
12,56	-0,296705972839	-1,11507146655	13,1977057635
12,57	-0,296705972839	-1,11507146655	-7,67621661766
12,58	-0,314159265359	-1,50292241144	-8,3495689525
12,59	-0,331612557879	-1,50292241144	9,42693268831
12,6	-0,349065850399	-1,11507146655	12,3896829618
12,61	-0,349065850399	-1,06659009844	-0,269340933872
12,62	-0,366519142919	-1,3574783071	5,38681867902
12,63	-0,383972435439	-1,01810873033	16,9684788388
12,64	-0,383972435439	-0,872664625996	16,2951265039
12,65	-0,401425727959	-0,727220521664	16,0257855699
12,66	-0,401425727959	-0,387850944888	0,94269326869
12,67	-0,401425727959	-0,727220521667	-11,177648759
12,68	-0,418879020479	-0,824183257889	-3,36676167429
12,69	-0,418879020479	-0,824183257886	9,02292128744
12,7	-0,436332312999	-0,678739153553	24,2406840555
12,71	-0,436332312999	-0,193925472444	24,9140363903
12,72	-0,436332312999	-0,0484813681109	12,7936943626
12,73	-0,436332312999	0	4,71346634411
12,74	-0,436332312999	0	0,942693268823
12,75	-0,436332312999	0	0,134670466975
12,76	-0,436332312999	0	0
12,77	-0,436332312999	0	0
12,78	-0,436332312999	0	0,134670466975
12,79	-0,436332312999	0	0,942693268823
12,8	-0,436332312999	0	4,71346634411
12,81	-0,436332312999	0,0484813681109	12,7936943626
12,82	-0,436332312999	0,193925472444	24,9140363903
12,83	-0,436332312999	0,678739153553	24,2406840555
12,84	-0,418879020479	0,824183257886	9,02292128744
12,85	-0,418879020479	0,824183257889	-3,36676167429
12,86	-0,401425727959	0,727220521667	-11,177648759
12,87	-0,401425727959	0,387850944888	0,94269326869
12,88	-0,401425727959	0,727220521664	16,0257855699
12,89	-0,383972435439	0,872664625996	16,2951265039
12,9	-0,383972435439	1,01810873033	16,9684788388
12,91	-0,366519142919	1,3574783071	5,38681867902
12,92	-0,349065850399	1,06659009844	-0,269340933872
12,93	-0,349065850399	1,11507146655	12,3896829618
12,94	-0,331612557879	1,50292241144	9,42693268831
12,95	-0,314159265359	1,50292241144	-8,3495689525
12,96	-0,296705972839	1,11507146655	-7,67621661766
12,97	-0,296705972839	1,11507146655	13,1977057635
12,98	-0,279252680319	1,55140377955	20,4699109803
12,99	-0,261799387799	1,69684788388	11,8510010939
13	-0,244346095279	1,745329252	4,57879587709
13,01	-0,226892802759	1,74532925199	0,942693268767
13,02	-0,209439510239	1,74532925199	0,13467046703
13,03	-0,191986217719	1,745329252	5,08796708469E-011
13,04	-0,174532925199	1,745329252	-7,98268858423E-011
13,05	-0,157079632679	1,74532925199	-1,03514110863E-010
13,06	-0,13962634016	1,74532925199	0
13,07	-0,12217304764	1,74532925199	1,03514110863E-010
13,08	-0,10471975512	1,745329252	7,98268858423E-011
13,09	-0,0872664625997	1,745329252	-5,08796708469E-011
13,1	-0,0698131700798	1,74532925199	-5,52656685847E-011
13,11	-0,0523598775599	1,74532925199	5,61427447742E-011
13,12	-0,0349065850399	1,745329252	0,134670467031
13,13	-0,0174532925199	1,745329252	0,942693268767
13,14	0	1,74532925199	4,57879587708
13,15	0,0174532925199	1,7938106201	11,8510010938
13,16	0,0349065850398	1,93925472444	20,3352405132
13,17	0,0523598775599	2,37558703744	12,2550124946
13,18	0,0872664625997	2,37558703743	-12,2550124948
13,19	0,10471975512	1,93925472444	-20,3352405131
13,2	0,12217304764	1,79381062011	-11,8510010937
13,21	0,13962634016	1,745329252	-4,5787958772
13,22	0,157079632679	1,74532925199	-1,07736373585
13,23	0,174532925199	1,74532925199	-1,07736373574
13,24	0,191986217719	1,745329252	-4,57879587709
13,25	0,209439510239	1,69684788388	-11,8510010939
13,26	0,226892802759	1,55140377955	-20,3352405133
13,27	0,244346095279	1,11507146655	-12,2550124947
13,28	0,244346095279	1,11507146655	12,1203420278
13,29	0,261799387799	1,55140377955	19,3925472445
13,3	0,279252680319	1,69684788388	7,27220521671
13,31	0,296705972839	1,69684788388	-7,40687568368
13,32	0,314159265359	1,55140377955	-20,3352405133
13,33	0,331612557879	1,11507146655	-16,8338083718
13,34	0,331612557879	1,06659009844	-0,538681867796
13,35	0,349065850399	1,35747830711	-4,71346634404
13,36	0,366519142919	1,01810873033	-13,1977057636
13,37	0,366519142919	0,921145994108	-8,21489848559
13,38	0,383972435439	0,872664625996	-3,77077307537
13,39	0,383972435439	0,872664625996	-0,808022801872
13,4	0,401425727959	0,872664625996	-0,269340933926
13,41	0,401425727959	0,872664625996	-0,942693268746
13,42	0,418879020479	0,872664625997	-4,57879587701
13,43	0,418879020479	0,824183257889	-11,8510010937
13,44	0,436332312999	0,678739153556	-20,4699109802
13,45	0,436332312999	0,242406840556	-13,1977057637
13,46	0,436332312999	0,242406840555	7,5415461505
13,47	0,436332312999	0,630257785441	7,54154615055
13,48	0,453785605519	0,630257785441	-13,1977057635
13,49	0,453785605519	0,193925472444	-20,4699109802
13,5	0,453785605519	0,0484813681109	-11,9856715607
13,51	0,453785605519	0	-5,52148914596
13,52	0,453785605519	0	-5,52148914596
13,53	0,453785605519	-0,0484813681109	-11,9856715607
13,54	0,453785605519	-0,193925472444	-20,4699109802
13,55	0,453785605519	-0,630257785441	-13,1977057635
13,56	0,436332312999	-0,630257785441	7,54154615055
13,57	0,436332312999	-0,242406840555	7,5415461505
13,58	0,436332312999	-0,242406840556	-13,1977057637
13,59	0,436332312999	-0,678739153556	-20,4699109802
13,6	0,418879020479	-0,824183257889	-11,8510010937
13,61	0,418879020479	-0,872664625997	-4,57879587701
13,62	0,401425727959	-0,872664625996	-0,942693268746
13,63	0,401425727959	-0,872664625996	-0,269340933926
13,64	0,383972435439	-0,872664625996	-0,808022801872
13,65	0,383972435439	-0,872664625996	-3,77077307537
13,66	0,366519142919	-0,921145994108	-8,21489848559
13,67	0,366519142919	-1,01810873033	-13,1977057636
13,68	0,349065850399	-1,35747830711	-4,71346634404
13,69	0,331612557879	-1,06659009844	-0,404011400821
13,7	0,331612557879	-1,11507146655	-16,02578557
13,71	0,314159265359	-1,55140377955	-16,699137905
13,72	0,296705972839	-1,64836651577	-0,134670467048
13,73	0,279252680319	-1,55140377955	15,7564446361
13,74	0,261799387799	-1,11507146655	11,312319226
13,75	0,261799387799	-1,11507146655	-12,3896829616
13,76	0,244346095279	-1,55140377955	-20,3352405132
13,77	0,226892802759	-1,69684788388	-11,8510010939
13,78	0,209439510239	-1,745329252	-4,57879587722
13,79	0,191986217719	-1,745329252	-0,942693268773
13,8	0,174532925199	-1,74532925199	-0,134670466919
13,81	0,157079632679	-1,74532925199	-5,52656685847E-011
13,82	0,13962634016	-1,745329252	-0,134670467026
13,83	0,12217304764	-1,745329252	-0,942693268743
13,84	0,10471975512	-1,74532925199	-4,57879587704
13,85	0,0872664625997	-1,7938106201	-11,8510010938
13,86	0,0698131700798	-1,93925472444	-20,3352405133
13,87	0,0523598775599	-2,37558703744	-12,2550124948
13,88	0,0174532925199	-2,37558703744	12,2550124947
13,89	0	-1,93925472444	20,3352405132
13,9	-0,0174532925199	-1,79381062011	11,8510010938
13,91	-0,0349065850399	-1,745329252	4,57879587722
13,92	-0,0523598775599	-1,74532925199	0,942693268884
13,93	-0,0698131700798	-1,74532925199	0,13467046692
13,94	-0,0872664625997	-1,745329252	-5,08796708469E-011
13,95	-0,10471975512	-1,745329252	7,98268858423E-011
13,96	-0,12217304764	-1,74532925199	1,03514110863E-010
13,97	-0,13962634016	-1,74532925199	0
13,98	-0,157079632679	-1,74532925199	-1,03514110863E-010
13,99	-0,174532925199	-1,745329252	0,134670466895
14	-0,191986217719	-1,745329252	0,942693268874
14,01	-0,209439510239	-1,74532925199	4,57879587719
14,02	-0,226892802759	-1,69684788388	11,8510010937
14,03	-0,244346095279	-1,55140377955	20,3352405131
14,04	-0,261799387799	-1,11507146655	12,3896829618
14,05	-0,261799387799	-1,11507146655	-11,3123192258
14,06	-0,279252680319	-1,55140377955	-15,756444636
14,07	-0,296705972839	-1,64836651577	0,134670466872
14,08	-0,314159265359	-1,55140377955	16,6991379048
14,09	-0,331612557879	-1,11507146655	16,0257855701
14,1	-0,331612557879	-1,06659009844	0,404011401056
14,11	-0,349065850399	-1,35747830711	4,71346634419
14,12	-0,366519142919	-1,01810873033	13,3323762305
14,13	-0,366519142919	-0,921145994107	9,02292128731
14,14	-0,383972435439	-0,872664625996	7,54154615058
14,15	-0,383972435439	-0,824183257885	9,02292128727
14,16	-0,401425727959	-0,727220521664	13,1977057634
14,17	-0,401425727959	-0,387850944888	3,77077307516
14,18	-0,401425727959	-0,678739153556	-4,04011400932
14,19	-0,418879020479	-0,678739153556	5,11747774512
14,2	-0,418879020479	-0,387850944888	0,942693268955
14,21	-0,418879020479	-0,678739153553	-0,269340933872
14,22	-0,436332312999	-0,630257785441	16,8338083719
14,23	-0,436332312999	-0,193925472444	21,277933782
14,24	-0,436332312999	-0,0484813681109	11,9856715607
14,25	-0,436332312999	0	4,57879587714
14,26	-0,436332312999	0	1,0773637358
14,27	-0,436332312999	0	1,0773637358
14,28	-0,436332312999	0	4,57879587714
14,29	-0,436332312999	0,0484813681109	11,9856715607
14,3	-0,436332312999	0,193925472444	21,277933782
14,31	-0,436332312999	0,630257785441	16,8338083719
14,32	-0,418879020479	0,678739153553	-0,269340933872
14,33	-0,418879020479	0,387850944888	0,942693268955
14,34	-0,418879020479	0,678739153556	5,11747774512
14,35	-0,401425727959	0,678739153556	-4,04011400932
14,36	-0,401425727959	0,387850944888	3,77077307516
14,37	-0,401425727959	0,727220521664	13,1977057634
14,38	-0,383972435439	0,824183257885	9,02292128727
14,39	-0,383972435439	0,872664625996	7,54154615058
14,4	-0,366519142919	0,921145994107	9,02292128731
14,41	-0,366519142919	1,01810873033	13,3323762305
14,42	-0,349065850399	1,35747830711	4,71346634419
14,43	-0,331612557879	1,06659009844	0,404011401056
14,44	-0,331612557879	1,11507146655	16,0257855701
14,45	-0,314159265359	1,55140377955	16,6991379048
14,46	-0,296705972839	1,64836651577	0,134670466872
14,47	-0,279252680319	1,55140377955	-15,756444636
14,48	-0,261799387799	1,11507146655	-11,3123192258
14,49	-0,261799387799	1,11507146655	12,3896829618
14,5	-0,244346095279	1,55140377955	20,3352405131
14,51	-0,226892802759	1,69684788388	11,8510010937
14,52	-0,209439510239	1,74532925199	4,57879587719
14,53	-0,191986217719	1,745329252	0,942693268874
14,54	-0,174532925199	1,745329252	0,134670466895
14,55	-0,157079632679	1,74532925199	-1,03514110863E-010
14,56	-0,13962634016	1,74532925199	0
14,57	-0,12217304764	1,74532925199	1,03514110863E-010
14,58	-0,10471975512	1,745329252	7,98268858423E-011
14,59	-0,0872664625997	1,745329252	-5,08796708469E-011
14,6	-0,0698131700798	1,74532925199	-5,52656685847E-011
14,61	-0,0523598775599	1,74532925199	5,61427447742E-011
14,62	-0,0349065850399	1,745329252	5,61427447742E-011
14,63	-0,0174532925199	1,745329252	-5,61427447742E-011
14,64	0	1,74532925199	-5,61427447742E-011
14,65	0,0174532925199	1,74532925199	5,52656685847E-011
14,66	0,0349065850398	1,745329252	5,08796708469E-011
14,67	0,0523598775599	1,745329252	-7,98268858423E-011
14,68	0,0698131700798	1,74532925199	-1,03514110863E-010
14,69	0,0872664625997	1,74532925199	0
14,7	0,10471975512	1,74532925199	1,03514110863E-010
14,71	0,12217304764	1,745329252	7,98268858423E-011
14,72	0,13962634016	1,745329252	-5,08796708469E-011
14,73	0,157079632679	1,74532925199	-5,52656685847E-011
14,74	0,174532925199	1,74532925199	5,52656685847E-011
14,75	0,191986217719	1,745329252	5,08796708469E-011
14,76	0,209439510239	1,745329252	-0,134670467055
14,77	0,226892802759	1,74532925199	-0,942693268926
14,78	0,244346095279	1,74532925199	-4,57879587714
14,79	0,261799387799	1,69684788388	-11,8510010937
14,8	0,279252680319	1,55140377955	-20,4699109801
14,81	0,296705972839	1,11507146655	-13,1977057636
14,82	0,296705972839	1,11507146655	7,54154615046
14,83	0,314159265359	1,50292241144	7,54154615053
14,84	0,331612557879	1,50292241144	-13,0630352965
14,85	0,349065850399	1,06659009844	-19,6618881782
14,86	0,349065850399	0,921145994111	-8,21489848538
14,87	0,366519142919	0,921145994111	2,69340933941
14,88	0,366519142919	1,01810873033	7,54154615045
14,89	0,383972435439	1,30899693899	-8,34956895251
14,9	0,401425727959	0,872664625996	-25,3180477913
14,91	0,401425727959	0,436332312998	-11,8510010938
14,92	0,401425727959	0,678739153552	0,269340933978
14,93	0,418879020479	0,678739153553	-5,92550054681
14,94	0,418879020479	0,387850944888	-1,07736373566
14,95	0,418879020479	0,678739153556	0,269340934029
14,96	0,436332312999	0,630257785446	-16,8338083719
14,97	0,436332312999	0,193925472445	-21,2779337821
14,98	0,436332312999	0,0484813681112	-11,9856715608
14,99	0,436332312999	0	-4,57879587717
15	0,436332312999	0	-0,942693268829
15,01	0,436332312999	0	-0,134670466976
15,02	0,436332312999	0	-0,134670466976
15,03	0,436332312999	0	-0,942693268829
15,04	0,436332312999	0	-4,57879587717
15,05	0,436332312999	-0,0484813681112	-11,9856715608
15,06	0,436332312999	-0,193925472445	-21,2779337821
15,07	0,436332312999	-0,630257785446	-16,8338083719
15,08	0,418879020479	-0,678739153556	0,269340934029
15,09	0,418879020479	-0,387850944888	-1,07736373566
15,1	0,418879020479	-0,678739153553	-5,92550054681
15,11	0,401425727959	-0,678739153552	0,269340933978
15,12	0,401425727959	-0,436332312998	-11,8510010938
15,13	0,401425727959	-0,872664625996	-25,3180477913
15,14	0,383972435439	-1,30899693899	-8,34956895251
15,15	0,366519142919	-1,01810873033	7,67621661742
15,16	0,366519142919	-0,921145994111	3,50143214126
15,17	0,349065850399	-0,921145994111	-4,57879587706
15,18	0,349065850399	-1,01810873033	-12,3896829615
15,19	0,331612557879	-1,35747830711	-4,57879587709
15,2	0,314159265359	-1,06659009844	-0,538681867946
15,21	0,314159265359	-1,11507146655	-16,9684788389
15,22	0,296705972839	-1,55140377955	-21,1432633151
15,23	0,279252680319	-1,69684788388	-11,0429782918
15,24	0,261799387799	-1,74532925199	1,26321175742E-010
15,25	0,244346095279	-1,69684788388	10,908307825
15,26	0,226892802759	-1,55140377955	20,2005700462
15,27	0,209439510239	-1,11507146655	12,2550124946
15,28	0,209439510239	-1,11507146655	-12,2550124948
15,29	0,191986217719	-1,55140377955	-20,3352405131
15,3	0,174532925199	-1,69684788388	-11,8510010937
15,31	0,157079632679	-1,74532925199	-4,71346634417
15,32	0,13962634016	-1,745329252	-1,8853865377
15,33	0,12217304764	-1,745329252	-4,71346634406
15,34	0,10471975512	-1,7938106201	-11,8510010937
15,35	0,0872664625997	-1,93925472444	-20,3352405132
15,36	0,0698131700798	-2,37558703744	-12,2550124948
15,37	0,0349065850398	-2,37558703744	12,2550124948
15,38	0,0174532925199	-1,93925472444	20,3352405132
15,39	0	-1,7938106201	11,8510010937
15,4	-0,0174532925199	-1,745329252	4,57879587708
15,41	-0,0349065850399	-1,745329252	0,942693268879
15,42	-0,0523598775599	-1,74532925199	0,134670467031
15,43	-0,0698131700798	-1,74532925199	-5,52656685847E-011
15,44	-0,0872664625997	-1,745329252	-5,08796708469E-011
15,45	-0,10471975512	-1,745329252	7,98268858423E-011
15,46	-0,12217304764	-1,74532925199	1,03514110863E-010
15,47	-0,13962634016	-1,74532925199	0,134670466975
15,48	-0,157079632679	-1,74532925199	0,94269326872
15,49	-0,174532925199	-1,745329252	4,57879587706
15,5	-0,191986217719	-1,69684788388	11,8510010938
15,51	-0,209439510239	-1,55140377955	20,3352405133
15,52	-0,226892802759	-1,11507146655	12,2550124947
15,53	-0,226892802759	-1,11507146655	-12,1203420278
15,54	-0,244346095279	-1,55140377955	-19,3925472444
15,55	-0,261799387799	-1,69684788388	-7,27220521656
15,56	-0,279252680319	-1,69684788388	7,40687568371
15,57	-0,296705972839	-1,55140377955	20,3352405132
15,58	-0,314159265359	-1,11507146655	16,8338083717
15,59	-0,314159265359	-1,06659009844	0,538681867825
15,6	-0,331612557879	-1,35747830711	4,71346634419
15,61	-0,349065850399	-1,01810873033	13,1977057637
15,62	-0,349065850399	-0,921145994107	8,21489848553
15,63	-0,366519142919	-0,872664625996	3,9054435423
15,64	-0,366519142919	-0,872664625996	1,6160456037
15,65	-0,383972435439	-0,872664625996	3,90544354226
15,66	-0,383972435439	-0,824183257885	8,21489848543
15,67	-0,401425727959	-0,727220521664	13,1977057634
15,68	-0,401425727959	-0,387850944888	4,71346634398
15,69	-0,401425727959	-0,678739153556	0,538681867819
15,7	-0,418879020479	-0,630257785446	16,9684788389
15,71	-0,418879020479	-0,193925472445	21,2779337821
15,72	-0,418879020479	-0,0484813681112	11,9856715608
15,73	-0,418879020479	0	4,57879587717
15,74	-0,418879020479	0	0,942693268829
15,75	-0,418879020479	0	0,134670466976
15,76	-0,418879020479	0	0
15,77	-0,418879020479	0	0
15,78	-0,418879020479	0	0,134670466976
15,79	-0,418879020479	0	0,942693268829
15,8	-0,418879020479	0	4,57879587717
15,81	-0,418879020479	0,0484813681112	11,9856715608
15,82	-0,418879020479	0,193925472445	21,2779337821
15,83	-0,418879020479	0,630257785446	16,9684788389
15,84	-0,401425727959	0,678739153556	0,538681867819
15,85	-0,401425727959	0,387850944888	4,71346634398
15,86	-0,401425727959	0,727220521664	13,1977057634
15,87	-0,383972435439	0,824183257885	8,21489848543
15,88	-0,383972435439	0,872664625996	3,90544354226
15,89	-0,366519142919	0,872664625996	1,6160456037
15,9	-0,366519142919	0,872664625996	3,9054435423
15,91	-0,349065850399	0,921145994107	8,21489848553
15,92	-0,349065850399	1,01810873033	13,1977057637
15,93	-0,331612557879	1,35747830711	4,71346634419
15,94	-0,314159265359	1,06659009844	0,538681867825
15,95	-0,314159265359	1,11507146655	16,8338083717
15,96	-0,296705972839	1,55140377955	20,3352405132
15,97	-0,279252680319	1,69684788388	7,40687568371
15,98	-0,261799387799	1,69684788388	-7,27220521656
15,99	-0,244346095279	1,55140377955	-19,3925472444
16	-0,226892802759	1,11507146655	-12,1203420278
16,01	-0,226892802759	1,11507146655	12,2550124947
16,02	-0,209439510239	1,55140377955	20,3352405133
16,03	-0,191986217719	1,69684788388	11,8510010938
16,04	-0,174532925199	1,745329252	4,57879587706
16,05	-0,157079632679	1,74532925199	0,94269326872
16,06	-0,13962634016	1,74532925199	0,134670466975
16,07	-0,12217304764	1,74532925199	1,03509176539E-010
16,08	-0,10471975512	1,745329252	7,98275026328E-011
16,09	-0,0872664625997	1,745329252	-5,08728861506E-011
16,1	-0,0698131700798	1,74532925199	-5,52601174696E-011
16,11	-0,0523598775599	1,74532925199	5,61378104496E-011
16,12	-0,0349065850399	1,745329252	5,61378104496E-011
16,13	-0,0174532925199	1,745329252	-5,61378104496E-011
16,14	0	1,74532925199	-5,61378104496E-011
16,15	0,0174532925199	1,74532925199	5,52601174696E-011
16,16	0,0349065850398	1,745329252	5,08728861506E-011
16,17	0,0523598775599	1,745329252	-7,98275026328E-011
16,18	0,0698131700798	1,74532925199	-1,03509176539E-010
16,19	0,0872664625997	1,74532925199	0
16,2	0,10471975512	1,74532925199	1,03509176539E-010
16,21	0,12217304764	1,745329252	7,98275026328E-011
16,22	0,13962634016	1,745329252	-5,08728861506E-011
16,23	0,157079632679	1,74532925199	-5,52601174696E-011
16,24	0,174532925199	1,74532925199	5,52601174696E-011
16,25	0,191986217719	1,745329252	-0,134670466925
16,26	0,209439510239	1,745329252	-0,942693268907
16,27	0,226892802759	1,74532925199	-4,57879587726
16,28	0,244346095279	1,69684788388	-11,8510010938
16,29	0,261799387799	1,55140377955	-20,4699109801
16,3	0,279252680319	1,11507146655	-13,1977057634
16,31	0,279252680319	1,11507146655	7,67621661763
16,32	0,296705972839	1,50292241144	8,34956895235
16,33	0,314159265359	1,50292241144	-9,42693268833
16,34	0,331612557879	1,11507146655	-12,3896829617
16,35	0,331612557879	1,06659009844	0,404011401027
16,36	0,349065850399	1,35747830711	-4,57879587706
16,37	0,366519142919	1,01810873033	-13,3323762306
16,38	0,366519142919	0,921145994108	-9,02292128743
16,39	0,383972435439	0,872664625996	-7,54154615066
16,4	0,383972435439	0,824183257885	-9,02292128733
16,41	0,401425727959	0,727220521663	-13,3323762305
16,42	0,401425727959	0,387850944887	-4,57879587714
16,43	0,401425727959	0,678739153552	0,40401140093
16,44	0,418879020479	0,630257785441	-12,3896829616
16,45	0,418879020479	0,242406840555	-9,42693268815
16,46	0,418879020479	0,242406840556	8,34956895256
16,47	0,418879020479	0,630257785445	7,67621661763
16,48	0,436332312999	0,630257785445	-13,1977057636
16,49	0,436332312999	0,193925472445	-20,4699109803
16,5	0,436332312999	0,0484813681112	-11,9856715608
16,51	0,436332312999	0	-5,521489146
16,52	0,436332312999	0	-5,521489146
16,53	0,436332312999	-0,0484813681112	-11,9856715608
16,54	0,436332312999	-0,193925472445	-20,4699109803
16,55	0,436332312999	-0,630257785445	-13,1977057636
16,56	0,418879020479	-0,630257785445	7,67621661763
16,57	0,418879020479	-0,242406840556	8,34956895256
16,58	0,418879020479	-0,242406840555	-9,42693268815
16,59	0,418879020479	-0,630257785441	-12,3896829616
16,6	0,401425727959	-0,678739153552	0,40401140093
16,61	0,401425727959	-0,387850944887	-4,57879587714
16,62	0,401425727959	-0,727220521663	-13,3323762305
16,63	0,383972435439	-0,824183257885	-9,02292128733
16,64	0,383972435439	-0,872664625996	-7,54154615066
16,65	0,366519142919	-0,921145994108	-9,02292128743
16,66	0,366519142919	-1,01810873033	-13,3323762306
16,67	0,349065850399	-1,35747830711	-4,57879587706
16,68	0,331612557879	-1,06659009844	0,404011401027
16,69	0,331612557879	-1,11507146655	-12,3896829617
16,7	0,314159265359	-1,50292241144	-9,42693268833
16,71	0,296705972839	-1,50292241144	8,34956895235
16,72	0,279252680319	-1,11507146655	7,67621661763
16,73	0,279252680319	-1,11507146655	-13,1977057634
16,74	0,261799387799	-1,55140377955	-20,4699109801
16,75	0,244346095279	-1,69684788388	-11,8510010938
16,76	0,226892802759	-1,74532925199	-4,57879587726
16,77	0,209439510239	-1,745329252	-0,942693268907
16,78	0,191986217719	-1,745329252	-0,134670466925
16,79	0,174532925199	-1,74532925199	5,52601174696E-011
16,8	0,157079632679	-1,74532925199	-5,52601174696E-011
16,81	0,13962634016	-1,745329252	-5,08728861506E-011
16,82	0,12217304764	-1,745329252	7,98275026328E-011
16,83	0,10471975512	-1,74532925199	1,03509176539E-010
16,84	0,0872664625997	-1,74532925199	0
16,85	0,0698131700798	-1,74532925199	-1,03509176539E-010
16,86	0,0523598775599	-1,745329252	-7,98275026328E-011
16,87	0,0349065850398	-1,745329252	5,08728861506E-011
16,88	0,0174532925199	-1,74532925199	5,52601174696E-011
16,89	0	-1,74532925199	-5,61378104496E-011
16,9	-0,0174532925199	-1,745329252	-5,61378104496E-011
16,91	-0,0349065850399	-1,745329252	5,61378104496E-011
16,92	-0,0523598775599	-1,74532925199	5,61378104496E-011
16,93	-0,0698131700798	-1,74532925199	-5,52601174696E-011
16,94	-0,0872664625997	-1,745329252	-5,08728861506E-011
16,95	-0,10471975512	-1,745329252	0,134670467054
16,96	-0,12217304764	-1,74532925199	0,942693268926
16,97	-0,13962634016	-1,74532925199	4,57879587714
16,98	-0,157079632679	-1,69684788388	11,8510010937
16,99	-0,174532925199	-1,55140377955	20,3352405131
17	-0,191986217719	-1,11507146655	12,2550124948
17,01	-0,191986217719	-1,11507146655	-12,2550124946
17,02	-0,209439510239	-1,55140377955	-20,2005700462
17,03	-0,226892802759	-1,69684788388	-10,908307825
17,04	-0,244346095279	-1,745329252	-7,4563811915E-011
17,05	-0,261799387799	-1,69684788388	11,042978292
17,06	-0,279252680319	-1,55140377955	21,1432633151
17,07	-0,296705972839	-1,11507146655	16,9684788388
17,08	-0,296705972839	-1,06659009844	0,538681867796
17,09	-0,314159265359	-1,35747830711	4,71346634404
17,1	-0,331612557879	-1,01810873033	13,1977057636
17,11	-0,331612557879	-0,921145994108	8,21489848558
17,12	-0,349065850399	-0,872664625996	3,77077307537
17,13	-0,349065850399	-0,872664625996	0,808022801878
17,14	-0,366519142919	-0,872664625996	0,269340933955
17,15	-0,366519142919	-0,872664625996	0,942693268823
17,16	-0,383972435439	-0,872664625996	4,57879587714
17,17	-0,383972435439	-0,824183257885	11,8510010938
17,18	-0,401425727959	-0,678739153552	20,4699109801
17,19	-0,401425727959	-0,242406840555	13,1977057634
17,2	-0,401425727959	-0,242406840556	-7,54154615071
17,21	-0,401425727959	-0,630257785445	-7,54154615066
17,22	-0,418879020479	-0,630257785445	13,1977057636
17,23	-0,418879020479	-0,193925472445	20,4699109803
17,24	-0,418879020479	-0,0484813681112	11,8510010938
17,25	-0,418879020479	0	4,57879587717
17,26	-0,418879020479	0	1,0773637358
17,27	-0,418879020479	0	1,0773637358
17,28	-0,418879020479	0	4,57879587717
17,29	-0,418879020479	0,0484813681112	11,8510010938
17,3	-0,418879020479	0,193925472445	20,4699109803
17,31	-0,418879020479	0,630257785445	13,1977057636
17,32	-0,401425727959	0,630257785445	-7,54154615066
17,33	-0,401425727959	0,242406840556	-7,54154615071
17,34	-0,401425727959	0,242406840555	13,1977057634
17,35	-0,401425727959	0,678739153552	20,4699109801
17,36	-0,383972435439	0,824183257885	11,8510010938
17,37	-0,383972435439	0,872664625996	4,71346634411
17,38	-0,366519142919	0,872664625996	1,75071607068
17,39	-0,366519142919	0,872664625996	3,90544354229
17,4	-0,349065850399	0,921145994107	8,21489848553
17,41	-0,349065850399	1,01810873033	13,0630352967
17,42	-0,331612557879	1,35747830711	3,77077307537
17,43	-0,314159265359	1,06659009844	-4,04011400932
17,44	-0,314159265359	1,06659009844	5,11747774491
17,45	-0,296705972839	1,3574783071	0,942693268775
17,46	-0,279252680319	1,06659009844	-0,269340933902
17,47	-0,279252680319	1,11507146655	16,833808372
17,48	-0,261799387799	1,55140377955	21,1432633151
17,49	-0,244346095279	1,69684788388	11,0429782919
17,5	-0,226892802759	1,74532925199	-5,52601174696E-011
17,51	-0,209439510239	1,69684788388	-10,9083078249
17,52	-0,191986217719	1,55140377955	-20,2005700461
17,53	-0,174532925199	1,11507146655	-12,2550124948
17,54	-0,174532925199	1,11507146655	12,2550124946
17,55	-0,157079632679	1,55140377955	20,3352405131
17,56	-0,13962634016	1,69684788388	11,8510010938
17,57	-0,12217304764	1,74532925199	4,57879587726
17,58	-0,10471975512	1,745329252	0,942693268907
17,59	-0,0872664625997	1,745329252	0,134670466925
17,6	-0,0698131700798	1,74532925199	-5,52601174696E-011
17,61	-0,0523598775599	1,74532925199	5,61378104496E-011
17,62	-0,0349065850399	1,745329252	5,61378104496E-011
17,63	-0,0174532925199	1,745329252	-5,61378104496E-011
17,64	0	1,74532925199	-5,61378104496E-011
17,65	0,0174532925199	1,74532925199	5,52601174696E-011
17,66	0,0349065850398	1,745329252	5,08728861506E-011
17,67	0,0523598775599	1,745329252	-7,98275026328E-011
17,68	0,0698131700798	1,74532925199	-1,03509176539E-010
17,69	0,0872664625997	1,74532925199	0
17,7	0,10471975512	1,74532925199	1,03509176539E-010
17,71	0,12217304764	1,745329252	7,98275026328E-011
17,72	0,13962634016	1,745329252	-5,08728861506E-011
17,73	0,157079632679	1,74532925199	-5,52601174696E-011
17,74	0,174532925199	1,74532925199	-0,134670466919
17,75	0,191986217719	1,745329252	-0,942693268772
17,76	0,209439510239	1,745329252	-4,57879587722
17,77	0,226892802759	1,69684788388	-11,8510010939
17,78	0,244346095279	1,55140377955	-20,4699109802
17,79	0,261799387799	1,11507146655	-13,1977057635
17,8	0,261799387799	1,11507146655	7,67621661768
17,81	0,279252680319	1,50292241144	8,34956895251
17,82	0,296705972839	1,50292241144	-9,4269326883
17,83	0,314159265359	1,11507146655	-12,3896829618
17,84	0,314159265359	1,06659009844	0,404011400877
17,85	0,331612557879	1,3574783071	-4,57879587709
17,86	0,349065850399	1,01810873033	-13,1977057634
17,87	0,349065850399	0,921145994111	-8,21489848537
17,88	0,366519142919	0,872664626	-3,90544354234
17,89	0,366519142919	0,872664625997	-1,61604560383
17,9	0,383972435439	0,872664625996	-3,90544354234
17,91	0,383972435439	0,824183257885	-8,21489848548
17,92	0,401425727959	0,727220521663	-13,1977057635
17,93	0,401425727959	0,387850944887	-4,71346634411
17,94	0,401425727959	0,678739153552	-0,538681867899
17,95	0,418879020479	0,630257785441	-16,9684788388
17,96	0,418879020479	0,193925472443	-21,277933782
17,97	0,418879020479	0,0484813681109	-11,9856715607
17,98	0,418879020479	0	-4,57879587714
17,99	0,418879020479	0	-0,942693268822
18	0,418879020479	0	-0,134670466975
18,01	0,418879020479	0	0
18,02	0,418879020479	0	0
18,03	0,418879020479	0	-0,134670466975
18,04	0,418879020479	0	-0,942693268822
18,05	0,418879020479	0	-4,57879587714
18,06	0,418879020479	-0,0484813681109	-11,9856715607
18,07	0,418879020479	-0,193925472443	-21,277933782
18,08	0,418879020479	-0,630257785441	-16,9684788388
18,09	0,401425727959	-0,678739153552	-0,538681867899
18,1	0,401425727959	-0,387850944887	-4,71346634411
18,11	0,401425727959	-0,727220521663	-13,3323762305
18,12	0,383972435439	-0,824183257885	-9,02292128733
18,13	0,383972435439	-0,872664625996	-7,54154615066
18,14	0,366519142919	-0,921145994108	-9,02292128743
18,15	0,366519142919	-1,01810873033	-13,1977057636
18,16	0,349065850399	-1,35747830711	-3,77077307521
18,17	0,331612557879	-1,06659009844	4,04011400937
18,18	0,331612557879	-1,06659009844	-5,11747774499
18,19	0,314159265359	-1,3574783071	-0,808022801895
18,2	0,296705972839	-1,06659009844	1,21203420265
18,21	0,296705972839	-1,11507146655	-12,2550124948
18,22	0,279252680319	-1,50292241144	-9,42693268815
18,23	0,261799387799	-1,50292241144	8,34956895255
18,24	0,244346095279	-1,11507146655	7,6762166176
18,25	0,244346095279	-1,11507146655	-13,1977057636
18,26	0,226892802759	-1,55140377955	-20,4699109803
18,27	0,209439510239	-1,69684788388	-11,8510010939
18,28	0,191986217719	-1,745329252	-4,57879587709
18,29	0,174532925199	-1,74532925199	-0,942693268767
18,3	0,157079632679	-1,74532925199	-0,13467046703
18,31	0,13962634016	-1,745329252	-5,08728861506E-011
18,32	0,12217304764	-1,745329252	7,98275026328E-011
18,33	0,10471975512	-1,74532925199	1,03509176539E-010
18,34	0,0872664625997	-1,74532925199	0
18,35	0,0698131700798	-1,74532925199	-1,03509176539E-010
18,36	0,0523598775599	-1,745329252	-7,98275026328E-011
18,37	0,0349065850398	-1,745329252	5,08728861506E-011
18,38	0,0174532925199	-1,74532925199	5,52601174696E-011
18,39	0	-1,74532925199	-5,61378104496E-011
18,4	-0,0174532925199	-1,745329252	-5,61378104496E-011
18,41	-0,0349065850399	-1,745329252	5,61378104496E-011
18,42	-0,0523598775599	-1,74532925199	5,61378104496E-011
18,43	-0,0698131700798	-1,74532925199	-5,52601174696E-011
18,44	-0,0872664625997	-1,745329252	0,134670466925
18,45	-0,10471975512	-1,745329252	0,942693268907
18,46	-0,12217304764	-1,74532925199	4,57879587726
18,47	-0,13962634016	-1,69684788388	11,8510010938
18,48	-0,157079632679	-1,55140377955	20,3352405131
18,49	-0,174532925199	-1,11507146655	12,2550124946
18,5	-0,174532925199	-1,11507146655	-12,2550124948
18,51	-0,191986217719	-1,55140377955	-20,2005700461
18,52	-0,209439510239	-1,69684788388	-10,9083078249
18,53	-0,226892802759	-1,74532925199	-5,52601174696E-011
18,54	-0,244346095279	-1,69684788388	11,0429782919
18,55	-0,261799387799	-1,55140377955	21,1432633151
18,56	-0,279252680319	-1,11507146655	16,833808372
18,57	-0,279252680319	-1,06659009844	-0,269340933902
18,58	-0,296705972839	-1,3574783071	0,942693268775
18,59	-0,314159265359	-1,06659009844	5,11747774491
18,6	-0,314159265359	-1,06659009844	-3,90544354234
18,61	-0,331612557879	-1,35747830711	4,57879587722
18,62	-0,349065850399	-1,01810873033	16,833808372
18,63	-0,349065850399	-0,872664625996	16,295126504
18,64	-0,366519142919	-0,727220521663	16,02578557
18,65	-0,366519142919	-0,387850944887	0,942693268829
18,66	-0,366519142919	-0,727220521663	-11,1776487589
18,67	-0,383972435439	-0,824183257885	-3,36676167437
18,68	-0,383972435439	-0,824183257885	9,0229212873
18,69	-0,401425727959	-0,678739153552	24,1060135885
18,7	-0,401425727959	-0,193925472443	23,9713431215
18,71	-0,401425727959	-0,0484813681109	8,21489848542
18,72	-0,401425727959	-0,0484813681112	-7,13753474973
18,73	-0,401425727959	-0,193925472445	-19,2578767775
18,74	-0,401425727959	-0,630257785445	-11,177648759
18,75	-0,418879020479	-0,630257785445	16,8338083719
18,76	-0,418879020479	-0,145444104334	32,1862416071
18,77	-0,418879020479	0,145444104334	32,1862416071
18,78	-0,418879020479	0,630257785445	16,9684788389
18,79	-0,401425727959	0,630257785445	-10,3696259571
18,8	-0,401425727959	0,193925472445	-15,6217741692
18,81	-0,401425727959	0,0969627362221	0,134670466897
18,82	-0,401425727959	0,193925472443	16,6991379048
18,83	-0,401425727959	0,630257785441	16,02578557
18,84	-0,383972435439	0,678739153552	0,404011400923
18,85	-0,383972435439	0,387850944887	4,71346634411
18,86	-0,383972435439	0,727220521663	13,1977057635
18,87	-0,366519142919	0,824183257885	8,21489848545
18,88	-0,366519142919	0,872664625996	3,90544354227
18,89	-0,349065850399	0,872664625996	1,61604560373
18,9	-0,349065850399	0,872664625996	3,90544354234
18,91	-0,331612557879	0,921145994108	8,21489848558
18,92	-0,331612557879	1,01810873033	13,1977057636
18,93	-0,314159265359	1,35747830711	4,57879587706
18,94	-0,296705972839	1,06659009844	-0,404011401027
18,95	-0,296705972839	1,11507146655	12,3896829617
18,96	-0,279252680319	1,50292241144	9,42693268833
18,97	-0,261799387799	1,50292241144	-8,34956895235
18,98	-0,244346095279	1,11507146655	-7,67621661763
18,99	-0,244346095279	1,11507146655	13,1977057634
19	-0,226892802759	1,55140377955	20,4699109801
19,01	-0,209439510239	1,69684788388	11,8510010939
19,02	-0,191986217719	1,745329252	4,57879587721
19,03	-0,174532925199	1,745329252	0,942693268748
19,04	-0,157079632679	1,74532925199	0,134670466872
19,05	-0,13962634016	1,74532925199	0
19,06	-0,12217304764	1,74532925199	1,03509176539E-010
19,07	-0,10471975512	1,745329252	7,98275026328E-011
19,08	-0,0872664625997	1,745329252	-5,08728861506E-011
19,09	-0,0698131700798	1,74532925199	-5,52601174696E-011
19,1	-0,0523598775599	1,74532925199	5,61378104496E-011
19,11	-0,0349065850399	1,745329252	5,61378104496E-011
19,12	-0,0174532925199	1,745329252	-5,61378104496E-011
19,13	0	1,74532925199	-0,134670467031
19,14	0,0174532925199	1,74532925199	-0,942693268767
19,15	0,0349065850398	1,745329252	-4,57879587709
19,16	0,0523598775599	1,69684788388	-11,8510010939
19,17	0,0698131700798	1,55140377955	-20,3352405133
19,18	0,0872664625997	1,11507146655	-12,2550124947
19,19	0,0872664625997	1,11507146655	12,2550124947
19,2	0,10471975512	1,55140377955	20,3352405133
19,21	0,12217304764	1,69684788388	11,8510010939
19,22	0,13962634016	1,745329252	4,57879587709
19,23	0,157079632679	1,74532925199	0,942693268767
19,24	0,174532925199	1,74532925199	5,52601174696E-011
19,25	0,191986217719	1,745329252	-0,942693268772
19,26	0,209439510239	1,745329252	-4,57879587722
19,27	0,226892802759	1,69684788388	-11,9856715609
19,28	0,244346095279	1,55140377955	-21,277933782
19,29	0,261799387799	1,11507146655	-16,8338083718
19,3	0,261799387799	1,06659009844	0,269340934076
19,31	0,279252680319	1,35747830711	-0,942693268743
19,32	0,296705972839	1,06659009844	-5,11747774512
19,33	0,296705972839	1,06659009844	4,04011400911
19,34	0,314159265359	1,3574783071	-3,77077307536
19,35	0,331612557879	1,01810873033	-13,0630352965
19,36	0,331612557879	0,921145994107	-8,21489848538
19,37	0,349065850399	0,872664625997	-3,77077307516
19,38	0,349065850399	0,872664626	-0,808022801768
19,39	0,366519142919	0,872664626	-0,269340934029
19,4	0,366519142919	0,872664625997	-0,942693268955
19,41	0,383972435439	0,872664625996	-4,57879587721
19,42	0,383972435439	0,824183257885	-11,8510010938
19,43	0,401425727959	0,678739153552	-20,4699109801
19,44	0,401425727959	0,242406840554	-13,1977057635
19,45	0,401425727959	0,242406840554	7,54154615058
19,46	0,401425727959	0,630257785441	7,54154615058
19,47	0,418879020479	0,630257785441	-13,1977057635
19,48	0,418879020479	0,193925472443	-20,4699109801
19,49	0,418879020479	0,0484813681109	-11,8510010938
19,5	0,418879020479	0	-4,57879587714
19,51	0,418879020479	0	-1,0773637358
19,52	0,418879020479	0	-1,0773637358
19,53	0,418879020479	0	-4,57879587714
19,54	0,418879020479	-0,0484813681109	-11,9856715607
19,55	0,418879020479	-0,193925472443	-21,277933782
19,56	0,418879020479	-0,630257785441	-16,8338083718
19,57	0,401425727959	-0,678739153552	0,269340933949
19,58	0,401425727959	-0,387850944887	-0,942693268822
19,59	0,401425727959	-0,678739153552	-5,11747774504
19,6	0,383972435439	-0,678739153552	4,04011400923
19,61	0,383972435439	-0,387850944887	-3,77077307532
19,62	0,383972435439	-0,727220521663	-13,1977057636
19,63	0,366519142919	-0,824183257886	-9,02292128743
19,64	0,366519142919	-0,872664626	-7,54154615066
19,65	0,349065850399	-0,921145994111	-9,02292128722
19,66	0,349065850399	-1,01810873033	-13,1977057634
19,67	0,331612557879	-1,3574783071	-3,77077307524
19,68	0,314159265359	-1,06659009844	4,04011400919
19,69	0,314159265359	-1,06659009844	-5,11747774516
19,7	0,296705972839	-1,35747830711	-0,942693268901
19,71	0,279252680319	-1,06659009844	0,269340934028
19,72	0,279252680319	-1,11507146655	-16,6991379047
19,73	0,261799387799	-1,55140377955	-20,3352405131
19,74	0,244346095279	-1,69684788388	-7,40687568365
19,75	0,226892802759	-1,69684788388	7,2722052165
19,76	0,209439510239	-1,55140377955	19,3925472443
19,77	0,191986217719	-1,11507146655	12,1203420278
19,78	0,191986217719	-1,11507146655	-12,2550124946
19,79	0,174532925199	-1,55140377955	-20,3352405132
19,8	0,157079632679	-1,69684788388	-11,8510010939
19,81	0,13962634016	-1,745329252	-4,57879587721
19,82	0,12217304764	-1,745329252	-0,942693268748
19,83	0,10471975512	-1,74532925199	-0,134670466872
19,84	0,0872664625997	-1,74532925199	0
19,85	0,0698131700798	-1,74532925199	-1,03509176539E-010
19,86	0,0523598775599	-1,745329252	-7,98275026328E-011
19,87	0,0349065850398	-1,745329252	5,08728861506E-011
19,88	0,0174532925199	-1,74532925199	5,52601174696E-011
19,89	0	-1,74532925199	-5,61378104496E-011
19,9	-0,0174532925199	-1,745329252	-5,61378104496E-011
19,91	-0,0349065850399	-1,745329252	5,61378104496E-011
19,92	-0,0523598775599	-1,74532925199	5,61378104496E-011
19,93	-0,0698131700798	-1,74532925199	-5,52601174696E-011
19,94	-0,0872664625997	-1,745329252	0,134670466921
19,95	-0,10471975512	-1,745329252	0,969627362278
19,96	-0,12217304764	-1,74532925199	4,86160385781
19,97	-0,13962634016	-1,69684788388	14,4501411062
19,98	-0,157079632679	-1,54170750593	31,0684767308
19,99	-0,174532925199	-1,0423494144	45,1415405304
20	-0,174532925199	-0,484813681116	52,2252070943
