Vernier Format 2
Файл.gmbl 07.12.2019 14:25:17 ,
Новый
Время	Угол	Скорость	Ускорение
t	Угол	v	a
с	rad	rad/с	rad/с²

0	0	0	0
0,01	0	0	0
0,02	0	0	0
0,03	0	0	0
0,04	0	0	0
0,05	0	0	0
0,06	0	0	0
0,07	0	0	0
0,08	0	0	0
0,09	0	0	0
0,1	0	0	0
0,11	0	0	0
0,12	0	0	0
0,13	0	0	0
0,14	0	0	0
0,15	0	0	0
0,16	0	0	0
0,17	0	0	0
0,18	0	0	0
0,19	0	0	0
0,2	0	0	0
0,21	0	0	0
0,22	0	0	0
0,23	0	0	0
0,24	0	0	0
0,25	0	0	0
0,26	0	0	0
0,27	0	0	0
0,28	0	0	0
0,29	0	0	0
0,3	0	0	0
0,31	0	0	0
0,32	0	0	0
0,33	0	0	0
0,34	0	0	0
0,35	0	0	0
0,36	0	0	0
0,37	0	0	0
0,38	0	0	0
0,39	0	0	0
0,4	0	0	0
0,41	0	0	0
0,42	0	0	0
0,43	0	0	0
0,44	0	0	0
0,45	0	0	0
0,46	0	0	0
0,47	0	0	0
0,48	0	0	0
0,49	0	0	0
0,5	0	0	0
0,51	0	0	0
0,52	0	0	0
0,53	0	0	0
0,54	0	0	0
0,55	0	0	0
0,56	0	0	0
0,57	0	0	0
0,58	0	0	0
0,59	0	0	0
0,6	0	0	0
0,61	0	0	0
0,62	0	0	0
0,63	0	0	0
0,64	0	0	0
0,65	0	0	0
0,66	0	0	0
0,67	0	0	0
0,68	0	0	0
0,69	0	0	0
0,7	0	0	0
0,71	0	0	0
0,72	0	0	0
0,73	0	0	0
0,74	0	0	0
0,75	0	0	0
0,76	0	0	0
0,77	0	0	0
0,78	0	0	0
0,79	0	0	0
0,8	0	0	0
0,81	0	0	0
0,82	0	0	0
0,83	0	0	0
0,84	0	0	0
0,85	0	0	0
0,86	0	0	0
0,87	0	0	0
0,88	0	0	0
0,89	0	0	0
0,9	0	0	0
0,91	0	0	0
0,92	0	0	0
0,93	0	0	0
0,94	0	0	0
0,95	0	0	0
0,96	0	0	0
0,97	0	0	0
0,98	0	0	0
0,99	0	0	0
1	0	0	0
1,01	0	0	0
1,02	0	0	0
1,03	0	0	0
1,04	0	0	0
1,05	0	0	0
1,06	0	0	0
1,07	0	0	0
1,08	0	0	0
1,09	0	0	0
1,1	0	0	0
1,11	0	0	0
1,12	0	0	0
1,13	0	0	0
1,14	0	0	0
1,15	0	0	0
1,16	0	0	0
1,17	0	0	0
1,18	0	0	0
1,19	0	0	0
1,2	0	0	0
1,21	0	0	0
1,22	0	0	0
1,23	0	0	0
1,24	0	0	0
1,25	0	0	0
1,26	0	0	0
1,27	0	0	0
1,28	0	0	0
1,29	0	0	0
1,3	0	0	0
1,31	0	0	0
1,32	0	0	0
1,33	0	0	0
1,34	0	0	0
1,35	0	0	0
1,36	0	0	0
1,37	0	0	0
1,38	0	0	0
1,39	0	0	0
1,4	0	0	-0,134670466975
1,41	0	0	-0,942693268823
1,42	0	0	-4,57879587714
1,43	0	-0,0484813681109	-11,9856715607
1,44	0	-0,193925472444	-21,277933782
1,45	0	-0,630257785441	-16,9684788388
1,46	-0,0174532925199	-0,678739153553	-0,538681867976
1,47	-0,0174532925199	-0,387850944888	-4,71346634425
1,48	-0,0174532925199	-0,727220521667	-13,1977057636
1,49	-0,0349065850399	-0,824183257889	-8,21489848538
1,5	-0,0349065850399	-0,872664625997	-3,77077307516
1,51	-0,0523598775599	-0,872664625996	-0,808022801772
1,52	-0,0523598775599	-0,872664625996	-0,134670466951
1,53	-0,0698131700798	-0,872664625996	-2,36841410681E-011
1,54	-0,0698131700798	-0,872664625996	-0,134670467051
1,55	-0,0872664625997	-0,872664625997	-0,80802280198
1,56	-0,0872664625997	-0,872664626	-3,77077307537
1,57	-0,10471975512	-0,921145994111	-8,21489848538
1,58	-0,10471975512	-1,01810873033	-13,1977057634
1,59	-0,12217304764	-1,3574783071	-4,57879587707
1,6	-0,13962634016	-1,06659009844	0,404011400924
1,61	-0,13962634016	-1,11507146655	-12,3896829617
1,62	-0,157079632679	-1,50292241144	-9,42693268836
1,63	-0,174532925199	-1,50292241144	8,48423941932
1,64	-0,191986217719	-1,11507146655	8,61890988646
1,65	-0,191986217719	-1,11507146655	-8,61890988625
1,66	-0,209439510239	-1,50292241144	-8,61890988633
1,67	-0,226892802759	-1,50292241144	8,48423941936
1,68	-0,244346095279	-1,11507146655	7,67621661743
1,69	-0,244346095279	-1,11507146655	-13,0630352966
1,7	-0,261799387799	-1,55140377955	-19,5272177113
1,71	-0,279252680319	-1,69684788388	-7,27220521658
1,72	-0,296705972839	-1,69684788388	7,27220521658
1,73	-0,314159265359	-1,55140377955	19,5272177113
1,74	-0,331612557879	-1,11507146655	13,0630352966
1,75	-0,331612557879	-1,11507146655	-7,67621661742
1,76	-0,349065850399	-1,50292241144	-8,34956895236
1,77	-0,366519142919	-1,50292241144	9,42693268823
1,78	-0,383972435439	-1,11507146655	12,2550124946
1,79	-0,383972435439	-1,06659009844	-1,2120342029
1,8	-0,401425727959	-1,35747830711	0,808022801768
1,81	-0,418879020479	-1,06659009844	5,11747774512
1,82	-0,418879020479	-1,06659009844	-4,04011400911
1,83	-0,436332312999	-1,3574783071	3,77077307536
1,84	-0,453785605519	-1,01810873033	13,0630352965
1,85	-0,453785605519	-0,921145994107	8,21489848538
1,86	-0,471238898038	-0,872664625997	3,90544354213
1,87	-0,471238898038	-0,872664626	1,61604560362
1,88	-0,488692190558	-0,872664626	3,90544354235
1,89	-0,488692190558	-0,824183257886	8,21489848559
1,9	-0,506145483078	-0,727220521664	13,0630352966
1,91	-0,506145483078	-0,387850944887	3,77077307532
1,92	-0,506145483078	-0,678739153552	-4,04011400923
1,93	-0,523598775598	-0,678739153552	5,11747774504
1,94	-0,523598775598	-0,387850944887	0,942693268823
1,95	-0,523598775598	-0,678739153552	-0,269340933949
1,96	-0,541052068118	-0,630257785441	16,8338083718
1,97	-0,541052068118	-0,193925472444	21,277933782
1,98	-0,541052068118	-0,0484813681109	11,9856715607
1,99	-0,541052068118	0	4,57879587714
2	-0,541052068118	0	0,942693268823
2,01	-0,541052068118	0	0,134670466975
2,02	-0,541052068118	0	0,134670466975
2,03	-0,541052068118	0	0,942693268823
2,04	-0,541052068118	0	4,57879587714
2,05	-0,541052068118	0,0484813681109	11,9856715607
2,06	-0,541052068118	0,193925472444	21,277933782
2,07	-0,541052068118	0,630257785441	16,9684788388
2,08	-0,523598775598	0,678739153552	0,673352334874
2,09	-0,523598775598	0,387850944887	5,52148914597
2,1	-0,523598775598	0,727220521663	16,9684788388
2,11	-0,506145483078	0,872664625996	16,429796971
2,12	-0,506145483078	1,01810873033	16,833808372
2,13	-0,488692190558	1,35747830711	4,57879587722
2,14	-0,471238898038	1,06659009844	-3,90544354234
2,15	-0,471238898038	1,06659009844	5,11747774491
2,16	-0,453785605519	1,35747830711	0,942693268775
2,17	-0,436332312999	1,06659009844	-0,269340933902
2,18	-0,436332312999	1,11507146655	16,833808372
2,19	-0,418879020479	1,55140377955	21,2779337821
2,2	-0,401425727959	1,69684788388	11,9856715607
2,21	-0,383972435439	1,74532925199	4,57879587704
2,22	-0,366519142919	1,74532925199	0,942693268823
2,23	-0,349065850399	1,74532925199	0,269340934053
2,24	-0,331612557879	1,745329252	0,942693268903
2,25	-0,314159265359	1,745329252	4,57879587709
2,26	-0,296705972839	1,7938106201	11,8510010937
2,27	-0,279252680319	1,93925472444	20,3352405132
2,28	-0,261799387799	2,37558703744	12,3896829618
2,29	-0,226892802759	2,37558703744	-11,3123192259
2,3	-0,209439510239	1,93925472444	-15,756444636
2,31	-0,191986217719	1,84229198822	0,134670466983
2,32	-0,174532925199	1,93925472444	16,6991379048
2,33	-0,157079632679	2,37558703743	15,891115103
2,34	-0,12217304764	2,42406840555	-0,404011400864
2,35	-0,10471975512	2,13318019688	0,942693268903
2,36	-0,0872664625997	2,42406840555	4,98280727806
2,37	-0,0523598775599	2,42406840555	-4,98280727806
2,38	-0,0349065850399	2,13318019688	-0,808022801816
2,39	-0,0174532925199	2,42406840555	1,21203420274
2,4	0,0174532925199	2,37558703744	-12,2550124947
2,41	0,0349065850398	1,98773609255	-9,29226222124
2,42	0,0523598775599	1,98773609255	9,29226222117
2,43	0,0698131700798	2,37558703743	12,2550124946
2,44	0,10471975512	2,42406840555	-1,34670466969
2,45	0,12217304764	2,13318019688	-0,134670466895
2,46	0,13962634016	2,42406840555	0,53868186789
2,47	0,174532925199	2,37558703744	-15,891115103
2,48	0,191986217719	1,93925472444	-16,6991379049
2,49	0,209439510239	1,84229198822	-0,134670467055
2,5	0,226892802759	1,93925472444	15,756444636
2,51	0,244346095279	2,37558703743	11,3123192259
2,52	0,279252680319	2,37558703744	-12,3896829616
2,53	0,296705972839	1,93925472444	-20,3352405132
2,54	0,314159265359	1,7938106201	-11,8510010938
2,55	0,331612557879	1,74532925199	-4,57879587708
2,56	0,349065850399	1,745329252	-1,07736373574
2,57	0,366519142919	1,745329252	-1,07736373585
2,58	0,383972435439	1,74532925199	-4,5787958772
2,59	0,401425727959	1,69684788388	-11,8510010937
2,6	0,418879020479	1,55140377955	-20,4699109801
2,61	0,436332312999	1,11507146655	-13,1977057636
2,62	0,436332312999	1,11507146655	7,54154615045
2,63	0,453785605519	1,50292241144	7,54154615051
2,64	0,471238898038	1,50292241144	-13,1977057635
2,65	0,488692190558	1,06659009844	-20,4699109801
2,66	0,488692190558	0,921145994107	-11,8510010937
2,67	0,506145483078	0,872664625997	-4,71346634398
2,68	0,506145483078	0,872664626	-1,88538653757
2,69	0,523598775598	0,872664626	-4,84813681117
2,7	0,523598775598	0,824183257886	-12,6590238958
2,71	0,541052068118	0,678739153553	-24,1060135885
2,72	0,541052068118	0,193925472444	-20,4699109802
2,73	0,541052068118	0,0969627362218	-0,942693268829
2,74	0,541052068118	0,193925472444	15,6217741691
2,75	0,541052068118	0,630257785441	11,1776487589
2,76	0,558505360638	0,630257785441	-13,3323762305
2,77	0,558505360638	0,193925472444	-24,9140363903
2,78	0,558505360638	0	-23,7020021875
2,79	0,558505360638	-0,193925472444	-25,0487068573
2,8	0,558505360638	-0,630257785441	-14,1403990323
2,81	0,541052068118	-0,630257785441	7,40687568361
2,82	0,541052068118	-0,242406840554	7,54154615058
2,83	0,541052068118	-0,242406840554	-13,1977057635
2,84	0,541052068118	-0,678739153553	-20,4699109802
2,85	0,523598775598	-0,824183257886	-11,8510010939
2,86	0,523598775598	-0,872664626	-4,71346634419
2,87	0,506145483078	-0,872664626	-1,88538653757
2,88	0,506145483078	-0,872664625997	-4,71346634398
2,89	0,488692190558	-0,921145994107	-11,8510010937
2,9	0,488692190558	-1,06659009844	-20,4699109801
2,91	0,471238898038	-1,50292241144	-13,1977057635
2,92	0,453785605519	-1,50292241144	7,54154615051
2,93	0,436332312999	-1,11507146655	7,54154615045
2,94	0,436332312999	-1,11507146655	-13,1977057636
2,95	0,418879020479	-1,55140377955	-20,4699109801
2,96	0,401425727959	-1,69684788388	-11,8510010937
2,97	0,383972435439	-1,74532925199	-4,5787958772
2,98	0,366519142919	-1,745329252	-0,942693268879
2,99	0,349065850399	-1,745329252	-0,269340933893
3	0,331612557879	-1,74532925199	-0,942693268767
3,01	0,314159265359	-1,74532925199	-4,5787958772
3,02	0,296705972839	-1,79381062011	-11,8510010938
3,03	0,279252680319	-1,93925472444	-20,4699109801
3,04	0,261799387799	-2,37558703743	-13,1977057635
3,05	0,226892802759	-2,37558703743	7,6762166175
3,06	0,209439510239	-1,98773609255	8,48423941932
3,07	0,191986217719	-1,98773609255	-8,61890988637
3,08	0,174532925199	-2,37558703744	-8,61890988638
3,09	0,13962634016	-2,37558703744	8,61890988637
3,1	0,12217304764	-1,98773609255	8,48423941948
3,11	0,10471975512	-1,98773609255	-9,42693268817
3,12	0,0872664625997	-2,37558703743	-12,2550124948
3,13	0,0523598775599	-2,42406840555	1,34670466967
3,14	0,0349065850398	-2,13318019688	7,89985361078E-012
3,15	0,0174532925199	-2,42406840555	-1,34670466975
3,16	-0,0174532925199	-2,37558703744	12,2550124947
3,17	-0,0349065850399	-1,98773609255	9,42693268826
3,18	-0,0523598775599	-1,98773609255	-8,4842394194
3,19	-0,0698131700798	-2,37558703744	-8,61890988639
3,2	-0,10471975512	-2,37558703744	8,61890988646
3,21	-0,12217304764	-1,98773609255	8,61890988644
3,22	-0,13962634016	-1,98773609255	-8,48423941946
3,23	-0,157079632679	-2,37558703744	-7,81088708459
3,24	-0,191986217719	-2,37558703744	12,2550124948
3,25	-0,209439510239	-1,93925472444	15,8911151031
3,26	-0,226892802759	-1,84229198822	-6,14101362354E-011
3,27	-0,244346095279	-1,93925472444	-15,7564446361
3,28	-0,261799387799	-2,37558703744	-11,3123192259
3,29	-0,296705972839	-2,37558703744	12,3896829617
3,3	-0,314159265359	-1,93925472444	20,4699109801
3,31	-0,331612557879	-1,79381062011	12,7936943627
3,32	-0,349065850399	-1,74532925199	9,15759175441
3,33	-0,366519142919	-1,69684788388	12,7936943626
3,34	-0,383972435439	-1,55140377955	20,6045814471
3,35	-0,401425727959	-1,11507146655	13,1977057634
3,36	-0,401425727959	-1,11507146655	-7,67621661764
3,37	-0,418879020479	-1,50292241144	-8,34956895236
3,38	-0,436332312999	-1,50292241144	9,42693268833
3,39	-0,453785605519	-1,11507146655	12,3896829617
3,4	-0,453785605519	-1,06659009844	-0,269340934052
3,41	-0,471238898038	-1,35747830711	5,38681867891
3,42	-0,488692190558	-1,01810873033	16,9684788389
3,43	-0,488692190558	-0,872664625997	16,429796971
3,44	-0,506145483078	-0,727220521664	16,8338083719
3,45	-0,506145483078	-0,387850944887	4,57879587717
3,46	-0,506145483078	-0,678739153552	-3,90544354226
3,47	-0,523598775598	-0,678739153552	5,11747774504
3,48	-0,523598775598	-0,387850944887	0,942693268823
3,49	-0,523598775598	-0,678739153552	-0,269340933949
3,5	-0,541052068118	-0,630257785441	16,8338083718
3,51	-0,541052068118	-0,193925472444	21,412604249
3,52	-0,541052068118	-0,0484813681109	12,9283648296
3,53	-0,541052068118	0	9,15759175428
3,54	-0,541052068118	0,0484813681109	12,9283648296
3,55	-0,541052068118	0,193925472444	21,412604249
3,56	-0,541052068118	0,630257785441	16,8338083718
3,57	-0,523598775598	0,678739153552	-0,269340933949
3,58	-0,523598775598	0,387850944887	0,942693268823
3,59	-0,523598775598	0,678739153552	5,11747774504
3,6	-0,506145483078	0,678739153552	-3,90544354226
3,61	-0,506145483078	0,387850944887	4,57879587717
3,62	-0,506145483078	0,727220521664	16,8338083719
3,63	-0,488692190558	0,872664625997	16,429796971
3,64	-0,488692190558	1,01810873033	16,9684788389
3,65	-0,471238898038	1,35747830711	5,38681867891
3,66	-0,453785605519	1,06659009844	-0,269340934052
3,67	-0,453785605519	1,11507146655	12,3896829617
3,68	-0,436332312999	1,50292241144	9,42693268833
3,69	-0,418879020479	1,50292241144	-8,34956895236
3,7	-0,401425727959	1,11507146655	-7,67621661764
3,71	-0,401425727959	1,11507146655	13,1977057634
3,72	-0,383972435439	1,55140377955	20,4699109801
3,73	-0,366519142919	1,69684788388	11,9856715608
3,74	-0,349065850399	1,74532925199	5,52148914609
3,75	-0,331612557879	1,745329252	5,52148914607
3,76	-0,314159265359	1,79381062011	11,9856715607
3,77	-0,296705972839	1,93925472444	20,3352405132
3,78	-0,279252680319	2,37558703744	12,3896829617
3,79	-0,244346095279	2,37558703744	-11,312319226
3,8	-0,226892802759	1,93925472444	-15,7564446361
3,81	-0,209439510239	1,84229198822	5,52656685847E-011
3,82	-0,191986217719	1,93925472444	15,8911151031
3,83	-0,174532925199	2,37558703744	12,2550124946
3,84	-0,13962634016	2,37558703743	-7,81088708459
3,85	-0,12217304764	1,98773609255	-8,34956895237
3,86	-0,10471975512	1,98773609255	9,42693268831
3,87	-0,0872664625997	2,37558703744	12,2550124947
3,88	-0,0523598775599	2,42406840555	-1,34670466974
3,89	-0,0349065850399	2,13318019688	3,24598372872E-011
3,9	-0,0174532925199	2,42406840555	1,34670466971
3,91	0,0174532925199	2,37558703744	-12,2550124947
3,92	0,0349065850398	1,98773609255	-9,42693268822
3,93	0,0523598775599	1,98773609255	8,48423941932
3,94	0,0698131700798	2,37558703743	8,61890988632
3,95	0,10471975512	2,37558703743	-8,61890988632
3,96	0,12217304764	1,98773609255	-8,6189098863
3,97	0,13962634016	1,98773609255	8,4842394194
3,98	0,157079632679	2,37558703744	7,81088708453
3,99	0,191986217719	2,37558703744	-12,2550124947
4	0,209439510239	1,93925472444	-15,8911151031
4,01	0,226892802759	1,84229198822	-6,0849473608E-011
4,02	0,244346095279	1,93925472444	15,7564446361
4,03	0,261799387799	2,37558703744	11,3123192259
4,04	0,296705972839	2,37558703744	-12,3896829617
4,05	0,314159265359	1,93925472444	-20,4699109802
4,06	0,331612557879	1,7938106201	-12,7936943625
4,07	0,349065850399	1,745329252	-9,15759175423
4,08	0,366519142919	1,69684788388	-12,7936943627
4,09	0,383972435439	1,55140377955	-20,6045814472
4,1	0,401425727959	1,11507146655	-13,1977057635
4,11	0,401425727959	1,11507146655	7,67621661766
4,12	0,418879020479	1,50292241144	8,3495689525
4,13	0,436332312999	1,50292241144	-9,42693268831
4,14	0,453785605519	1,11507146655	-12,3896829618
4,15	0,453785605519	1,06659009844	0,404011400848
4,16	0,471238898038	1,3574783071	-4,57879587716
4,17	0,488692190558	1,01810873033	-13,3323762305
4,18	0,488692190558	0,921145994107	-9,02292128723
4,19	0,506145483078	0,872664625997	-7,54154615045
4,2	0,506145483078	0,824183257889	-9,02292128722
4,21	0,523598775598	0,727220521667	-13,3323762306
4,22	0,523598775598	0,387850944888	-4,71346634425
4,23	0,523598775598	0,678739153553	-0,538681867976
4,24	0,541052068118	0,630257785441	-16,9684788388
4,25	0,541052068118	0,193925472444	-21,277933782
4,26	0,541052068118	0,0484813681109	-11,9856715607
4,27	0,541052068118	0	-4,57879587714
4,28	0,541052068118	0	-1,0773637358
4,29	0,541052068118	0	-1,0773637358
4,3	0,541052068118	0	-4,57879587714
4,31	0,541052068118	-0,0484813681109	-11,9856715607
4,32	0,541052068118	-0,193925472444	-21,277933782
4,33	0,541052068118	-0,630257785441	-16,9684788388
4,34	0,523598775598	-0,678739153553	-0,538681867976
4,35	0,523598775598	-0,387850944888	-4,71346634425
4,36	0,523598775598	-0,727220521667	-13,3323762306
4,37	0,506145483078	-0,824183257889	-9,02292128722
4,38	0,506145483078	-0,872664625997	-7,54154615045
4,39	0,488692190558	-0,921145994107	-9,02292128723
4,4	0,488692190558	-1,01810873033	-13,3323762305
4,41	0,471238898038	-1,3574783071	-4,71346634414
4,42	0,453785605519	-1,06659009844	-0,404011401
4,43	0,453785605519	-1,11507146655	-16,0257855701
4,44	0,436332312999	-1,55140377955	-16,6991379049
4,45	0,418879020479	-1,64836651577	-0,134670466901
4,46	0,401425727959	-1,55140377955	15,7564446361
4,47	0,383972435439	-1,11507146655	11,1776487589
4,48	0,383972435439	-1,11507146655	-13,3323762306
4,49	0,366519142919	-1,55140377955	-24,9140363904
4,5	0,349065850399	-1,745329252	-23,7020021875
4,51	0,331612557879	-1,93925472444	-24,9140363903
4,52	0,314159265359	-2,37558703744	-13,1977057635
4,53	0,279252680319	-2,37558703744	11,9856715608
4,54	0,261799387799	-1,93925472444	19,3925472445
4,55	0,244346095279	-1,7938106201	7,27220521663
4,56	0,226892802759	-1,7938106201	-7,27220521674
4,57	0,209439510239	-1,93925472444	-19,5272177114
4,58	0,191986217719	-2,37558703744	-13,0630352965
4,59	0,157079632679	-2,37558703744	7,67621661756
4,6	0,13962634016	-1,98773609255	8,4842394194
4,61	0,12217304764	-1,98773609255	-8,6189098863
4,62	0,10471975512	-2,37558703743	-8,61890988632
4,63	0,0698131700798	-2,37558703743	8,61890988632
4,64	0,0523598775599	-1,98773609255	8,48423941932
4,65	0,0349065850398	-1,98773609255	-9,42693268822
4,66	0,0174532925199	-2,37558703744	-12,2550124947
4,67	-0,0174532925199	-2,42406840555	1,34670466971
4,68	-0,0349065850399	-2,13318019688	0,134670467007
4,69	-0,0523598775599	-2,42406840555	-0,538681867893
4,7	-0,0872664625997	-2,37558703744	15,891115103
4,71	-0,10471975512	-1,93925472444	16,6991379049
4,72	-0,12217304764	-1,84229198822	0,134670467036
4,73	-0,13962634016	-1,93925472444	-15,7564446361
4,74	-0,157079632679	-2,37558703744	-11,3123192259
4,75	-0,191986217719	-2,37558703744	12,2550124948
4,76	-0,209439510239	-1,93925472444	19,3925472444
4,77	-0,226892802759	-1,7938106201	7,27220521657
4,78	-0,244346095279	-1,79381062011	-7,13753474974
4,79	-0,261799387799	-1,93925472444	-18,4498539755
4,8	-0,279252680319	-2,37558703744	-7,54154615058
4,81	-0,314159265359	-2,32710566933	24,1060135885
4,82	-0,331612557879	-1,745329252	40,6704810265
4,83	-0,349065850399	-1,16355283466	24,1060135886
4,84	-0,349065850399	-1,11507146655	-7,54154615053
4,85	-0,366519142919	-1,55140377955	-18,4498539756
4,86	-0,383972435439	-1,69684788388	-7,13753474978
4,87	-0,401425727959	-1,69684788388	7,40687568353
4,88	-0,418879020479	-1,55140377955	20,3352405133
4,89	-0,436332312999	-1,11507146655	16,833808372
4,9	-0,436332312999	-1,06659009844	0,538681867946
4,91	-0,453785605519	-1,35747830711	4,71346634407
4,92	-0,471238898038	-1,01810873033	13,3323762304
4,93	-0,471238898038	-0,921145994111	9,02292128722
4,94	-0,488692190558	-0,872664626	7,54154615066
4,95	-0,488692190558	-0,824183257886	9,02292128744
4,96	-0,506145483078	-0,727220521664	13,3323762306
4,97	-0,506145483078	-0,387850944887	4,71346634414
4,98	-0,506145483078	-0,678739153552	0,538681867905
4,99	-0,523598775598	-0,630257785441	16,9684788388
5	-0,523598775598	-0,193925472444	21,277933782
5,01	-0,523598775598	-0,0484813681109	11,9856715607
5,02	-0,523598775598	0	4,57879587714
5,03	-0,523598775598	0	0,942693268823
5,04	-0,523598775598	0	0,269340933949
5,05	-0,523598775598	0	0,942693268823
5,06	-0,523598775598	0	4,71346634411
5,07	-0,523598775598	0,0484813681109	12,7936943626
5,08	-0,523598775598	0,193925472444	24,9140363903
5,09	-0,523598775598	0,678739153552	24,2406840554
5,1	-0,506145483078	0,824183257885	9,15759175428
5,11	-0,506145483078	0,824183257885	-2,55873887249
5,12	-0,488692190558	0,727220521664	-7,5415461505
5,13	-0,488692190558	0,436332312999	8,34956895256
5,14	-0,488692190558	0,872664626	25,3180477913
5,15	-0,471238898038	1,308996939	11,8510010937
5,16	-0,453785605519	1,06659009844	-0,269340934076
5,17	-0,453785605519	1,06659009844	5,92550054684
5,18	-0,436332312999	1,35747830711	1,07736373584
5,19	-0,418879020479	1,06659009844	-0,269340933823
5,2	-0,418879020479	1,11507146655	16,8338083719
5,21	-0,401425727959	1,55140377955	21,2779337819
5,22	-0,383972435439	1,69684788388	11,9856715606
5,23	-0,366519142919	1,74532925199	4,57879587714
5,24	-0,349065850399	1,74532925199	0,942693268926
5,25	-0,331612557879	1,745329252	0,134670467055
5,26	-0,314159265359	1,745329252	-5,08796708469E-011
5,27	-0,296705972839	1,74532925199	0,13467046692
5,28	-0,279252680319	1,74532925199	0,942693268884
5,29	-0,261799387799	1,745329252	4,57879587722
5,3	-0,244346095279	1,79381062011	11,8510010938
5,31	-0,226892802759	1,93925472444	20,3352405132
5,32	-0,209439510239	2,37558703744	12,3896829617
5,33	-0,174532925199	2,37558703744	-11,312319226
5,34	-0,157079632679	1,93925472444	-15,7564446361
5,35	-0,13962634016	1,84229198821	0,134670466975
5,36	-0,12217304764	1,93925472444	16,699137905
5,37	-0,10471975512	2,37558703744	15,8911151031
5,38	-0,0698131700798	2,42406840555	-0,538681867901
5,39	-0,0523598775599	2,13318019688	0,134670466981
5,4	-0,0349065850399	2,42406840555	1,34670466978
5,41	0	2,37558703744	-12,2550124947
5,42	0,0174532925199	1,98773609255	-9,42693268823
5,43	0,0349065850398	1,98773609255	8,48423941941
5,44	0,0523598775599	2,37558703744	8,6189098863
5,45	0,0872664625997	2,37558703743	-8,61890988644
5,46	0,10471975512	1,98773609255	-8,61890988632
5,47	0,12217304764	1,98773609255	8,48423941948
5,48	0,13962634016	2,37558703744	7,67621661755
5,49	0,174532925199	2,37558703744	-13,1977057635
5,5	0,191986217719	1,93925472444	-20,4699109801
5,51	0,209439510239	1,79381062011	-11,7163306269
5,52	0,226892802759	1,74532925199	-3,7707730754
5,53	0,244346095279	1,74532925199	2,69340933949
5,54	0,261799387799	1,7938106201	7,13753474976
5,55	0,279252680319	1,89077335633	8,48423941948
5,56	0,296705972839	2,18166156499	-8,08022801853
5,57	0,331612557879	1,74532925199	-24,5100249894
5,58	0,331612557879	1,308996939	-8,08022801842
5,59	0,349065850399	1,59988514766	8,34956895249
5,6	0,366519142919	1,69684788388	6,32951194775
5,61	0,383972435439	1,74532925199	-0,942693268879
5,62	0,401425727959	1,69684788388	-11,1776487588
5,63	0,418879020479	1,55140377955	-21,143263315
5,64	0,436332312999	1,11507146655	-16,9684788389
5,65	0,436332312999	1,06659009844	-0,538681868032
5,66	0,453785605519	1,35747830711	-4,71346634419
5,67	0,471238898038	1,01810873033	-13,1977057635
5,68	0,471238898038	0,921145994107	-8,21489848546
5,69	0,488692190558	0,872664625996	-3,90544354224
5,7	0,488692190558	0,872664625996	-1,75071607059
5,71	0,506145483078	0,872664625997	-4,84813681096
5,72	0,506145483078	0,824183257889	-12,6590238955
5,73	0,523598775598	0,678739153556	-24,1060135885
5,74	0,523598775598	0,193925472445	-20,4699109803
5,75	0,523598775598	0,0969627362221	-0,9426932689
5,76	0,523598775598	0,193925472444	15,4871037021
5,77	0,523598775598	0,630257785441	10,369625957
5,78	0,541052068118	0,630257785441	-16,9684788388
5,79	0,541052068118	0,145444104333	-32,1862416069
5,8	0,541052068118	-0,145444104333	-32,3209120739
5,81	0,541052068118	-0,630257785441	-17,7765016407
5,82	0,523598775598	-0,630257785441	6,7335233487
5,83	0,523598775598	-0,242406840555	8,21489848538
5,84	0,523598775598	-0,242406840556	-9,42693268836
5,85	0,523598775598	-0,630257785446	-12,3896829618
5,86	0,506145483078	-0,678739153556	0,269340934029
5,87	0,506145483078	-0,387850944888	-5,38681867885
5,88	0,506145483078	-0,727220521664	-16,9684788387
5,89	0,488692190558	-0,872664625996	-16,4297969709
5,9	0,488692190558	-1,01810873033	-16,8338083718
5,91	0,471238898038	-1,3574783071	-4,57879587717
5,92	0,453785605519	-1,06659009844	3,90544354219
5,93	0,453785605519	-1,06659009844	-5,11747774517
5,94	0,436332312999	-1,35747830711	-0,942693268903
5,95	0,418879020479	-1,06659009844	0,269340934023
5,96	0,418879020479	-1,11507146655	-16,8338083717
5,97	0,401425727959	-1,55140377955	-21,277933782
5,98	0,383972435439	-1,69684788388	-11,9856715608
5,99	0,366519142919	-1,745329252	-4,57879587722
6	0,349065850399	-1,745329252	-0,942693268772
6,01	0,331612557879	-1,74532925199	-0,134670466919
6,02	0,314159265359	-1,74532925199	-0,134670467031
6,03	0,296705972839	-1,745329252	-0,942693268879
6,04	0,279252680319	-1,745329252	-4,57879587708
6,05	0,261799387799	-1,7938106201	-11,8510010937
6,06	0,244346095279	-1,93925472444	-20,3352405132
6,07	0,226892802759	-2,37558703744	-12,3896829617
6,08	0,191986217719	-2,37558703744	11,3123192259
6,09	0,174532925199	-1,93925472444	15,7564446361
6,1	0,157079632679	-1,84229198822	-5,61439783553E-011
6,11	0,13962634016	-1,93925472444	-15,8911151031
6,12	0,12217304764	-2,37558703744	-12,2550124946
6,13	0,0872664625997	-2,37558703743	7,81088708459
6,14	0,0698131700798	-1,98773609255	8,48423941934
6,15	0,0523598775599	-1,98773609255	-8,61890988646
6,16	0,0349065850398	-2,37558703744	-8,61890988637
6,17	0	-2,37558703744	8,61890988637
6,18	-0,0174532925199	-1,98773609255	8,61890988635
6,19	-0,0349065850399	-1,98773609255	-8,61890988635
6,2	-0,0523598775599	-2,37558703744	-8,61890988637
6,21	-0,0872664625997	-2,37558703744	8,61890988637
6,22	-0,10471975512	-1,98773609255	8,61890988646
6,23	-0,12217304764	-1,98773609255	-8,48423941934
6,24	-0,13962634016	-2,37558703743	-7,67621661761
6,25	-0,174532925199	-2,37558703744	13,1977057635
6,26	-0,191986217719	-1,93925472444	20,4699109802
6,27	-0,209439510239	-1,7938106201	11,8510010938
6,28	-0,226892802759	-1,74532925199	4,57879587708
6,29	-0,244346095279	-1,745329252	0,942693268767
6,3	-0,261799387799	-1,745329252	0,134670467031
6,31	-0,279252680319	-1,74532925199	5,61427447742E-011
6,32	-0,296705972839	-1,74532925199	-5,52656685847E-011
6,33	-0,314159265359	-1,745329252	-5,08796708469E-011
6,34	-0,331612557879	-1,745329252	0,134670467055
6,35	-0,349065850399	-1,74532925199	0,942693268926
6,36	-0,366519142919	-1,74532925199	4,57879587714
6,37	-0,383972435439	-1,69684788388	11,9856715606
6,38	-0,401425727959	-1,55140377955	21,2779337819
6,39	-0,418879020479	-1,11507146655	16,9684788389
6,4	-0,418879020479	-1,06659009844	0,53868186803
6,41	-0,436332312999	-1,35747830711	4,71346634418
6,42	-0,453785605519	-1,01810873033	13,1977057635
6,43	-0,453785605519	-0,921145994107	8,21489848538
6,44	-0,471238898038	-0,872664625997	3,90544354213
6,45	-0,471238898038	-0,872664626	1,75071607059
6,46	-0,488692190558	-0,872664626	4,71346634419
6,47	-0,488692190558	-0,824183257886	11,8510010939
6,48	-0,506145483078	-0,678739153553	20,4699109802
6,49	-0,506145483078	-0,242406840554	13,1977057635
6,5	-0,506145483078	-0,242406840554	-7,54154615058
6,51	-0,506145483078	-0,630257785441	-7,54154615058
6,52	-0,523598775598	-0,630257785441	13,3323762305
6,53	-0,523598775598	-0,193925472444	21,412604249
6,54	-0,523598775598	-0,0484813681109	16,4297969709
6,55	-0,523598775598	0,0484813681109	16,4297969709
6,56	-0,523598775598	0,193925472444	21,412604249
6,57	-0,523598775598	0,630257785441	13,3323762305
6,58	-0,506145483078	0,630257785441	-7,54154615058
6,59	-0,506145483078	0,242406840554	-7,54154615058
6,6	-0,506145483078	0,242406840554	13,1977057635
6,61	-0,506145483078	0,678739153553	20,4699109802
6,62	-0,488692190558	0,824183257886	11,8510010939
6,63	-0,488692190558	0,872664626	4,57879587722
6,64	-0,471238898038	0,872664626	0,942693268743
6,65	-0,471238898038	0,872664625997	0,269340933818
6,66	-0,453785605519	0,872664625996	0,942693268752
6,67	-0,453785605519	0,872664625996	4,71346634411
6,68	-0,436332312999	0,921145994107	12,6590238957
6,69	-0,436332312999	1,06659009844	24,1060135886
6,7	-0,418879020479	1,55140377955	20,4699109802
6,71	-0,401425727959	1,64836651577	0,942693268744
6,72	-0,383972435439	1,55140377955	-15,6217741692
6,73	-0,366519142919	1,11507146655	-11,3123192259
6,74	-0,366519142919	1,11507146655	12,5243534287
6,75	-0,349065850399	1,55140377955	21,2779337821
6,76	-0,331612557879	1,69684788388	16,429796971
6,77	-0,314159265359	1,79381062011	16,4297969709
6,78	-0,296705972839	1,93925472444	21,277933782
6,79	-0,279252680319	2,37558703744	12,3896829617
6,8	-0,244346095279	2,37558703744	-12,2550124948
6,81	-0,226892802759	1,93925472444	-20,2005700463
6,82	-0,209439510239	1,7938106201	-10,9083078249
6,83	-0,191986217719	1,745329252	5,61495294704E-011
6,84	-0,174532925199	1,79381062011	10,9083078249
6,85	-0,157079632679	1,93925472444	20,3352405131
6,86	-0,13962634016	2,37558703743	13,1977057636
6,87	-0,10471975512	2,37558703744	-7,67621661748
6,88	-0,0872664625997	1,98773609255	-8,48423941941
6,89	-0,0698131700798	1,98773609255	8,61890988638
6,9	-0,0523598775599	2,37558703744	8,61890988639
6,91	-0,0174532925199	2,37558703744	-8,61890988646
6,92	0	1,98773609255	-8,61890988644
6,93	0,0174532925199	1,98773609255	8,48423941946
6,94	0,0349065850398	2,37558703744	7,81088708459
6,95	0,0698131700798	2,37558703744	-12,2550124948
6,96	0,0872664625997	1,93925472444	-15,8911151031
6,97	0,10471975512	1,84229198822	6,14101362354E-011
6,98	0,12217304764	1,93925472444	15,7564446361
6,99	0,13962634016	2,37558703744	11,3123192259
7	0,174532925199	2,37558703744	-12,3896829617
7,01	0,191986217719	1,93925472444	-20,3352405132
7,02	0,209439510239	1,79381062011	-11,8510010939
7,03	0,226892802759	1,74532925199	-4,57879587725
7,04	0,244346095279	1,74532925199	-0,942693268824
7,05	0,261799387799	1,74532925199	-0,134670466871
7,06	0,279252680319	1,745329252	7,98268858423E-011
7,07	0,296705972839	1,745329252	-5,08796708469E-011
7,08	0,314159265359	1,74532925199	-5,52656685847E-011
7,09	0,331612557879	1,74532925199	-0,134670466919
7,1	0,349065850399	1,745329252	-0,942693268772
7,11	0,366519142919	1,745329252	-4,57879587722
7,12	0,383972435439	1,69684788388	-11,9856715608
7,13	0,401425727959	1,55140377955	-21,277933782
7,14	0,418879020479	1,11507146655	-16,8338083717
7,15	0,418879020479	1,06659009844	0,269340934023
7,16	0,436332312999	1,35747830711	-1,07736373588
7,17	0,453785605519	1,06659009844	-5,92550054702
7,18	0,453785605519	1,06659009844	0,269340933872
7,19	0,471238898038	1,30899693899	-11,9856715608
7,2	0,488692190558	0,872664625996	-26,1260705931
7,21	0,488692190558	0,436332312998	-11,9856715607
7,22	0,488692190558	0,678739153552	0,269340933979
7,23	0,506145483078	0,678739153553	-5,92550054681
7,24	0,506145483078	0,387850944888	-1,07736373566
7,25	0,506145483078	0,678739153556	0,269340934029
7,26	0,523598775598	0,630257785446	-16,8338083719
7,27	0,523598775598	0,193925472445	-21,2779337821
7,28	0,523598775598	0,0484813681112	-11,9856715608
7,29	0,523598775598	0	-4,71346634414
7,3	0,523598775598	0	-1,88538653766
7,31	0,523598775598	0	-4,71346634414
7,32	0,523598775598	-0,0484813681112	-11,9856715608
7,33	0,523598775598	-0,193925472445	-21,2779337821
7,34	0,523598775598	-0,630257785446	-16,8338083719
7,35	0,506145483078	-0,678739153556	0,269340934029
7,36	0,506145483078	-0,387850944888	-1,07736373566
7,37	0,506145483078	-0,678739153553	-5,92550054681
7,38	0,488692190558	-0,678739153552	0,269340933979
7,39	0,488692190558	-0,436332312998	-11,9856715607
7,4	0,488692190558	-0,872664625996	-26,1260705931
7,41	0,471238898038	-1,30899693899	-11,9856715608
7,42	0,453785605519	-1,06659009844	0,269340933872
7,43	0,453785605519	-1,06659009844	-5,92550054702
7,44	0,436332312999	-1,35747830711	-1,07736373588
7,45	0,418879020479	-1,06659009844	0,269340934023
7,46	0,418879020479	-1,11507146655	-16,8338083717
7,47	0,401425727959	-1,55140377955	-21,277933782
7,48	0,383972435439	-1,69684788388	-11,9856715608
7,49	0,366519142919	-1,745329252	-4,57879587722
7,5	0,349065850399	-1,745329252	-0,942693268772
7,51	0,331612557879	-1,74532925199	-0,134670466919
7,52	0,314159265359	-1,74532925199	-5,52656685847E-011
7,53	0,296705972839	-1,745329252	-5,08796708469E-011
7,54	0,279252680319	-1,745329252	7,98268858423E-011
7,55	0,261799387799	-1,74532925199	1,03514110863E-010
7,56	0,244346095279	-1,74532925199	-0,134670466976
7,57	0,226892802759	-1,74532925199	-0,942693268932
7,58	0,209439510239	-1,745329252	-4,57879587724
7,59	0,191986217719	-1,79381062011	-11,8510010938
7,6	0,174532925199	-1,93925472444	-20,4699109802
7,61	0,157079632679	-2,37558703744	-13,1977057635
7,62	0,12217304764	-2,37558703744	7,67621661764
7,63	0,10471975512	-1,98773609255	8,48423941947
7,64	0,0872664625997	-1,98773609255	-8,61890988643
7,65	0,0698131700798	-2,37558703744	-8,61890988644
7,66	0,0349065850398	-2,37558703744	8,61890988644
7,67	0,0174532925199	-1,98773609255	8,61890988643
7,68	0	-1,98773609255	-8,48423941947
7,69	-0,0174532925199	-2,37558703744	-7,81088708461
7,7	-0,0523598775599	-2,37558703744	12,2550124947
7,71	-0,0698131700798	-1,93925472444	15,891115103
7,72	-0,0872664625997	-1,84229198822	-8,77261226625E-012
7,73	-0,10471975512	-1,93925472444	-15,756444636
7,74	-0,12217304764	-2,37558703743	-11,3123192258
7,75	-0,157079632679	-2,37558703743	12,3896829616
7,76	-0,174532925199	-1,93925472444	20,3352405131
7,77	-0,191986217719	-1,79381062011	11,8510010938
7,78	-0,209439510239	-1,74532925199	4,5787958772
7,79	-0,226892802759	-1,74532925199	0,942693268767
7,8	-0,244346095279	-1,745329252	0,134670466919
7,81	-0,261799387799	-1,745329252	5,61427447742E-011
7,82	-0,279252680319	-1,74532925199	5,61427447742E-011
7,83	-0,296705972839	-1,74532925199	-5,52656685847E-011
7,84	-0,314159265359	-1,745329252	0,134670466925
7,85	-0,331612557879	-1,745329252	0,942693268908
7,86	-0,349065850399	-1,74532925199	4,57879587727
7,87	-0,366519142919	-1,69684788388	11,9856715608
7,88	-0,383972435439	-1,55140377955	21,277933782
7,89	-0,401425727959	-1,11507146655	16,9684788387
7,9	-0,401425727959	-1,06659009844	0,53868186782
7,91	-0,418879020479	-1,35747830711	4,71346634419
7,92	-0,436332312999	-1,01810873033	13,1977057636
7,93	-0,436332312999	-0,921145994107	8,21489848553
7,94	-0,453785605519	-0,872664625996	3,90544354227
7,95	-0,453785605519	-0,872664625996	1,61604560363
7,96	-0,471238898038	-0,872664625997	3,90544354213
7,97	-0,471238898038	-0,824183257889	8,21489848538
7,98	-0,488692190558	-0,727220521667	13,1977057636
7,99	-0,488692190558	-0,387850944888	4,71346634425
8	-0,488692190558	-0,678739153553	0,538681867976
8,01	-0,506145483078	-0,630257785441	16,9684788388
8,02	-0,506145483078	-0,193925472444	21,277933782
8,03	-0,506145483078	-0,0484813681109	11,9856715607
8,04	-0,506145483078	0	4,57879587714
8,05	-0,506145483078	0	1,0773637358
8,06	-0,506145483078	0	1,0773637358
8,07	-0,506145483078	0	4,57879587714
8,08	-0,506145483078	0,0484813681109	11,9856715607
8,09	-0,506145483078	0,193925472444	21,277933782
8,1	-0,506145483078	0,630257785441	16,9684788388
8,11	-0,488692190558	0,678739153553	0,538681867976
8,12	-0,488692190558	0,387850944888	4,71346634425
8,13	-0,488692190558	0,727220521667	13,3323762306
8,14	-0,471238898038	0,824183257889	9,02292128722
8,15	-0,471238898038	0,872664625997	7,54154615045
8,16	-0,453785605519	0,921145994107	9,02292128723
8,17	-0,453785605519	1,01810873033	13,1977057635
8,18	-0,436332312999	1,35747830711	3,77077307536
8,19	-0,418879020479	1,06659009844	-4,04011400911
8,2	-0,418879020479	1,06659009844	5,11747774512
8,21	-0,401425727959	1,35747830711	0,942693268744
8,22	-0,383972435439	1,06659009844	-0,269340934076
8,23	-0,383972435439	1,11507146655	16,8338083718
8,24	-0,366519142919	1,55140377955	21,277933782
8,25	-0,349065850399	1,69684788388	11,9856715609
8,26	-0,331612557879	1,745329252	4,57879587722
8,27	-0,314159265359	1,745329252	0,942693268773
8,28	-0,296705972839	1,74532925199	0,269340933895
8,29	-0,279252680319	1,74532925199	0,942693268884
8,3	-0,261799387799	1,745329252	4,57879587722
8,31	-0,244346095279	1,79381062011	11,8510010938
8,32	-0,226892802759	1,93925472444	20,3352405132
8,33	-0,209439510239	2,37558703744	12,2550124947
8,34	-0,174532925199	2,37558703744	-12,1203420278
8,35	-0,157079632679	1,93925472444	-19,3925472445
8,36	-0,13962634016	1,7938106201	-7,27220521663
8,37	-0,12217304764	1,7938106201	7,27220521674
8,38	-0,10471975512	1,93925472444	19,5272177114
8,39	-0,0872664625997	2,37558703744	13,0630352965
8,4	-0,0523598775599	2,37558703744	-7,67621661755
8,41	-0,0349065850399	1,98773609255	-8,48423941937
8,42	-0,0174532925199	1,98773609255	8,48423941937
8,43	0	2,37558703744	7,81088708453
8,44	0,0349065850398	2,37558703744	-12,2550124947
8,45	0,0523598775599	1,93925472444	-15,8911151031
8,46	0,0698131700798	1,84229198822	-6,14101362354E-011
8,47	0,0872664625997	1,93925472444	15,7564446361
8,48	0,10471975512	2,37558703744	11,3123192259
8,49	0,13962634016	2,37558703744	-12,3896829617
8,5	0,157079632679	1,93925472444	-20,3352405132
8,51	0,174532925199	1,7938106201	-11,7163306267
8,52	0,191986217719	1,745329252	-3,63610260826
8,53	0,209439510239	1,745329252	3,50143214129
8,54	0,226892802759	1,7938106201	10,7736373579
8,55	0,244346095279	1,93925472444	15,7564446361
8,56	0,261799387799	2,32710566933	0,404011400975
8,57	0,296705972839	2,18166156499	-32,590253008
8,58	0,314159265359	1,308996939	-32,590253008
8,59	0,314159265359	1,16355283466	0,404011400924
8,6	0,331612557879	1,55140377955	15,6217741692
8,61	0,349065850399	1,69684788388	9,9656145562
8,62	0,366519142919	1,745329252	-0,134670467049
8,63	0,383972435439	1,69684788388	-11,042978292
8,64	0,401425727959	1,55140377955	-21,143263315
8,65	0,418879020479	1,11507146655	-16,9684788387
8,66	0,418879020479	1,06659009844	-0,538681867825
8,67	0,436332312999	1,35747830711	-4,71346634419
8,68	0,453785605519	1,01810873033	-13,3323762306
8,69	0,453785605519	0,921145994107	-9,02292128738
8,7	0,471238898038	0,872664625996	-7,54154615061
8,71	0,471238898038	0,824183257885	-9,02292128731
8,72	0,488692190558	0,727220521663	-13,3323762305
8,73	0,488692190558	0,387850944887	-4,71346634411
8,74	0,488692190558	0,678739153552	-0,538681867899
8,75	0,506145483078	0,630257785441	-16,9684788388
8,76	0,506145483078	0,193925472444	-21,277933782
8,77	0,506145483078	0,0484813681109	-11,9856715607
8,78	0,506145483078	0	-4,57879587714
8,79	0,506145483078	0	-0,942693268823
8,8	0,506145483078	0	-0,134670466975
8,81	0,506145483078	0	-0,134670466975
8,82	0,506145483078	0	-0,942693268823
8,83	0,506145483078	0	-4,57879587714
8,84	0,506145483078	-0,0484813681109	-11,9856715607
8,85	0,506145483078	-0,193925472444	-21,277933782
8,86	0,506145483078	-0,630257785441	-16,9684788388
8,87	0,488692190558	-0,678739153552	-0,538681867899
8,88	0,488692190558	-0,387850944887	-4,71346634411
8,89	0,488692190558	-0,727220521663	-13,3323762305
8,9	0,471238898038	-0,824183257885	-9,02292128731
8,91	0,471238898038	-0,872664625996	-7,54154615061
8,92	0,453785605519	-0,921145994107	-9,02292128738
8,93	0,453785605519	-1,01810873033	-13,3323762306
8,94	0,436332312999	-1,35747830711	-4,71346634419
8,95	0,418879020479	-1,06659009844	-0,40401140085
8,96	0,418879020479	-1,11507146655	-16,0257855699
8,97	0,401425727959	-1,55140377955	-16,6991379049
8,98	0,383972435439	-1,64836651577	-0,134670467077
8,99	0,366519142919	-1,55140377955	15,756444636
9	0,349065850399	-1,11507146655	11,3123192259
9,01	0,349065850399	-1,11507146655	-12,3896829616
9,02	0,331612557879	-1,55140377955	-20,4699109802
9,03	0,314159265359	-1,69684788388	-12,7936943627
9,04	0,296705972839	-1,745329252	-9,15759175436
9,05	0,279252680319	-1,79381062011	-12,7936943625
9,06	0,261799387799	-1,93925472444	-20,4699109801
9,07	0,244346095279	-2,37558703743	-12,2550124948
9,08	0,209439510239	-2,37558703744	12,2550124946
9,09	0,191986217719	-1,93925472444	20,2005700463
9,1	0,174532925199	-1,7938106201	10,908307825
9,11	0,157079632679	-1,74532925199	-5,61495294704E-011
9,12	0,13962634016	-1,79381062011	-10,908307825
9,13	0,12217304764	-1,93925472444	-20,3352405131
9,14	0,10471975512	-2,37558703743	-13,1977057635
9,15	0,0698131700798	-2,37558703743	7,6762166175
9,16	0,0523598775599	-1,98773609255	8,48423941932
9,17	0,0349065850398	-1,98773609255	-8,4842394194
9,18	0,0174532925199	-2,37558703744	-7,81088708453
9,19	-0,0174532925199	-2,37558703744	12,2550124947
9,2	-0,0349065850399	-1,93925472444	15,8911151031
9,21	-0,0523598775599	-1,84229198822	6,14101362354E-011
9,22	-0,0698131700798	-1,93925472444	-15,7564446361
9,23	-0,0872664625997	-2,37558703744	-11,3123192259
9,24	-0,12217304764	-2,37558703744	12,3896829617
9,25	-0,13962634016	-1,93925472444	20,3352405132
9,26	-0,157079632679	-1,7938106201	11,8510010937
9,27	-0,174532925199	-1,745329252	4,57879587708
9,28	-0,191986217719	-1,745329252	0,942693268879
9,29	-0,209439510239	-1,74532925199	0,134670467031
9,3	-0,226892802759	-1,74532925199	-5,61427447742E-011
9,31	-0,244346095279	-1,745329252	-5,61427447742E-011
9,32	-0,261799387799	-1,745329252	5,61427447742E-011
9,33	-0,279252680319	-1,74532925199	5,61427447742E-011
9,34	-0,296705972839	-1,74532925199	-5,52656685847E-011
9,35	-0,314159265359	-1,745329252	0,134670466925
9,36	-0,331612557879	-1,745329252	0,942693268908
9,37	-0,349065850399	-1,74532925199	4,57879587727
9,38	-0,366519142919	-1,69684788388	11,9856715608
9,39	-0,383972435439	-1,55140377955	21,277933782
9,4	-0,401425727959	-1,11507146655	16,9684788387
9,41	-0,401425727959	-1,06659009844	0,53868186782
9,42	-0,418879020479	-1,35747830711	4,71346634419
9,43	-0,436332312999	-1,01810873033	13,3323762306
9,44	-0,436332312999	-0,921145994107	9,02292128738
9,45	-0,453785605519	-0,872664625996	7,54154615061
9,46	-0,453785605519	-0,824183257885	9,02292128728
9,47	-0,471238898038	-0,727220521664	13,3323762304
9,48	-0,471238898038	-0,387850944888	4,71346634398
9,49	-0,471238898038	-0,678739153556	0,404011400844
9,5	-0,488692190558	-0,630257785446	16,0257855701
9,51	-0,488692190558	-0,193925472445	16,699137905
9,52	-0,488692190558	-0,0969627362221	0,269340934027
9,53	-0,488692190558	-0,193925472444	-14,8137513672
9,54	-0,488692190558	-0,630257785441	-6,73352334873
9,55	-0,506145483078	-0,581776417331	24,2406840554
9,56	-0,506145483078	0	40,6704810264
9,57	-0,506145483078	0,581776417331	24,2406840554
9,58	-0,488692190558	0,630257785441	-6,73352334873
9,59	-0,488692190558	0,193925472444	-14,6790809002
9,6	-0,488692190558	0,0969627362221	1,07736373587
9,61	-0,488692190558	0,193925472445	20,4699109803
9,62	-0,488692190558	0,678739153556	24,1060135885
9,63	-0,471238898038	0,824183257889	12,6590238955
9,64	-0,471238898038	0,872664625997	4,71346634398
9,65	-0,453785605519	0,872664625996	0,942693268746
9,66	-0,453785605519	0,872664625996	0,269340933926
9,67	-0,436332312999	0,872664625996	0,808022801872
9,68	-0,436332312999	0,872664625996	3,77077307537
9,69	-0,418879020479	0,921145994108	8,21489848559
9,7	-0,418879020479	1,01810873033	13,1977057636
9,71	-0,401425727959	1,35747830711	4,71346634403
9,72	-0,383972435439	1,06659009844	0,538681867772
9,73	-0,383972435439	1,11507146655	16,9684788388
9,74	-0,366519142919	1,55140377955	21,277933782
9,75	-0,349065850399	1,69684788388	11,9856715609
9,76	-0,331612557879	1,745329252	4,57879587722
9,77	-0,314159265359	1,745329252	0,942693268773
9,78	-0,296705972839	1,74532925199	0,134670466919
9,79	-0,279252680319	1,74532925199	5,61427447742E-011
9,8	-0,261799387799	1,745329252	5,61427447742E-011
9,81	-0,244346095279	1,745329252	0,134670466919
9,82	-0,226892802759	1,74532925199	0,942693268767
9,83	-0,209439510239	1,74532925199	4,5787958772
9,84	-0,191986217719	1,79381062011	11,8510010938
9,85	-0,174532925199	1,93925472444	20,3352405131
9,86	-0,157079632679	2,37558703743	12,2550124946
9,87	-0,12217304764	2,37558703743	-12,1203420277
9,88	-0,10471975512	1,93925472444	-19,3925472443
9,89	-0,0872664625997	1,79381062011	-7,27220521669
9,9	-0,0698131700798	1,7938106201	7,27220521658
9,91	-0,0523598775599	1,93925472444	19,3925472444
9,92	-0,0349065850399	2,37558703744	12,2550124948
9,93	0	2,37558703744	-11,3123192259
9,94	0,0174532925199	1,93925472444	-15,756444636
9,95	0,0349065850398	1,84229198822	8,77261226625E-012
9,96	0,0523598775599	1,93925472444	15,756444636
9,97	0,0698131700798	2,37558703743	11,3123192258
9,98	0,10471975512	2,37558703743	-12,2550124946
9,99	0,12217304764	1,93925472444	-19,3925472443
10	0,13962634016	1,79381062011	-7,27220521669
10,01	0,157079632679	1,7938106201	7,27220521658
10,02	0,174532925199	1,93925472444	19,3925472444
10,03	0,191986217719	2,37558703744	12,1203420278
10,04	0,226892802759	2,37558703744	-12,2550124948
10,05	0,244346095279	1,93925472444	-20,4699109802
10,06	0,261799387799	1,7938106201	-12,7936943625
10,07	0,279252680319	1,745329252	-9,15759175423
10,08	0,296705972839	1,69684788388	-12,7936943627
10,09	0,314159265359	1,55140377955	-20,4699109803
10,1	0,331612557879	1,11507146655	-12,3896829617
10,11	0,331612557879	1,11507146655	11,312319226
10,12	0,349065850399	1,55140377955	15,7564446361
10,13	0,366519142919	1,64836651577	-0,134670467049
10,14	0,383972435439	1,55140377955	-16,699137905
10,15	0,401425727959	1,11507146655	-16,02578557
10,16	0,401425727959	1,06659009844	-0,404011400821
10,17	0,418879020479	1,35747830711	-4,71346634404
10,18	0,436332312999	1,01810873033	-13,1977057636
10,19	0,436332312999	0,921145994108	-8,21489848559
10,2	0,453785605519	0,872664625996	-3,90544354234
10,21	0,453785605519	0,872664625996	-1,61604560373
10,22	0,471238898038	0,872664625996	-3,90544354227
10,23	0,471238898038	0,824183257885	-8,21489848546
10,24	0,488692190558	0,727220521663	-13,1977057635
10,25	0,488692190558	0,387850944887	-4,71346634411
10,26	0,488692190558	0,678739153552	-0,538681867899
10,27	0,506145483078	0,630257785441	-16,9684788388
10,28	0,506145483078	0,193925472444	-21,277933782
10,29	0,506145483078	0,0484813681109	-11,9856715607
10,3	0,506145483078	0	-4,71346634411
10,31	0,506145483078	0	-1,88538653765
10,32	0,506145483078	0	-4,71346634411
10,33	0,506145483078	-0,0484813681109	-11,9856715607
10,34	0,506145483078	-0,193925472444	-21,277933782
10,35	0,506145483078	-0,630257785441	-16,8338083718
10,36	0,488692190558	-0,678739153552	0,269340933949
10,37	0,488692190558	-0,387850944887	-0,942693268823
10,38	0,488692190558	-0,678739153552	-5,11747774504
10,39	0,471238898038	-0,678739153552	3,90544354226
10,4	0,471238898038	-0,387850944887	-4,57879587715
10,41	0,471238898038	-0,727220521663	-16,8338083719
10,42	0,453785605519	-0,872664625996	-16,429796971
10,43	0,453785605519	-1,01810873033	-16,9684788389
10,44	0,436332312999	-1,35747830711	-5,38681867907
10,45	0,418879020479	-1,06659009844	0,269340934028
10,46	0,418879020479	-1,11507146655	-12,3896829615
10,47	0,401425727959	-1,50292241144	-9,42693268818
10,48	0,383972435439	-1,50292241144	8,34956895238
10,49	0,366519142919	-1,11507146655	7,67621661743
10,5	0,366519142919	-1,11507146655	-13,1977057636
10,51	0,349065850399	-1,55140377955	-20,4699109801
10,52	0,331612557879	-1,69684788388	-11,8510010937
10,53	0,314159265359	-1,74532925199	-4,57879587719
10,54	0,296705972839	-1,745329252	-0,942693268874
10,55	0,279252680319	-1,745329252	-0,26934093387
10,56	0,261799387799	-1,74532925199	-0,942693268719
10,57	0,244346095279	-1,74532925199	-4,57879587714
10,58	0,226892802759	-1,7938106201	-11,8510010939
10,59	0,209439510239	-1,93925472444	-20,3352405133
10,6	0,191986217719	-2,37558703744	-12,2550124947
10,61	0,157079632679	-2,37558703744	12,1203420277
10,62	0,13962634016	-1,93925472444	19,3925472443
10,63	0,12217304764	-1,79381062011	7,27220521671
10,64	0,10471975512	-1,7938106201	-7,27220521657
10,65	0,0872664625997	-1,93925472444	-19,3925472444
10,66	0,0698131700798	-2,37558703744	-12,2550124948
10,67	0,0349065850398	-2,37558703744	11,3123192259
10,68	0,0174532925199	-1,93925472444	15,7564446361
10,69	0	-1,84229198822	-6,14101362354E-011
10,7	-0,0174532925199	-1,93925472444	-15,7564446361
10,71	-0,0349065850399	-2,37558703744	-11,3123192259
10,72	-0,0698131700798	-2,37558703744	12,3896829617
10,73	-0,0872664625997	-1,93925472444	20,3352405132
10,74	-0,10471975512	-1,79381062011	11,7163306269
10,75	-0,12217304764	-1,74532925199	3,63610260843
10,76	-0,13962634016	-1,74532925199	-3,63610260832
10,77	-0,157079632679	-1,7938106201	-11,7163306269
10,78	-0,174532925199	-1,93925472444	-20,3352405133
10,79	-0,191986217719	-2,37558703744	-12,2550124947
10,8	-0,226892802759	-2,37558703744	12,2550124947
10,81	-0,244346095279	-1,93925472444	20,4699109801
10,82	-0,261799387799	-1,79381062011	12,7936943627
10,83	-0,279252680319	-1,74532925199	9,15759175434
10,84	-0,296705972839	-1,69684788388	12,7936943625
10,85	-0,314159265359	-1,55140377955	20,6045814471
10,86	-0,331612557879	-1,11507146655	13,1977057636
10,87	-0,331612557879	-1,11507146655	-7,67621661742
10,88	-0,349065850399	-1,50292241144	-8,34956895236
10,89	-0,366519142919	-1,50292241144	9,42693268823
10,9	-0,383972435439	-1,11507146655	12,3896829616
10,91	-0,383972435439	-1,06659009844	-0,404011401056
10,92	-0,401425727959	-1,35747830711	4,57879587706
10,93	-0,418879020479	-1,01810873033	13,1977057636
10,94	-0,418879020479	-0,921145994108	8,21489848559
10,95	-0,436332312999	-0,872664625996	3,90544354234
10,96	-0,436332312999	-0,872664625996	1,61604560373
10,97	-0,453785605519	-0,872664625996	3,90544354227
10,98	-0,453785605519	-0,824183257885	8,21489848543
10,99	-0,471238898038	-0,727220521664	13,1977057634
11	-0,471238898038	-0,387850944888	4,71346634398
11,01	-0,471238898038	-0,678739153556	0,538681867819
11,02	-0,488692190558	-0,630257785446	16,9684788389
11,03	-0,488692190558	-0,193925472445	21,2779337821
11,04	-0,488692190558	-0,0484813681112	11,9856715608
11,05	-0,488692190558	0	4,71346634414
11,06	-0,488692190558	0	1,88538653766
11,07	-0,488692190558	0	4,71346634414
11,08	-0,488692190558	0,0484813681112	11,8510010938
11,09	-0,488692190558	0,193925472445	20,4699109803
11,1	-0,488692190558	0,630257785446	13,1977057636
11,11	-0,471238898038	0,630257785446	-7,54154615066
11,12	-0,471238898038	0,242406840556	-7,54154615071
11,13	-0,471238898038	0,242406840555	13,1977057634
11,14	-0,471238898038	0,678739153552	20,6045814471
11,15	-0,453785605519	0,824183257885	12,6590238956
11,16	-0,453785605519	0,872664625996	8,34956895246
11,17	-0,436332312999	0,921145994107	9,15759175436
11,18	-0,436332312999	1,01810873033	13,1977057637
11,19	-0,418879020479	1,35747830711	3,77077307537
11,2	-0,401425727959	1,06659009844	-4,04011400932
11,21	-0,401425727959	1,06659009844	5,11747774491
11,22	-0,383972435439	1,35747830711	0,942693268752
11,23	-0,366519142919	1,06659009844	-0,269340933949
11,24	-0,366519142919	1,11507146655	16,8338083719
11,25	-0,349065850399	1,55140377955	21,2779337821
11,26	-0,331612557879	1,69684788388	11,9856715608
11,27	-0,314159265359	1,745329252	4,57879587709
11,28	-0,296705972839	1,74532925199	0,942693268767
11,29	-0,279252680319	1,74532925199	0,134670467031
11,3	-0,261799387799	1,745329252	5,61427447742E-011
11,31	-0,244346095279	1,745329252	-5,61427447742E-011
11,32	-0,226892802759	1,74532925199	-5,61427447742E-011
11,33	-0,209439510239	1,74532925199	0,134670467031
11,34	-0,191986217719	1,745329252	0,942693268879
11,35	-0,174532925199	1,745329252	4,57879587708
11,36	-0,157079632679	1,7938106201	11,8510010937
11,37	-0,13962634016	1,93925472444	20,3352405132
11,38	-0,12217304764	2,37558703744	12,2550124948
11,39	-0,0872664625997	2,37558703744	-12,1203420278
11,4	-0,0698131700798	1,93925472444	-19,3925472444
11,41	-0,0523598775599	1,7938106201	-7,27220521657
11,42	-0,0349065850399	1,79381062011	7,27220521671
11,43	-0,0174532925199	1,93925472444	19,3925472443
11,44	0	2,37558703744	12,1203420277
11,45	0,0349065850398	2,37558703744	-12,2550124947
11,46	0,0523598775599	1,93925472444	-20,2005700463
11,47	0,0698131700798	1,7938106201	-10,9083078251
11,48	0,0872664625997	1,74532925199	0
11,49	0,10471975512	1,7938106201	10,9083078251
11,5	0,12217304764	1,93925472444	20,2005700463
11,51	0,13962634016	2,37558703744	12,2550124947
11,52	0,174532925199	2,37558703744	-12,2550124947
11,53	0,191986217719	1,93925472444	-20,3352405132
11,54	0,209439510239	1,79381062011	-11,8510010939
11,55	0,226892802759	1,74532925199	-4,57879587725
11,56	0,244346095279	1,74532925199	-0,942693268824
11,57	0,261799387799	1,74532925199	-0,269340933847
11,58	0,279252680319	1,745329252	-0,942693268748
11,59	0,296705972839	1,745329252	-4,57879587721
11,6	0,314159265359	1,69684788388	-11,8510010939
11,61	0,331612557879	1,55140377955	-20,4699109802
11,62	0,349065850399	1,11507146655	-13,1977057634
11,63	0,349065850399	1,11507146655	7,67621661763
11,64	0,366519142919	1,50292241144	8,34956895236
11,65	0,383972435439	1,50292241144	-9,42693268833
11,66	0,401425727959	1,11507146655	-12,3896829617
11,67	0,401425727959	1,06659009844	0,404011401027
11,68	0,418879020479	1,35747830711	-4,57879587707
11,69	0,436332312999	1,01810873033	-13,3323762306
11,7	0,436332312999	0,921145994108	-9,02292128744
11,71	0,453785605519	0,872664625996	-7,54154615066
11,72	0,453785605519	0,824183257885	-9,02292128733
11,73	0,471238898038	0,727220521663	-13,3323762305
11,74	0,471238898038	0,387850944887	-4,71346634411
11,75	0,471238898038	0,678739153552	-0,538681867899
11,76	0,488692190558	0,630257785441	-16,9684788388
11,77	0,488692190558	0,193925472444	-21,277933782
11,78	0,488692190558	0,0484813681109	-11,9856715607
11,79	0,488692190558	0	-4,57879587714
11,8	0,488692190558	0	-0,942693268823
11,81	0,488692190558	0	-0,134670466975
11,82	0,488692190558	0	-0,134670466975
11,83	0,488692190558	0	-0,942693268823
11,84	0,488692190558	0	-4,57879587714
11,85	0,488692190558	-0,0484813681109	-11,9856715607
11,86	0,488692190558	-0,193925472444	-21,277933782
11,87	0,488692190558	-0,630257785441	-16,9684788388
11,88	0,471238898038	-0,678739153552	-0,538681867899
11,89	0,471238898038	-0,387850944887	-4,71346634411
11,9	0,471238898038	-0,727220521663	-13,3323762305
11,91	0,453785605519	-0,824183257885	-9,02292128733
11,92	0,453785605519	-0,872664625996	-7,54154615066
11,93	0,436332312999	-0,921145994108	-9,02292128744
11,94	0,436332312999	-1,01810873033	-13,3323762306
11,95	0,418879020479	-1,35747830711	-4,57879587707
11,96	0,401425727959	-1,06659009844	0,404011401027
11,97	0,401425727959	-1,11507146655	-12,3896829617
11,98	0,383972435439	-1,50292241144	-9,42693268833
11,99	0,366519142919	-1,50292241144	8,34956895236
12	0,349065850399	-1,11507146655	7,67621661763
12,01	0,349065850399	-1,11507146655	-13,1977057634
12,02	0,331612557879	-1,55140377955	-20,4699109802
12,03	0,314159265359	-1,69684788388	-11,8510010939
12,04	0,296705972839	-1,745329252	-4,57879587721
12,05	0,279252680319	-1,745329252	-0,942693268748
12,06	0,261799387799	-1,74532925199	-0,134670466872
12,07	0,244346095279	-1,74532925199	-0,134670466976
12,08	0,226892802759	-1,74532925199	-0,942693268932
12,09	0,209439510239	-1,745329252	-4,57879587724
12,1	0,191986217719	-1,79381062011	-11,8510010938
12,11	0,174532925199	-1,93925472444	-20,3352405132
12,12	0,157079632679	-2,37558703744	-12,2550124947
12,13	0,12217304764	-2,37558703744	12,1203420278
12,14	0,10471975512	-1,93925472444	19,3925472445
12,15	0,0872664625997	-1,7938106201	7,27220521663
12,16	0,0698131700798	-1,7938106201	-7,27220521674
12,17	0,0523598775599	-1,93925472444	-19,3925472445
12,18	0,0349065850398	-2,37558703744	-12,1203420277
12,19	0	-2,37558703744	12,2550124947
12,2	-0,0174532925199	-1,93925472444	20,2005700462
12,21	-0,0349065850399	-1,79381062011	10,908307825
12,22	-0,0523598775599	-1,74532925199	6,14119866071E-011
12,23	-0,0698131700798	-1,7938106201	-10,908307825
12,24	-0,0872664625997	-1,93925472444	-20,2005700463
12,25	-0,10471975512	-2,37558703744	-12,2550124946
12,26	-0,13962634016	-2,37558703743	12,2550124948
12,27	-0,157079632679	-1,93925472444	20,3352405131
12,28	-0,174532925199	-1,79381062011	11,8510010937
12,29	-0,191986217719	-1,745329252	4,5787958772
12,3	-0,209439510239	-1,74532925199	0,942693268879
12,31	-0,226892802759	-1,74532925199	0,134670466919
12,32	-0,244346095279	-1,745329252	-5,61427447742E-011
12,33	-0,261799387799	-1,745329252	0,134670467031
12,34	-0,279252680319	-1,74532925199	0,942693268879
12,35	-0,296705972839	-1,74532925199	4,57879587708
12,36	-0,314159265359	-1,69684788388	11,9856715607
12,37	-0,331612557879	-1,55140377955	21,2779337821
12,38	-0,349065850399	-1,11507146655	16,833808372
12,39	-0,349065850399	-1,06659009844	-0,269340933878
12,4	-0,366519142919	-1,3574783071	0,942693268823
12,41	-0,383972435439	-1,06659009844	5,11747774497
12,42	-0,383972435439	-1,06659009844	-4,04011400937
12,43	-0,401425727959	-1,35747830711	3,77077307521
12,44	-0,418879020479	-1,01810873033	13,1977057636
12,45	-0,418879020479	-0,921145994108	9,02292128744
12,46	-0,436332312999	-0,872664625996	7,54154615066
12,47	-0,436332312999	-0,824183257885	9,02292128733
12,48	-0,453785605519	-0,727220521663	13,3323762305
12,49	-0,453785605519	-0,387850944887	4,71346634411
12,5	-0,453785605519	-0,678739153552	0,538681867899
12,51	-0,471238898038	-0,630257785441	16,9684788388
12,52	-0,471238898038	-0,193925472444	21,277933782
12,53	-0,471238898038	-0,0484813681109	11,9856715607
12,54	-0,471238898038	0	4,57879587714
12,55	-0,471238898038	0	0,942693268823
12,56	-0,471238898038	0	0,134670466975
12,57	-0,471238898038	0	0,134670466975
12,58	-0,471238898038	0	0,942693268823
12,59	-0,471238898038	0	4,57879587714
12,6	-0,471238898038	0,0484813681109	11,9856715607
12,61	-0,471238898038	0,193925472444	21,277933782
12,62	-0,471238898038	0,630257785441	16,9684788388
12,63	-0,453785605519	0,678739153552	0,538681867899
12,64	-0,453785605519	0,387850944887	4,71346634411
12,65	-0,453785605519	0,727220521663	13,1977057635
12,66	-0,436332312999	0,824183257885	8,21489848549
12,67	-0,436332312999	0,872664625996	3,90544354234
12,68	-0,418879020479	0,872664625997	1,7507160708
12,69	-0,418879020479	0,872664626	4,71346634419
12,7	-0,401425727959	0,921145994111	11,8510010937
12,71	-0,401425727959	1,06659009844	20,46991098
12,72	-0,383972435439	1,50292241144	13,1977057634
12,73	-0,366519142919	1,50292241144	-7,54154615058
12,74	-0,349065850399	1,11507146655	-7,54154615051
12,75	-0,349065850399	1,11507146655	13,1977057637
12,76	-0,331612557879	1,55140377955	20,4699109802
12,77	-0,314159265359	1,69684788388	11,8510010937
12,78	-0,296705972839	1,74532925199	4,57879587708
12,79	-0,279252680319	1,74532925199	0,942693268879
12,8	-0,261799387799	1,745329252	0,134670467031
12,81	-0,244346095279	1,745329252	-5,61427447742E-011
12,82	-0,226892802759	1,74532925199	-5,61427447742E-011
12,83	-0,209439510239	1,74532925199	5,52656685847E-011
12,84	-0,191986217719	1,745329252	0,134670467026
12,85	-0,174532925199	1,745329252	0,942693268743
12,86	-0,157079632679	1,74532925199	4,57879587704
12,87	-0,13962634016	1,7938106201	11,8510010938
12,88	-0,12217304764	1,93925472444	20,3352405133
12,89	-0,10471975512	2,37558703744	12,2550124948
12,9	-0,0698131700798	2,37558703744	-12,2550124947
12,91	-0,0523598775599	1,93925472444	-20,2005700462
12,92	-0,0349065850399	1,79381062011	-10,9083078249
12,93	-0,0174532925199	1,745329252	-7,98281194234E-011
12,94	0	1,7938106201	10,9083078249
12,95	0,0174532925199	1,93925472444	20,2005700463
12,96	0,0349065850398	2,37558703744	12,2550124948
12,97	0,0698131700798	2,37558703744	-12,2550124948
12,98	0,0872664625997	1,93925472444	-20,3352405132
12,99	0,10471975512	1,7938106201	-11,8510010937
13	0,12217304764	1,745329252	-4,57879587708
13,01	0,13962634016	1,745329252	-0,942693268879
13,02	0,157079632679	1,74532925199	-0,134670467031
13,03	0,174532925199	1,74532925199	5,52656685847E-011
13,04	0,191986217719	1,745329252	5,08796708469E-011
13,05	0,209439510239	1,745329252	-7,98268858423E-011
13,06	0,226892802759	1,74532925199	-1,03514110863E-010
13,07	0,244346095279	1,74532925199	0
13,08	0,261799387799	1,74532925199	1,03514110863E-010
13,09	0,279252680319	1,745329252	-0,134670466895
13,1	0,296705972839	1,745329252	-0,942693268874
13,11	0,314159265359	1,74532925199	-4,57879587719
13,12	0,331612557879	1,69684788388	-11,9856715607
13,13	0,349065850399	1,55140377955	-21,2779337819
13,14	0,366519142919	1,11507146655	-16,8338083719
13,15	0,366519142919	1,06659009844	0,269340933822
13,16	0,383972435439	1,35747830711	-0,94269326887
13,17	0,401425727959	1,06659009844	-5,11747774499
13,18	0,401425727959	1,06659009844	3,90544354239
13,19	0,418879020479	1,35747830711	-4,57879587706
13,2	0,436332312999	1,01810873033	-16,8338083719
13,21	0,436332312999	0,872664625997	-16,429796971
13,22	0,453785605519	0,727220521664	-16,9684788389
13,23	0,453785605519	0,387850944887	-5,38681867902
13,24	0,453785605519	0,678739153552	0,269340933943
13,25	0,471238898038	0,630257785441	-12,3896829617
13,26	0,471238898038	0,242406840554	-9,42693268823
13,27	0,471238898038	0,242406840554	8,34956895243
13,28	0,471238898038	0,630257785441	7,67621661756
13,29	0,488692190558	0,630257785441	-13,1977057635
13,3	0,488692190558	0,193925472444	-20,6045814471
13,31	0,488692190558	0,0484813681109	-12,7936943626
13,32	0,488692190558	0	-9,15759175428
13,33	0,488692190558	-0,0484813681109	-12,7936943626
13,34	0,488692190558	-0,193925472444	-20,6045814471
13,35	0,488692190558	-0,630257785441	-13,1977057635
13,36	0,471238898038	-0,630257785441	7,54154615058
13,37	0,471238898038	-0,242406840554	7,54154615058
13,38	0,471238898038	-0,242406840554	-13,1977057635
13,39	0,471238898038	-0,678739153552	-20,4699109802
13,4	0,453785605519	-0,824183257885	-11,8510010938
13,41	0,453785605519	-0,872664625996	-4,71346634419
13,42	0,436332312999	-0,872664625997	-1,7507160708
13,43	0,436332312999	-0,872664626	-3,90544354235
13,44	0,418879020479	-0,921145994111	-8,21489848538
13,45	0,418879020479	-1,01810873033	-13,1977057634
13,46	0,401425727959	-1,35747830711	-4,57879587709
13,47	0,383972435439	-1,06659009844	0,404011400877
13,48	0,383972435439	-1,11507146655	-12,3896829618
13,49	0,366519142919	-1,50292241144	-9,42693268831
13,5	0,349065850399	-1,50292241144	8,3495689525
13,51	0,331612557879	-1,11507146655	7,67621661766
13,52	0,331612557879	-1,11507146655	-13,1977057635
13,53	0,314159265359	-1,55140377955	-20,4699109803
13,54	0,296705972839	-1,69684788388	-11,8510010938
13,55	0,279252680319	-1,745329252	-4,57879587706
13,56	0,261799387799	-1,74532925199	-0,94269326872
13,57	0,244346095279	-1,74532925199	-0,26934093395
13,58	0,226892802759	-1,74532925199	-0,942693268932
13,59	0,209439510239	-1,745329252	-4,57879587724
13,6	0,191986217719	-1,79381062011	-11,8510010938
13,61	0,174532925199	-1,93925472444	-20,3352405132
13,62	0,157079632679	-2,37558703744	-12,2550124947
13,63	0,12217304764	-2,37558703744	12,2550124948
13,64	0,10471975512	-1,93925472444	20,3352405133
13,65	0,0872664625997	-1,7938106201	11,7163306268
13,66	0,0698131700798	-1,74532925199	3,63610260821
13,67	0,0523598775599	-1,745329252	-3,63610260842
13,68	0,0349065850398	-1,79381062011	-11,7163306268
13,69	0,0174532925199	-1,93925472444	-20,3352405132
13,7	0	-2,37558703744	-12,2550124947
13,71	-0,0349065850399	-2,37558703744	12,2550124948
13,72	-0,0523598775599	-1,93925472444	20,3352405132
13,73	-0,0698131700798	-1,7938106201	11,8510010937
13,74	-0,0872664625997	-1,745329252	4,57879587709
13,75	-0,10471975512	-1,745329252	0,942693268903
13,76	-0,12217304764	-1,74532925199	0,134670467078
13,77	-0,13962634016	-1,74532925199	0
13,78	-0,157079632679	-1,74532925199	-1,03514110863E-010
13,79	-0,174532925199	-1,745329252	-7,98268858423E-011
13,8	-0,191986217719	-1,745329252	5,08796708469E-011
13,81	-0,209439510239	-1,74532925199	5,52656685847E-011
13,82	-0,226892802759	-1,74532925199	-5,61427447742E-011
13,83	-0,244346095279	-1,745329252	-5,61427447742E-011
13,84	-0,261799387799	-1,745329252	0,134670467031
13,85	-0,279252680319	-1,74532925199	0,942693268879
13,86	-0,296705972839	-1,74532925199	4,57879587708
13,87	-0,314159265359	-1,69684788388	11,9856715607
13,88	-0,331612557879	-1,55140377955	21,2779337821
13,89	-0,349065850399	-1,11507146655	16,833808372
13,9	-0,349065850399	-1,06659009844	-0,269340933878
13,91	-0,366519142919	-1,3574783071	0,942693268823
13,92	-0,383972435439	-1,06659009844	5,11747774497
13,93	-0,383972435439	-1,06659009844	-3,9054435424
13,94	-0,401425727959	-1,35747830711	4,57879587706
13,95	-0,418879020479	-1,01810873033	16,8338083719
13,96	-0,418879020479	-0,872664625997	16,429796971
13,97	-0,436332312999	-0,727220521664	16,9684788389
13,98	-0,436332312999	-0,387850944887	5,38681867902
13,99	-0,436332312999	-0,678739153552	-0,269340933943
14	-0,453785605519	-0,630257785441	12,3896829617
14,01	-0,453785605519	-0,242406840554	9,42693268823
14,02	-0,453785605519	-0,242406840554	-8,34956895243
14,03	-0,453785605519	-0,630257785441	-7,67621661756
14,04	-0,471238898038	-0,630257785441	13,3323762305
14,05	-0,471238898038	-0,193925472444	21,412604249
14,06	-0,471238898038	-0,0484813681109	16,4297969709
14,07	-0,471238898038	0,0484813681109	16,4297969709
14,08	-0,471238898038	0,193925472444	21,412604249
14,09	-0,471238898038	0,630257785441	13,3323762305
14,1	-0,453785605519	0,630257785441	-7,67621661756
14,11	-0,453785605519	0,242406840554	-8,34956895243
14,12	-0,453785605519	0,242406840554	9,42693268823
14,13	-0,453785605519	0,630257785441	12,3896829617
14,14	-0,436332312999	0,678739153552	-0,404011400918
14,15	-0,436332312999	0,387850944887	4,57879587717
14,16	-0,436332312999	0,727220521664	13,3323762306
14,17	-0,418879020479	0,824183257886	9,02292128744
14,18	-0,418879020479	0,872664626	7,54154615066
14,19	-0,401425727959	0,921145994111	9,02292128722
14,2	-0,401425727959	1,01810873033	13,3323762304
14,21	-0,383972435439	1,35747830711	4,57879587707
14,22	-0,366519142919	1,06659009844	-0,404011400924
14,23	-0,366519142919	1,11507146655	12,3896829617
14,24	-0,349065850399	1,50292241144	9,42693268836
14,25	-0,331612557879	1,50292241144	-8,34956895235
14,26	-0,314159265359	1,11507146655	-7,67621661763
14,27	-0,314159265359	1,11507146655	13,1977057634
14,28	-0,296705972839	1,55140377955	20,4699109802
14,29	-0,279252680319	1,69684788388	11,8510010939
14,3	-0,261799387799	1,745329252	4,57879587722
14,31	-0,244346095279	1,745329252	0,942693268772
14,32	-0,226892802759	1,74532925199	0,134670466919
14,33	-0,209439510239	1,74532925199	5,52656685847E-011
14,34	-0,191986217719	1,745329252	0,134670467026
14,35	-0,174532925199	1,745329252	0,942693268743
14,36	-0,157079632679	1,74532925199	4,57879587704
14,37	-0,13962634016	1,7938106201	11,8510010938
14,38	-0,12217304764	1,93925472444	20,3352405133
14,39	-0,10471975512	2,37558703744	12,2550124948
14,4	-0,0698131700798	2,37558703744	-12,2550124947
14,41	-0,0523598775599	1,93925472444	-20,3352405132
14,42	-0,0349065850399	1,79381062011	-11,7163306268
14,43	-0,0174532925199	1,745329252	-3,6361026084
14,44	0	1,74532925199	3,63610260825
14,45	0,0174532925199	1,7938106201	11,7163306269
14,46	0,0349065850398	1,93925472444	20,3352405132
14,47	0,0523598775599	2,37558703744	12,2550124946
14,48	0,0872664625997	2,37558703743	-12,2550124948
14,49	0,10471975512	1,93925472444	-20,3352405131
14,5	0,12217304764	1,79381062011	-11,8510010937
14,51	0,13962634016	1,745329252	-4,5787958772
14,52	0,157079632679	1,74532925199	-0,942693268879
14,53	0,174532925199	1,74532925199	-0,134670466919
14,54	0,191986217719	1,745329252	5,08796708469E-011
14,55	0,209439510239	1,745329252	-7,98268858423E-011
14,56	0,226892802759	1,74532925199	-0,134670467078
14,57	0,244346095279	1,74532925199	-0,942693268823
14,58	0,261799387799	1,74532925199	-4,57879587704
14,59	0,279252680319	1,69684788388	-11,8510010937
14,6	0,296705972839	1,55140377955	-20,4699109802
14,61	0,314159265359	1,11507146655	-13,1977057636
14,62	0,314159265359	1,11507146655	7,67621661756
14,63	0,331612557879	1,50292241144	8,34956895253
14,64	0,349065850399	1,50292241144	-9,42693268815
14,65	0,366519142919	1,11507146655	-12,3896829618
14,66	0,366519142919	1,06659009844	0,404011400792
14,67	0,383972435439	1,35747830711	-4,57879587721
14,68	0,401425727959	1,01810873033	-13,1977057635
14,69	0,401425727959	0,921145994107	-8,21489848538
14,7	0,418879020479	0,872664625997	-3,90544354213
14,71	0,418879020479	0,872664626	-1,61604560362
14,72	0,436332312999	0,872664626	-3,90544354235
14,73	0,436332312999	0,824183257886	-8,21489848559
14,74	0,453785605519	0,727220521664	-13,1977057636
14,75	0,453785605519	0,387850944887	-4,71346634414
14,76	0,453785605519	0,678739153552	-0,538681867905
14,77	0,471238898038	0,630257785441	-16,9684788388
14,78	0,471238898038	0,193925472444	-21,277933782
14,79	0,471238898038	0,0484813681109	-11,9856715607
14,8	0,471238898038	0	-4,57879587714
14,81	0,471238898038	0	-1,0773637358
14,82	0,471238898038	0	-1,0773637358
14,83	0,471238898038	0	-4,57879587714
14,84	0,471238898038	-0,0484813681109	-11,9856715607
14,85	0,471238898038	-0,193925472444	-21,277933782
14,86	0,471238898038	-0,630257785441	-16,8338083718
14,87	0,453785605519	-0,678739153552	0,269340933948
14,88	0,453785605519	-0,387850944887	-0,942693268829
14,89	0,453785605519	-0,678739153552	-5,11747774507
14,9	0,436332312999	-0,678739153553	3,90544354219
14,91	0,436332312999	-0,387850944888	-4,57879587727
14,92	0,436332312999	-0,727220521667	-16,8338083719
14,93	0,418879020479	-0,872664626	-16,4297969708
14,94	0,418879020479	-1,01810873033	-16,8338083717
14,95	0,401425727959	-1,35747830711	-4,57879587709
14,96	0,383972435439	-1,06659009844	3,90544354222
14,97	0,383972435439	-1,06659009844	-5,11747774516
14,98	0,366519142919	-1,35747830711	-0,942693268903
14,99	0,349065850399	-1,06659009844	0,269340934023
15	0,349065850399	-1,11507146655	-16,8338083717
15,01	0,331612557879	-1,55140377955	-21,143263315
15,02	0,314159265359	-1,69684788388	-11,042978292
15,03	0,296705972839	-1,745329252	-7,36855021444E-011
15,04	0,279252680319	-1,69684788388	10,908307825
15,05	0,261799387799	-1,55140377955	20,0658995794
15,06	0,244346095279	-1,11507146655	11,3123192259
15,07	0,244346095279	-1,11507146655	-16,8338083719
15,08	0,226892802759	-1,59988514766	-32,1862416071
15,09	0,209439510239	-1,89077335633	-32,1862416071
15,1	0,191986217719	-2,37558703744	-16,8338083718
15,11	0,157079632679	-2,37558703744	11,3123192259
15,12	0,13962634016	-1,93925472444	20,2005700462
15,13	0,12217304764	-1,79381062011	11,8510010939
15,14	0,10471975512	-1,74532925199	4,57879587725
15,15	0,0872664625997	-1,74532925199	0,808022801848
15,16	0,0698131700798	-1,74532925199	-0,808022801957
15,17	0,0523598775599	-1,745329252	-4,57879587724
15,18	0,0349065850398	-1,79381062011	-11,8510010938
15,19	0,0174532925199	-1,93925472444	-20,3352405132
15,2	0	-2,37558703744	-12,2550124947
15,21	-0,0349065850399	-2,37558703744	12,2550124948
15,22	-0,0523598775599	-1,93925472444	20,3352405132
15,23	-0,0698131700798	-1,7938106201	11,8510010937
15,24	-0,0872664625997	-1,745329252	4,57879587709
15,25	-0,10471975512	-1,745329252	0,942693268903
15,26	-0,12217304764	-1,74532925199	0,134670467078
15,27	-0,13962634016	-1,74532925199	0
15,28	-0,157079632679	-1,74532925199	-1,03514110863E-010
15,29	-0,174532925199	-1,745329252	-7,98268858423E-011
15,3	-0,191986217719	-1,745329252	5,08796708469E-011
15,31	-0,209439510239	-1,74532925199	5,52656685847E-011
15,32	-0,226892802759	-1,74532925199	0,134670466919
15,33	-0,244346095279	-1,745329252	0,942693268772
15,34	-0,261799387799	-1,745329252	4,57879587722
15,35	-0,279252680319	-1,69684788388	11,8510010939
15,36	-0,296705972839	-1,55140377955	20,4699109802
15,37	-0,314159265359	-1,11507146655	13,1977057634
15,38	-0,314159265359	-1,11507146655	-7,54154615066
15,39	-0,331612557879	-1,50292241144	-7,5415461505
15,4	-0,349065850399	-1,50292241144	13,1977057637
15,41	-0,366519142919	-1,06659009844	20,4699109802
15,42	-0,366519142919	-0,921145994107	11,8510010938
15,43	-0,383972435439	-0,872664625996	4,57879587712
15,44	-0,383972435439	-0,872664625996	0,942693268746
15,45	-0,401425727959	-0,872664625997	0,269340933817
15,46	-0,401425727959	-0,872664626	0,942693268743
15,47	-0,418879020479	-0,872664626	4,57879587722
15,48	-0,418879020479	-0,824183257886	11,8510010939
15,49	-0,436332312999	-0,678739153553	20,4699109802
15,5	-0,436332312999	-0,242406840554	13,1977057635
15,51	-0,436332312999	-0,242406840554	-7,54154615058
15,52	-0,436332312999	-0,630257785441	-7,54154615058
15,53	-0,453785605519	-0,630257785441	13,1977057635
15,54	-0,453785605519	-0,193925472444	20,4699109802
15,55	-0,453785605519	-0,0484813681109	11,9856715607
15,56	-0,453785605519	0	5,52148914596
15,57	-0,453785605519	0	5,52148914596
15,58	-0,453785605519	0,0484813681109	11,9856715607
15,59	-0,453785605519	0,193925472444	20,4699109802
15,6	-0,453785605519	0,630257785441	13,1977057635
15,61	-0,436332312999	0,630257785441	-7,54154615058
15,62	-0,436332312999	0,242406840554	-7,54154615058
15,63	-0,436332312999	0,242406840554	13,1977057635
15,64	-0,436332312999	0,678739153553	20,4699109802
15,65	-0,418879020479	0,824183257886	11,8510010939
15,66	-0,418879020479	0,872664626	4,57879587722
15,67	-0,401425727959	0,872664626	0,942693268743
15,68	-0,401425727959	0,872664625997	0,269340933817
15,69	-0,383972435439	0,872664625996	0,808022801771
15,7	-0,383972435439	0,872664625996	3,77077307526
15,71	-0,366519142919	0,921145994107	8,21489848546
15,72	-0,366519142919	1,01810873033	13,1977057635
15,73	-0,349065850399	1,35747830711	4,71346634419
15,74	-0,331612557879	1,06659009844	0,538681868032
15,75	-0,331612557879	1,11507146655	16,9684788389
15,76	-0,314159265359	1,55140377955	21,2779337819
15,77	-0,296705972839	1,69684788388	11,9856715607
15,78	-0,279252680319	1,74532925199	4,5787958772
15,79	-0,261799387799	1,745329252	0,942693268879
15,8	-0,244346095279	1,745329252	0,134670466919
15,81	-0,226892802759	1,74532925199	-5,61427447742E-011
15,82	-0,209439510239	1,74532925199	5,52656685847E-011
15,83	-0,191986217719	1,745329252	5,08796708469E-011
15,84	-0,174532925199	1,745329252	-7,98268858423E-011
15,85	-0,157079632679	1,74532925199	-1,03514110863E-010
15,86	-0,13962634016	1,74532925199	0
15,87	-0,12217304764	1,74532925199	1,03514110863E-010
15,88	-0,10471975512	1,745329252	7,98268858423E-011
15,89	-0,0872664625997	1,745329252	-5,08796708469E-011
15,9	-0,0698131700798	1,74532925199	-5,52656685847E-011
15,91	-0,0523598775599	1,74532925199	5,61427447742E-011
15,92	-0,0349065850399	1,745329252	0,134670467031
15,93	-0,0174532925199	1,745329252	0,942693268767
15,94	0	1,74532925199	4,57879587708
15,95	0,0174532925199	1,7938106201	11,8510010938
15,96	0,0349065850398	1,93925472444	20,3352405132
15,97	0,0523598775599	2,37558703744	12,2550124946
15,98	0,0872664625997	2,37558703743	-12,2550124948
15,99	0,10471975512	1,93925472444	-20,3352405131
16	0,12217304764	1,79381062011	-11,8510010937
16,01	0,13962634016	1,745329252	-4,5787958772
16,02	0,157079632679	1,74532925199	-0,942693268885
16,03	0,174532925199	1,74532925199	-0,134670466922
16,04	0,191986217719	1,745329252	-0,134670466926
16,05	0,209439510239	1,745329252	-0,942693268908
16,06	0,226892802759	1,74532925199	-4,57879587726
16,07	0,244346095279	1,69684788388	-11,8510010938
16,08	0,261799387799	1,55140377955	-20,3352405131
16,09	0,279252680319	1,11507146655	-12,3896829615
16,1	0,279252680319	1,11507146655	11,3123192259
16,11	0,296705972839	1,55140377955	15,756444636
16,12	0,314159265359	1,64836651577	-0,134670467077
16,13	0,331612557879	1,55140377955	-16,6991379049
16,14	0,349065850399	1,11507146655	-16,0257855699
16,15	0,349065850399	1,06659009844	-0,40401140085
16,16	0,366519142919	1,35747830711	-4,71346634419
16,17	0,383972435439	1,01810873033	-13,1977057636
16,18	0,383972435439	0,921145994107	-8,21489848552
16,19	0,401425727959	0,872664625996	-3,90544354226
16,2	0,401425727959	0,872664625996	-1,61604560362
16,21	0,418879020479	0,872664625997	-3,90544354213
16,22	0,418879020479	0,824183257889	-8,21489848537
16,23	0,436332312999	0,727220521667	-13,1977057636
16,24	0,436332312999	0,387850944888	-4,71346634424
16,25	0,436332312999	0,678739153553	-0,538681867976
16,26	0,453785605519	0,630257785441	-16,9684788388
16,27	0,453785605519	0,193925472443	-21,277933782
16,28	0,453785605519	0,0484813681109	-11,9856715607
16,29	0,453785605519	0	-4,57879587714
16,3	0,453785605519	0	-0,942693268822
16,31	0,453785605519	0	-0,134670466975
16,32	0,453785605519	0	-0,134670466975
16,33	0,453785605519	0	-0,942693268822
16,34	0,453785605519	0	-4,57879587714
16,35	0,453785605519	-0,0484813681109	-11,9856715607
16,36	0,453785605519	-0,193925472443	-21,277933782
16,37	0,453785605519	-0,630257785441	-16,9684788388
16,38	0,436332312999	-0,678739153553	-0,538681867976
16,39	0,436332312999	-0,387850944888	-4,71346634424
16,4	0,436332312999	-0,727220521667	-13,1977057636
16,41	0,418879020479	-0,824183257889	-8,21489848537
16,42	0,418879020479	-0,872664625997	-3,90544354213
16,43	0,401425727959	-0,872664625996	-1,61604560362
16,44	0,401425727959	-0,872664625996	-3,90544354226
16,45	0,383972435439	-0,921145994107	-8,21489848552
16,46	0,383972435439	-1,01810873033	-13,1977057636
16,47	0,366519142919	-1,35747830711	-4,57879587722
16,48	0,349065850399	-1,06659009844	0,404011401003
16,49	0,349065850399	-1,11507146655	-12,3896829615
16,5	0,331612557879	-1,50292241144	-9,42693268818
16,51	0,314159265359	-1,50292241144	8,34956895238
16,52	0,296705972839	-1,11507146655	7,67621661743
16,53	0,296705972839	-1,11507146655	-13,1977057636
16,54	0,279252680319	-1,55140377955	-20,4699109801
16,55	0,261799387799	-1,69684788388	-11,8510010937
16,56	0,244346095279	-1,74532925199	-4,57879587714
16,57	0,226892802759	-1,74532925199	-0,942693268926
16,58	0,209439510239	-1,745329252	-0,134670467054
16,59	0,191986217719	-1,745329252	5,08728861506E-011
16,6	0,174532925199	-1,74532925199	5,52601174696E-011
16,61	0,157079632679	-1,74532925199	-5,52601174696E-011
16,62	0,13962634016	-1,745329252	-5,08728861506E-011
16,63	0,12217304764	-1,745329252	-0,134670466895
16,64	0,10471975512	-1,74532925199	-0,942693268719
16,65	0,0872664625997	-1,74532925199	-4,57879587714
16,66	0,0698131700798	-1,7938106201	-11,8510010939
16,67	0,0523598775599	-1,93925472444	-20,3352405133
16,68	0,0349065850398	-2,37558703744	-12,2550124947
16,69	0	-2,37558703744	12,2550124947
16,7	-0,0174532925199	-1,93925472444	20,3352405132
16,71	-0,0349065850399	-1,79381062011	11,8510010938
16,72	-0,0523598775599	-1,74532925199	4,5787958772
16,73	-0,0698131700798	-1,74532925199	0,942693268768
16,74	-0,0872664625997	-1,745329252	0,134670466924
16,75	-0,10471975512	-1,745329252	7,98275026328E-011
16,76	-0,12217304764	-1,74532925199	1,03509176539E-010
16,77	-0,13962634016	-1,74532925199	0
16,78	-0,157079632679	-1,74532925199	-1,03509176539E-010
16,79	-0,174532925199	-1,745329252	-7,98275026328E-011
16,8	-0,191986217719	-1,745329252	0,134670467026
16,81	-0,209439510239	-1,74532925199	0,942693268878
16,82	-0,226892802759	-1,74532925199	4,57879587708
16,83	-0,244346095279	-1,69684788388	11,8510010937
16,84	-0,261799387799	-1,55140377955	20,4699109802
16,85	-0,279252680319	-1,11507146655	13,1977057636
16,86	-0,279252680319	-1,11507146655	-7,67621661755
16,87	-0,296705972839	-1,50292241144	-8,34956895253
16,88	-0,314159265359	-1,50292241144	9,42693268815
16,89	-0,331612557879	-1,11507146655	12,3896829617
16,9	-0,331612557879	-1,06659009844	-0,404011400791
16,91	-0,349065850399	-1,3574783071	4,57879587721
16,92	-0,366519142919	-1,01810873033	13,1977057635
16,93	-0,366519142919	-0,921145994107	8,21489848545
16,94	-0,383972435439	-0,872664625996	3,90544354224
16,95	-0,383972435439	-0,872664625996	1,75071607059
16,96	-0,401425727959	-0,872664625997	4,71346634398
16,97	-0,401425727959	-0,824183257889	11,8510010937
16,98	-0,418879020479	-0,678739153556	20,4699109802
16,99	-0,418879020479	-0,242406840556	13,1977057636
17	-0,418879020479	-0,242406840555	-7,5415461505
17,01	-0,418879020479	-0,630257785441	-7,54154615055
17,02	-0,436332312999	-0,630257785441	13,1977057635
17,03	-0,436332312999	-0,193925472443	20,4699109801
17,04	-0,436332312999	-0,0484813681109	11,8510010938
17,05	-0,436332312999	0	4,57879587714
17,06	-0,436332312999	0	1,0773637358
17,07	-0,436332312999	0	1,0773637358
17,08	-0,436332312999	0	4,57879587714
17,09	-0,436332312999	0,0484813681109	11,9856715607
17,1	-0,436332312999	0,193925472443	21,277933782
17,11	-0,436332312999	0,630257785441	16,8338083719
17,12	-0,418879020479	0,678739153553	-0,269340933872
17,13	-0,418879020479	0,387850944888	0,942693268955
17,14	-0,418879020479	0,678739153556	5,11747774512
17,15	-0,401425727959	0,678739153556	-3,90544354234
17,16	-0,401425727959	0,387850944888	4,578795877
17,17	-0,401425727959	0,727220521663	16,8338083718
17,18	-0,383972435439	0,872664625996	16,4297969709
17,19	-0,383972435439	1,01810873033	16,8338083718
17,2	-0,366519142919	1,3574783071	4,57879587717
17,21	-0,349065850399	1,06659009844	-3,90544354219
17,22	-0,349065850399	1,06659009844	5,11747774517
17,23	-0,331612557879	1,35747830711	0,942693268903
17,24	-0,314159265359	1,06659009844	-0,269340934023
17,25	-0,314159265359	1,11507146655	16,6991379048
17,26	-0,296705972839	1,55140377955	20,3352405132
17,27	-0,279252680319	1,69684788388	7,40687568371
17,28	-0,261799387799	1,69684788388	-7,27220521656
17,29	-0,244346095279	1,55140377955	-19,3925472444
17,3	-0,226892802759	1,11507146655	-12,1203420278
17,31	-0,226892802759	1,11507146655	12,2550124947
17,32	-0,209439510239	1,55140377955	20,3352405133
17,33	-0,191986217719	1,69684788388	11,8510010938
17,34	-0,174532925199	1,745329252	4,57879587706
17,35	-0,157079632679	1,74532925199	0,94269326872
17,36	-0,13962634016	1,74532925199	0,134670466975
17,37	-0,12217304764	1,74532925199	1,03509176539E-010
17,38	-0,10471975512	1,745329252	0,134670467054
17,39	-0,0872664625997	1,745329252	0,942693268772
17,4	-0,0698131700798	1,74532925199	4,57879587708
17,41	-0,0523598775599	1,7938106201	11,8510010938
17,42	-0,0349065850399	1,93925472444	20,3352405132
17,43	-0,0174532925199	2,37558703744	12,2550124947
17,44	0,0174532925199	2,37558703744	-12,2550124947
17,45	0,0349065850398	1,93925472444	-20,3352405132
17,46	0,0523598775599	1,79381062011	-11,8510010939
17,47	0,0698131700798	1,74532925199	-4,57879587725
17,48	0,0872664625997	1,74532925199	-0,942693268823
17,49	0,10471975512	1,74532925199	-0,134670466871
17,5	0,12217304764	1,745329252	7,98275026328E-011
17,51	0,13962634016	1,745329252	-5,08728861506E-011
17,52	0,157079632679	1,74532925199	-0,13467046703
17,53	0,174532925199	1,74532925199	-0,942693268767
17,54	0,191986217719	1,745329252	-4,57879587709
17,55	0,209439510239	1,69684788388	-11,8510010939
17,56	0,226892802759	1,55140377955	-20,3352405133
17,57	0,244346095279	1,11507146655	-12,3896829617
17,58	0,244346095279	1,11507146655	11,3123192259
17,59	0,261799387799	1,55140377955	15,7564446362
17,6	0,279252680319	1,64836651577	-0,134670466896
17,61	0,296705972839	1,55140377955	-16,6991379049
17,62	0,314159265359	1,11507146655	-15,8911151031
17,63	0,314159265359	1,06659009844	0,404011400877
17,64	0,331612557879	1,3574783071	-0,942693268775
17,65	0,349065850399	1,06659009844	-5,11747774491
17,66	0,349065850399	1,06659009844	4,04011400932
17,67	0,366519142919	1,35747830711	-3,77077307537
17,68	0,383972435439	1,01810873033	-13,1977057636
17,69	0,383972435439	0,921145994107	-9,02292128738
17,7	0,401425727959	0,872664625996	-7,5415461506
17,71	0,401425727959	0,824183257885	-9,02292128728
17,72	0,418879020479	0,727220521663	-13,3323762304
17,73	0,418879020479	0,387850944888	-4,71346634398
17,74	0,418879020479	0,678739153556	-0,538681867819
17,75	0,436332312999	0,630257785445	-16,9684788389
17,76	0,436332312999	0,193925472445	-21,2779337821
17,77	0,436332312999	0,0484813681112	-11,9856715608
17,78	0,436332312999	0	-4,57879587717
17,79	0,436332312999	0	-0,942693268829
17,8	0,436332312999	0	-0,134670466976
17,81	0,436332312999	0	0
17,82	0,436332312999	0	-0,134670466976
17,83	0,436332312999	0	-0,942693268829
17,84	0,436332312999	0	-4,57879587717
17,85	0,436332312999	-0,0484813681112	-11,9856715608
17,86	0,436332312999	-0,193925472445	-21,2779337821
17,87	0,436332312999	-0,630257785445	-16,9684788389
17,88	0,418879020479	-0,678739153556	-0,538681867819
17,89	0,418879020479	-0,387850944888	-4,71346634398
17,9	0,418879020479	-0,727220521663	-13,1977057634
17,91	0,401425727959	-0,824183257885	-8,21489848542
17,92	0,401425727959	-0,872664625996	-3,90544354226
17,93	0,383972435439	-0,872664625996	-1,61604560372
17,94	0,383972435439	-0,872664625996	-3,90544354234
17,95	0,366519142919	-0,921145994108	-8,21489848558
17,96	0,366519142919	-1,01810873033	-13,0630352966
17,97	0,349065850399	-1,35747830711	-3,77077307521
17,98	0,331612557879	-1,06659009844	4,04011400937
17,99	0,331612557879	-1,06659009844	-5,11747774499
18	0,314159265359	-1,3574783071	-0,94269326887
18,01	0,296705972839	-1,06659009844	0,269340933823
18,02	0,296705972839	-1,11507146655	-16,8338083719
18,03	0,279252680319	-1,55140377955	-21,2779337819
18,04	0,261799387799	-1,69684788388	-11,9856715606
18,05	0,244346095279	-1,74532925199	-4,57879587714
18,06	0,226892802759	-1,74532925199	-0,942693268926
18,07	0,209439510239	-1,745329252	-0,134670467054
18,08	0,191986217719	-1,745329252	5,08728861506E-011
18,09	0,174532925199	-1,74532925199	5,52601174696E-011
18,1	0,157079632679	-1,74532925199	-5,52601174696E-011
18,11	0,13962634016	-1,745329252	-5,08728861506E-011
18,12	0,12217304764	-1,745329252	7,98275026328E-011
18,13	0,10471975512	-1,74532925199	1,03509176539E-010
18,14	0,0872664625997	-1,74532925199	0
18,15	0,0698131700798	-1,74532925199	-1,03509176539E-010
18,16	0,0523598775599	-1,745329252	-7,98275026328E-011
18,17	0,0349065850398	-1,745329252	5,08728861506E-011
18,18	0,0174532925199	-1,74532925199	5,52601174696E-011
18,19	0	-1,74532925199	-5,61378104496E-011
18,2	-0,0174532925199	-1,745329252	-5,61378104496E-011
18,21	-0,0349065850399	-1,745329252	5,61378104496E-011
18,22	-0,0523598775599	-1,74532925199	5,61378104496E-011
18,23	-0,0698131700798	-1,74532925199	-5,52601174696E-011
18,24	-0,0872664625997	-1,745329252	-5,08728861506E-011
18,25	-0,10471975512	-1,745329252	7,98275026328E-011
18,26	-0,12217304764	-1,74532925199	1,03509176539E-010
18,27	-0,13962634016	-1,74532925199	0
18,28	-0,157079632679	-1,74532925199	-1,03509176539E-010
18,29	-0,174532925199	-1,745329252	0,134670466895
18,3	-0,191986217719	-1,745329252	0,942693268873
18,31	-0,209439510239	-1,74532925199	4,57879587719
18,32	-0,226892802759	-1,69684788388	11,8510010937
18,33	-0,244346095279	-1,55140377955	20,4699109801
18,34	-0,261799387799	-1,11507146655	13,1977057636
18,35	-0,261799387799	-1,11507146655	-7,67621661743
18,36	-0,279252680319	-1,50292241144	-8,34956895238
18,37	-0,296705972839	-1,50292241144	9,42693268818
18,38	-0,314159265359	-1,11507146655	12,3896829615
18,39	-0,314159265359	-1,06659009844	-0,404011401003
18,4	-0,331612557879	-1,35747830711	4,57879587722
18,41	-0,349065850399	-1,01810873033	13,1977057636
18,42	-0,349065850399	-0,921145994107	8,21489848553
18,43	-0,366519142919	-0,872664625996	3,90544354229
18,44	-0,366519142919	-0,872664625996	1,75071607068
18,45	-0,383972435439	-0,872664625996	4,71346634411
18,46	-0,383972435439	-0,824183257885	11,8510010938
18,47	-0,401425727959	-0,678739153552	20,4699109801
18,48	-0,401425727959	-0,242406840555	13,1977057634
18,49	-0,401425727959	-0,242406840556	-7,54154615071
18,5	-0,401425727959	-0,630257785445	-7,54154615066
18,51	-0,418879020479	-0,630257785445	13,1977057636
18,52	-0,418879020479	-0,193925472445	20,4699109803
18,53	-0,418879020479	-0,0484813681112	11,8510010938
18,54	-0,418879020479	0	4,57879587717
18,55	-0,418879020479	0	0,942693268829
18,56	-0,418879020479	0	0,269340933951
18,57	-0,418879020479	0	0,942693268829
18,58	-0,418879020479	0	4,57879587717
18,59	-0,418879020479	0,0484813681112	11,9856715608
18,6	-0,418879020479	0,193925472445	21,2779337821
18,61	-0,418879020479	0,630257785445	16,8338083719
18,62	-0,401425727959	0,678739153556	-0,269340934029
18,63	-0,401425727959	0,387850944888	0,94269326869
18,64	-0,401425727959	0,678739153553	5,11747774496
18,65	-0,383972435439	0,678739153552	-3,90544354229
18,66	-0,383972435439	0,387850944887	4,57879587713
18,67	-0,383972435439	0,727220521663	16,8338083718
18,68	-0,366519142919	0,872664625996	16,4297969709
18,69	-0,366519142919	1,01810873033	16,8338083719
18,7	-0,349065850399	1,3574783071	4,57879587721
18,71	-0,331612557879	1,06659009844	-3,90544354213
18,72	-0,331612557879	1,06659009844	5,11747774512
18,73	-0,314159265359	1,35747830711	0,808022801774
18,74	-0,296705972839	1,06659009844	-1,21203420287
18,75	-0,296705972839	1,11507146655	12,2550124947
18,76	-0,279252680319	1,50292241144	9,42693268833
18,77	-0,261799387799	1,50292241144	-8,34956895235
18,78	-0,244346095279	1,11507146655	-7,67621661763
18,79	-0,244346095279	1,11507146655	13,1977057634
18,8	-0,226892802759	1,55140377955	20,4699109801
18,81	-0,209439510239	1,69684788388	11,8510010939
18,82	-0,191986217719	1,745329252	4,57879587721
18,83	-0,174532925199	1,745329252	0,942693268748
18,84	-0,157079632679	1,74532925199	0,134670466872
18,85	-0,13962634016	1,74532925199	0
18,86	-0,12217304764	1,74532925199	1,03509176539E-010
18,87	-0,10471975512	1,745329252	7,98275026328E-011
18,88	-0,0872664625997	1,745329252	-5,08728861506E-011
18,89	-0,0698131700798	1,74532925199	-5,52601174696E-011
18,9	-0,0523598775599	1,74532925199	5,61378104496E-011
18,91	-0,0349065850399	1,745329252	5,61378104496E-011
18,92	-0,0174532925199	1,745329252	-5,61378104496E-011
18,93	0	1,74532925199	-5,61378104496E-011
18,94	0,0174532925199	1,74532925199	5,52601174696E-011
18,95	0,0349065850398	1,745329252	5,08728861506E-011
18,96	0,0523598775599	1,745329252	-7,98275026328E-011
18,97	0,0698131700798	1,74532925199	-1,03509176539E-010
18,98	0,0872664625997	1,74532925199	0
18,99	0,10471975512	1,74532925199	1,03509176539E-010
19	0,12217304764	1,745329252	7,98275026328E-011
19,01	0,13962634016	1,745329252	-5,08728861506E-011
19,02	0,157079632679	1,74532925199	-0,13467046703
19,03	0,174532925199	1,74532925199	-0,942693268767
19,04	0,191986217719	1,745329252	-4,57879587709
19,05	0,209439510239	1,69684788388	-11,8510010939
19,06	0,226892802759	1,55140377955	-20,4699109803
19,07	0,244346095279	1,11507146655	-13,1977057636
19,08	0,244346095279	1,11507146655	7,6762166176
19,09	0,261799387799	1,50292241144	8,34956895255
19,1	0,279252680319	1,50292241144	-9,42693268815
19,11	0,296705972839	1,11507146655	-12,2550124948
19,12	0,296705972839	1,06659009844	1,21203420265
19,13	0,314159265359	1,3574783071	-0,808022801895
19,14	0,331612557879	1,06659009844	-5,11747774499
19,15	0,331612557879	1,06659009844	4,04011400937
19,16	0,349065850399	1,35747830711	-3,77077307521
19,17	0,366519142919	1,01810873033	-13,1977057636
19,18	0,366519142919	0,921145994108	-9,02292128743
19,19	0,383972435439	0,872664625996	-7,54154615066
19,2	0,383972435439	0,824183257885	-9,02292128733
19,21	0,401425727959	0,727220521663	-13,3323762305
19,22	0,401425727959	0,387850944887	-4,71346634411
19,23	0,401425727959	0,678739153552	-0,538681867899
19,24	0,418879020479	0,630257785441	-16,8338083718
19,25	0,418879020479	0,193925472443	-20,3352405132
19,26	0,418879020479	0,0484813681109	-7,40687568357
19,27	0,418879020479	0,0484813681112	7,13753474973
19,28	0,418879020479	0,193925472445	18,4498539757
19,29	0,418879020479	0,630257785445	7,54154615063
19,3	0,436332312999	0,581776417334	-24,1060135886
19,31	0,436332312999	0	-40,6704810266
19,32	0,436332312999	-0,581776417334	-24,2406840556
19,33	0,418879020479	-0,630257785445	6,73352334878
19,34	0,418879020479	-0,193925472445	14,8137513673
19,35	0,418879020479	-0,0969627362221	-0,269340933873
19,36	0,418879020479	-0,193925472443	-16,6991379048
19,37	0,418879020479	-0,630257785441	-16,02578557
19,38	0,401425727959	-0,678739153552	-0,404011400923
19,39	0,401425727959	-0,387850944887	-4,71346634411
19,4	0,401425727959	-0,727220521663	-13,1977057635
19,41	0,383972435439	-0,824183257885	-8,21489848548
19,42	0,383972435439	-0,872664625996	-3,77077307537
19,43	0,366519142919	-0,872664625997	-0,80802280198
19,44	0,366519142919	-0,872664626	-0,269340934029
19,45	0,349065850399	-0,872664626	-0,942693268743
19,46	0,349065850399	-0,872664625997	-4,57879587701
19,47	0,331612557879	-0,921145994107	-11,8510010937
19,48	0,331612557879	-1,06659009844	-20,4699109802
19,49	0,314159265359	-1,50292241144	-13,1977057636
19,5	0,296705972839	-1,50292241144	7,5415461505
19,51	0,279252680319	-1,11507146655	7,54154615066
19,52	0,279252680319	-1,11507146655	-13,1977057634
19,53	0,261799387799	-1,55140377955	-20,4699109801
19,54	0,244346095279	-1,69684788388	-11,7163306268
19,55	0,226892802759	-1,74532925199	-3,63610260844
19,56	0,209439510239	-1,745329252	3,63610260824
19,57	0,191986217719	-1,69684788388	11,7163306269
19,58	0,174532925199	-1,55140377955	20,3352405133
19,59	0,157079632679	-1,11507146655	12,2550124947
19,6	0,157079632679	-1,11507146655	-12,2550124948
19,61	0,13962634016	-1,55140377955	-20,3352405132
19,62	0,12217304764	-1,69684788388	-11,8510010937
19,63	0,10471975512	-1,74532925199	-4,57879587703
19,64	0,0872664625997	-1,74532925199	-0,942693268822
19,65	0,0698131700798	-1,74532925199	-0,134670467078
19,66	0,0523598775599	-1,745329252	-7,98275026328E-011
19,67	0,0349065850398	-1,745329252	5,08728861506E-011
19,68	0,0174532925199	-1,74532925199	5,52601174696E-011
19,69	0	-1,74532925199	-5,61378104496E-011
19,7	-0,0174532925199	-1,745329252	-5,61378104496E-011
19,71	-0,0349065850399	-1,745329252	5,61378104496E-011
19,72	-0,0523598775599	-1,74532925199	5,61378104496E-011
19,73	-0,0698131700798	-1,74532925199	-5,52601174696E-011
19,74	-0,0872664625997	-1,745329252	-5,08728861506E-011
19,75	-0,10471975512	-1,745329252	7,98275026328E-011
19,76	-0,12217304764	-1,74532925199	1,03509176539E-010
19,77	-0,13962634016	-1,74532925199	0
19,78	-0,157079632679	-1,74532925199	0,134670466872
19,79	-0,174532925199	-1,745329252	0,942693268748
19,8	-0,191986217719	-1,745329252	4,57879587721
19,81	-0,209439510239	-1,69684788388	11,8510010939
19,82	-0,226892802759	-1,55140377955	20,4699109801
19,83	-0,244346095279	-1,11507146655	13,1977057634
19,84	-0,244346095279	-1,11507146655	-7,67621661763
19,85	-0,261799387799	-1,50292241144	-8,34956895235
19,86	-0,279252680319	-1,50292241144	9,42693268833
19,87	-0,296705972839	-1,11507146655	12,3896829617
19,88	-0,296705972839	-1,06659009844	-0,404011401027
19,89	-0,314159265359	-1,35747830711	4,57879587706
19,9	-0,331612557879	-1,01810873033	13,1977057636
19,91	-0,331612557879	-0,921145994108	8,21489848558
19,92	-0,349065850399	-0,872664625996	3,90544354234
19,93	-0,349065850399	-0,872664625996	1,61604560373
19,94	-0,366519142919	-0,872664625996	3,90544354227
19,95	-0,366519142919	-0,824183257885	8,16103029865
19,96	-0,383972435439	-0,727220521663	12,8340955026
19,97	-0,383972435439	-0,387850944888	3,08395369358
19,98	-0,383972435439	-0,698131700799	-3,59570146849
19,99	-0,401425727959	-0,702979837618	9,17105880093
20	-0,401425727959	-0,387850944893	20,9277905686
