Vernier Format 2
Файл.gmbl 07.12.2019 14:26:07 ,
Новый
Время	Угол	Скорость	Ускорение
t	Угол	v	a
с	rad	rad/с	rad/с²

0	0	0	0
0,01	0	0	0
0,02	0	0	0
0,03	0	0	0
0,04	0	0	0
0,05	0	0	0
0,06	0	0	0
0,07	0	0	0
0,08	0	0	0
0,09	0	0	0
0,1	0	0	0
0,11	0	0	0
0,12	0	0	0
0,13	0	0	0
0,14	0	0	0
0,15	0	0	0
0,16	0	0	0
0,17	0	0	0
0,18	0	0	0
0,19	0	0	0
0,2	0	0	0
0,21	0	0	0
0,22	0	0	0
0,23	0	0	0
0,24	0	0	0
0,25	0	0	0
0,26	0	0	0
0,27	0	0	0
0,28	0	0	0
0,29	0	0	0
0,3	0	0	0
0,31	0	0	0
0,32	0	0	0
0,33	0	0	0
0,34	0	0	0
0,35	0	0	0
0,36	0	0	0
0,37	0	0	0
0,38	0	0	0
0,39	0	0	0
0,4	0	0	0
0,41	0	0	0
0,42	0	0	0
0,43	0	0	0
0,44	0	0	0
0,45	0	0	0
0,46	0	0	0
0,47	0	0	0
0,48	0	0	0
0,49	0	0	0
0,5	0	0	0
0,51	0	0	0
0,52	0	0	0
0,53	0	0	0
0,54	0	0	0
0,55	0	0	0
0,56	0	0	0
0,57	0	0	0
0,58	0	0	0
0,59	0	0	0
0,6	0	0	0
0,61	0	0	0
0,62	0	0	0
0,63	0	0	0
0,64	0	0	0
0,65	0	0	0
0,66	0	0	0
0,67	0	0	0
0,68	0	0	0
0,69	0	0	0
0,7	0	0	0
0,71	0	0	0
0,72	0	0	0
0,73	0	0	0
0,74	0	0	0
0,75	0	0	0
0,76	0	0	0
0,77	0	0	0
0,78	0	0	0
0,79	0	0	0
0,8	0	0	0
0,81	0	0	0
0,82	0	0	0
0,83	0	0	0
0,84	0	0	0
0,85	0	0	0
0,86	0	0	0
0,87	0	0	0
0,88	0	0	0
0,89	0	0	0
0,9	0	0	0
0,91	0	0	0
0,92	0	0	0
0,93	0	0	0
0,94	0	0	0
0,95	0	0	0
0,96	0	0	0
0,97	0	0	0
0,98	0	0	0
0,99	0	0	0
1	0	0	0
1,01	0	0	0
1,02	0	0	0
1,03	0	0	0
1,04	0	0	0
1,05	0	0	0
1,06	0	0	0
1,07	0	0	0
1,08	0	0	0
1,09	0	0	0
1,1	0	0	-0,134670466975
1,11	0	0	-0,942693268823
1,12	0	0	-4,57879587714
1,13	0	-0,0484813681109	-11,9856715607
1,14	0	-0,193925472444	-21,277933782
1,15	0	-0,630257785441	-16,9684788388
1,16	-0,0174532925199	-0,678739153553	-0,538681867976
1,17	-0,0174532925199	-0,387850944888	-4,71346634425
1,18	-0,0174532925199	-0,727220521667	-13,1977057636
1,19	-0,0349065850399	-0,824183257889	-8,21489848538
1,2	-0,0349065850399	-0,872664625997	-3,90544354213
1,21	-0,0523598775599	-0,872664625996	-1,61604560362
1,22	-0,0523598775599	-0,872664625996	-3,90544354227
1,23	-0,0698131700798	-0,921145994107	-8,21489848553
1,24	-0,0698131700798	-1,01810873033	-13,1977057636
1,25	-0,0872664625997	-1,35747830711	-4,71346634419
1,26	-0,10471975512	-1,06659009844	-0,404011400844
1,27	-0,10471975512	-1,11507146655	-16,0257855699
1,28	-0,12217304764	-1,55140377955	-16,6991379048
1,29	-0,13962634016	-1,64836651577	-0,134670466975
1,3	-0,157079632679	-1,55140377955	15,756444636
1,31	-0,174532925199	-1,11507146655	11,4469896927
1,32	-0,174532925199	-1,11507146655	-11,4469896929
1,33	-0,191986217719	-1,55140377955	-15,756444636
1,34	-0,209439510239	-1,64836651577	1,02637034674E-010
1,35	-0,226892802759	-1,55140377955	15,756444636
1,36	-0,244346095279	-1,11507146655	11,3123192258
1,37	-0,244346095279	-1,11507146655	-12,2550124948
1,38	-0,261799387799	-1,55140377955	-19,3925472443
1,39	-0,279252680319	-1,69684788388	-7,27220521658
1,4	-0,296705972839	-1,69684788388	7,27220521658
1,41	-0,314159265359	-1,55140377955	19,5272177113
1,42	-0,331612557879	-1,11507146655	13,0630352966
1,43	-0,331612557879	-1,11507146655	-7,67621661742
1,44	-0,349065850399	-1,50292241144	-8,48423941933
1,45	-0,366519142919	-1,50292241144	8,61890988638
1,46	-0,383972435439	-1,11507146655	8,61890988631
1,47	-0,383972435439	-1,11507146655	-8,61890988651
1,48	-0,401425727959	-1,50292241144	-8,48423941948
1,49	-0,418879020479	-1,50292241144	9,42693268831
1,5	-0,436332312999	-1,11507146655	12,2550124948
1,51	-0,436332312999	-1,06659009844	-1,21203420272
1,52	-0,453785605519	-1,3574783071	0,808022801801
1,53	-0,471238898038	-1,06659009844	5,11747774491
1,54	-0,471238898038	-1,06659009844	-4,04011400932
1,55	-0,488692190558	-1,35747830711	3,6361026084
1,56	-0,506145483078	-1,01810873033	12,2550124948
1,57	-0,506145483078	-0,921145994107	4,57879587722
1,58	-0,523598775598	-0,921145994107	-3,50143214131
1,59	-0,523598775598	-1,01810873033	-7,67621661756
1,6	-0,541052068118	-1,30899693899	8,21489848543
1,61	-0,558505360638	-0,872664625996	24,5100249893
1,62	-0,558505360638	-0,436332312999	8,21489848532
1,63	-0,558505360638	-0,727220521667	-7,67621661764
1,64	-0,575958653158	-0,824183257889	-3,50143214126
1,65	-0,575958653158	-0,824183257886	4,57879587727
1,66	-0,593411945678	-0,727220521664	12,3896829617
1,67	-0,593411945678	-0,387850944887	4,44412541019
1,68	-0,593411945678	-0,678739153552	-0,404011400918
1,69	-0,610865238198	-0,630257785441	12,3896829617
1,7	-0,610865238198	-0,242406840554	9,42693268823
1,71	-0,610865238198	-0,242406840554	-8,34956895243
1,72	-0,610865238198	-0,630257785441	-7,67621661756
1,73	-0,628318530718	-0,630257785441	13,0630352965
1,74	-0,628318530718	-0,193925472444	19,5272177113
1,75	-0,628318530718	-0,0484813681109	7,2722052166
1,76	-0,628318530718	-0,0484813681112	-7,27220521671
1,77	-0,628318530718	-0,193925472445	-19,3925472445
1,78	-0,628318530718	-0,630257785446	-12,1203420278
1,79	-0,645771823238	-0,630257785446	12,3896829618
1,8	-0,645771823238	-0,193925472445	21,2779337821
1,81	-0,645771823238	-0,0484813681112	16,429796971
1,82	-0,645771823238	0,0484813681112	16,429796971
1,83	-0,645771823238	0,193925472445	21,4126042491
1,84	-0,645771823238	0,630257785446	13,3323762306
1,85	-0,628318530718	0,630257785446	-7,54154615066
1,86	-0,628318530718	0,242406840556	-7,54154615071
1,87	-0,628318530718	0,242406840555	13,1977057634
1,88	-0,628318530718	0,678739153552	20,4699109801
1,89	-0,610865238198	0,824183257885	11,8510010938
1,9	-0,610865238198	0,872664625996	4,71346634412
1,91	-0,593411945678	0,872664625996	1,88538653768
1,92	-0,593411945678	0,872664625996	4,84813681117
1,93	-0,575958653158	0,921145994108	12,7936943627
1,94	-0,575958653158	1,06659009844	25,0487068574
1,95	-0,558505360638	1,55140377955	25,0487068572
1,96	-0,541052068118	1,69684788388	12,7936943625
1,97	-0,523598775598	1,74532925199	4,71346634411
1,98	-0,506145483078	1,74532925199	0,942693268927
1,99	-0,488692190558	1,745329252	0,134670467056
2	-0,471238898038	1,745329252	-5,00315838142E-011
2,01	-0,453785605519	1,74532925199	0,13467046692
2,02	-0,436332312999	1,74532925199	0,942693268879
2,03	-0,418879020479	1,745329252	4,5787958772
2,04	-0,401425727959	1,79381062011	11,9856715607
2,05	-0,383972435439	1,93925472444	21,2779337819
2,06	-0,366519142919	2,37558703743	16,9684788389
2,07	-0,331612557879	2,42406840555	0,538681867979
2,08	-0,314159265359	2,13318019688	4,57879587713
2,09	-0,296705972839	2,47254977366	12,3896829617
2,1	-0,261799387799	2,56951250988	4,4441254102
2,11	-0,244346095279	2,56951250988	-4,30945494322
2,12	-0,209439510239	2,47254977366	-11,4469896928
2,13	-0,191986217719	2,13318019688	0,134670467006
2,14	-0,174532925199	2,47254977366	12,3896829616
2,15	-0,13962634016	2,56951250988	8,88825082033
2,16	-0,12217304764	2,61799387799	7,54154615061
2,17	-0,0872664625997	2,6664752461	8,8882508203
2,18	-0,0698131700798	2,76343798232	12,3896829617
2,19	-0,0349065850399	3,1028075591	7,89479592811E-011
2,2	0	2,76343798233	-12,2550124947
2,21	0,0174532925199	2,6664752461	-8,08022801853
2,22	0,0523598775599	2,61799387799	-3,77077307542
2,23	0,0698131700798	2,61799387799	-0,808022801927
2,24	0,10471975512	2,61799387799	-0,26934093387
2,25	0,12217304764	2,61799387799	-0,808022801722
2,26	0,157079632679	2,61799387799	-3,77077307524
2,27	0,174532925199	2,56951250988	-8,08022801853
2,28	0,209439510239	2,47254977366	-12,2550124948
2,29	0,226892802759	2,13318019688	-0,134670467059
2,3	0,244346095279	2,47254977366	11,3123192259
2,31	0,279252680319	2,56951250988	3,50143214142
2,32	0,296705972839	2,56951250988	-8,08022801849
2,33	0,331612557879	2,42406840555	-19,6618881783
2,34	0,349065850399	1,98773609255	-13,0630352965
2,35	0,366519142919	1,98773609255	7,54154615055
2,36	0,383972435439	2,37558703744	7,54154615058
2,37	0,418879020479	2,37558703744	-13,1977057635
2,38	0,436332312999	1,93925472444	-20,4699109803
2,39	0,453785605519	1,7938106201	-11,9856715609
2,4	0,471238898038	1,74532925199	-5,52148914596
2,41	0,488692190558	1,74532925199	-5,52148914586
2,42	0,506145483078	1,69684788388	-11,9856715607
2,43	0,523598775598	1,55140377955	-20,4699109802
2,44	0,541052068118	1,11507146655	-13,1977057636
2,45	0,541052068118	1,11507146655	7,54154615058
2,46	0,558505360638	1,50292241144	7,54154615068
2,47	0,575958653158	1,50292241144	-13,1977057634
2,48	0,593411945678	1,06659009844	-20,6045814472
2,49	0,593411945678	0,921145994108	-12,6590238958
2,5	0,610865238198	0,872664625996	-8,34956895251
2,51	0,610865238198	0,824183257885	-9,15759175431
2,52	0,628318530718	0,727220521663	-13,3323762305
2,53	0,628318530718	0,387850944887	-4,71346634411
2,54	0,628318530718	0,678739153552	-0,538681867899
2,55	0,645771823238	0,630257785441	-16,9684788388
2,56	0,645771823238	0,193925472444	-21,277933782
2,57	0,645771823238	0,0484813681109	-12,1203420277
2,58	0,645771823238	0	-5,52148914596
2,59	0,645771823238	0	-5,52148914596
2,6	0,645771823238	-0,0484813681109	-12,1203420277
2,61	0,645771823238	-0,193925472444	-21,277933782
2,62	0,645771823238	-0,630257785441	-16,9684788388
2,63	0,628318530718	-0,678739153552	-0,538681867899
2,64	0,628318530718	-0,387850944887	-4,71346634411
2,65	0,628318530718	-0,727220521663	-13,3323762305
2,66	0,610865238198	-0,824183257885	-9,15759175431
2,67	0,610865238198	-0,872664625996	-8,34956895251
2,68	0,593411945678	-0,921145994108	-12,6590238958
2,69	0,593411945678	-1,06659009844	-20,6045814472
2,7	0,575958653158	-1,50292241144	-13,1977057634
2,71	0,558505360638	-1,50292241144	7,54154615068
2,72	0,541052068118	-1,11507146655	7,54154615058
2,73	0,541052068118	-1,11507146655	-13,1977057636
2,74	0,523598775598	-1,55140377955	-20,4699109802
2,75	0,506145483078	-1,69684788388	-11,9856715607
2,76	0,488692190558	-1,74532925199	-5,52148914586
2,77	0,471238898038	-1,74532925199	-5,52148914596
2,78	0,453785605519	-1,7938106201	-11,9856715609
2,79	0,436332312999	-1,93925472444	-20,4699109803
2,8	0,418879020479	-2,37558703744	-13,1977057635
2,81	0,383972435439	-2,37558703744	7,54154615058
2,82	0,366519142919	-1,98773609255	7,54154615055
2,83	0,349065850399	-1,98773609255	-13,0630352965
2,84	0,331612557879	-2,42406840555	-19,6618881783
2,85	0,296705972839	-2,56951250988	-8,08022801849
2,86	0,279252680319	-2,56951250988	3,50143214142
2,87	0,244346095279	-2,47254977366	11,3123192259
2,88	0,226892802759	-2,13318019688	-0,134670467059
2,89	0,209439510239	-2,47254977366	-12,2550124948
2,9	0,174532925199	-2,56951250988	-8,08022801853
2,91	0,157079632679	-2,61799387799	-3,77077307524
2,92	0,12217304764	-2,61799387799	-0,808022801722
2,93	0,10471975512	-2,61799387799	-0,134670466896
2,94	0,0698131700798	-2,61799387799	-7,89516600245E-011
2,95	0,0523598775599	-2,61799387799	-1,27205653418E-010
2,96	0,0174532925199	-2,61799387799	-5,2640607922E-011
2,97	0	-2,61799387799	2,36909257644E-011
2,98	-0,0349065850399	-2,61799387799	7,89516600245E-011
2,99	-0,0523598775599	-2,61799387799	2,36859914398E-011
3	-0,0872664625997	-2,61799387799	-2,63110521025E-011
3,01	-0,10471975512	-2,61799387799	3,24518190098E-011
3,02	-0,13962634016	-2,61799387799	0,134670466975
3,03	-0,157079632679	-2,61799387799	0,808022801816
3,04	-0,191986217719	-2,61799387799	3,77077307532
3,05	-0,209439510239	-2,56951250988	8,21489848546
3,06	-0,244346095279	-2,47254977366	13,1977057635
3,07	-0,261799387799	-2,13318019688	4,57879587717
3,08	-0,279252680319	-2,42406840555	-0,404011400919
3,09	-0,314159265359	-2,37558703744	12,3896829617
3,1	-0,331612557879	-1,98773609255	9,42693268831
3,11	-0,349065850399	-1,98773609255	-8,34956895237
3,12	-0,366519142919	-2,37558703743	-7,67621661761
3,13	-0,401425727959	-2,37558703744	13,1977057635
3,14	-0,418879020479	-1,93925472444	20,6045814472
3,15	-0,436332312999	-1,7938106201	12,7936943627
3,16	-0,453785605519	-1,74532925199	9,15759175422
3,17	-0,471238898038	-1,69684788388	12,7936943625
3,18	-0,488692190558	-1,55140377955	20,6045814472
3,19	-0,506145483078	-1,11507146655	13,1977057637
3,2	-0,506145483078	-1,11507146655	-7,54154615051
3,21	-0,523598775598	-1,50292241144	-7,54154615058
3,22	-0,541052068118	-1,50292241144	13,1977057634
3,23	-0,558505360638	-1,06659009844	20,604581447
3,24	-0,558505360638	-0,921145994111	12,6590238955
3,25	-0,575958653158	-0,872664626	8,34956895251
3,26	-0,575958653158	-0,824183257886	9,15759175441
3,27	-0,593411945678	-0,727220521664	13,3323762306
3,28	-0,593411945678	-0,387850944887	4,71346634414
3,29	-0,593411945678	-0,678739153552	0,538681867905
3,3	-0,610865238198	-0,630257785441	16,9684788388
3,31	-0,610865238198	-0,193925472444	21,277933782
3,32	-0,610865238198	-0,0484813681109	11,9856715607
3,33	-0,610865238198	0	4,71346634411
3,34	-0,610865238198	0	1,88538653765
3,35	-0,610865238198	0	4,71346634411
3,36	-0,610865238198	0,0484813681109	11,9856715607
3,37	-0,610865238198	0,193925472444	21,277933782
3,38	-0,610865238198	0,630257785441	16,9684788388
3,39	-0,593411945678	0,678739153552	0,67335233488
3,4	-0,593411945678	0,387850944887	5,52148914599
3,41	-0,593411945678	0,727220521664	16,9684788389
3,42	-0,575958653158	0,872664625997	16,429796971
3,43	-0,575958653158	1,01810873033	16,9684788389
3,44	-0,558505360638	1,35747830711	5,38681867891
3,45	-0,541052068118	1,06659009844	-0,269340934081
3,46	-0,541052068118	1,11507146655	12,3896829616
3,47	-0,523598775598	1,50292241144	9,42693268823
3,48	-0,506145483078	1,50292241144	-8,34956895236
3,49	-0,488692190558	1,11507146655	-7,67621661742
3,5	-0,488692190558	1,11507146655	13,3323762306
3,51	-0,471238898038	1,55140377955	21,4126042489
3,52	-0,453785605519	1,69684788388	16,4297969709
3,53	-0,436332312999	1,7938106201	16,429796971
3,54	-0,418879020479	1,93925472444	21,2779337821
3,55	-0,401425727959	2,37558703744	12,5243534286
3,56	-0,366519142919	2,37558703743	-11,3123192259
3,57	-0,349065850399	1,93925472444	-15,621774169
3,58	-0,331612557879	1,84229198822	0,942693268903
3,59	-0,314159265359	1,93925472444	20,3352405132
3,6	-0,296705972839	2,42406840555	23,2979907866
3,61	-0,261799387799	2,56951250988	8,88825082036
3,62	-0,244346095279	2,56951250988	-3,3667616744
3,63	-0,209439510239	2,47254977366	-11,3123192259
3,64	-0,191986217719	2,13318019688	3,15710420769E-011
3,65	-0,174532925199	2,47254977366	11,4469896928
3,66	-0,13962634016	2,56951250988	4,30945494319
3,67	-0,12217304764	2,56951250988	-4,30945494316
3,68	-0,0872664625997	2,47254977366	-11,4469896929
3,69	-0,0698131700798	2,13318019688	0,134670466975
3,7	-0,0523598775599	2,47254977366	12,2550124947
3,71	-0,0174532925199	2,56951250988	8,08022801845
3,72	0	2,61799387799	3,77077307529
3,73	0,0349065850398	2,61799387799	0,80802280188
3,74	0,0523598775599	2,61799387799	0,134670466943
3,75	0,0872664625997	2,61799387799	-0,134670466975
3,76	0,10471975512	2,61799387799	-0,808022801816
3,77	0,13962634016	2,61799387799	-3,77077307532
3,78	0,157079632679	2,56951250988	-8,21489848546
3,79	0,191986217719	2,47254977366	-13,0630352965
3,8	0,209439510239	2,13318019688	-3,77077307537
3,81	0,226892802759	2,42406840555	4,04011400918
3,82	0,261799387799	2,42406840555	-5,11747774498
3,83	0,279252680319	2,13318019688	-0,942693268743
3,84	0,296705972839	2,42406840555	0,269340933941
3,85	0,331612557879	2,37558703744	-16,8338083718
3,86	0,349065850399	1,93925472444	-21,277933782
3,87	0,366519142919	1,79381062011	-11,9856715608
3,88	0,383972435439	1,74532925199	-4,5787958772
3,89	0,401425727959	1,74532925199	-0,942693268768
3,9	0,418879020479	1,745329252	-0,134670466924
3,91	0,436332312999	1,745329252	-7,98268858423E-011
3,92	0,453785605519	1,74532925199	-0,134670467078
3,93	0,471238898038	1,74532925199	-0,942693268823
3,94	0,488692190558	1,74532925199	-4,57879587704
3,95	0,506145483078	1,69684788388	-11,9856715607
3,96	0,523598775598	1,55140377955	-21,2779337821
3,97	0,541052068118	1,11507146655	-16,9684788389
3,98	0,541052068118	1,06659009844	-0,673352334921
3,99	0,558505360638	1,35747830711	-5,52148914591
4	0,575958653158	1,01810873033	-16,9684788387
4,01	0,575958653158	0,872664626	-16,4297969708
4,02	0,593411945678	0,727220521667	-16,9684788389
4,03	0,593411945678	0,387850944888	-5,52148914609
4,04	0,593411945678	0,678739153553	-0,67335233495
4,05	0,610865238198	0,630257785441	-16,9684788388
4,06	0,610865238198	0,193925472444	-21,277933782
4,07	0,610865238198	0,0484813681109	-11,9856715607
4,08	0,610865238198	0	-4,57879587714
4,09	0,610865238198	0	-0,942693268823
4,1	0,610865238198	0	-0,269340933949
4,11	0,610865238198	0	-0,942693268823
4,12	0,610865238198	0	-4,71346634411
4,13	0,610865238198	-0,0484813681109	-12,7936943626
4,14	0,610865238198	-0,193925472444	-25,0487068573
4,15	0,610865238198	-0,678739153553	-25,0487068574
4,16	0,593411945678	-0,824183257886	-12,7936943627
4,17	0,593411945678	-0,872664626	-4,84813681117
4,18	0,575958653158	-0,872664626	-1,75071607059
4,19	0,575958653158	-0,872664625997	-3,90544354213
4,2	0,558505360638	-0,921145994107	-8,21489848538
4,21	0,558505360638	-1,01810873033	-13,1977057635
4,22	0,541052068118	-1,35747830711	-4,71346634418
4,23	0,523598775598	-1,06659009844	-0,53868186803
4,24	0,523598775598	-1,11507146655	-16,9684788389
4,25	0,506145483078	-1,55140377955	-21,2779337819
4,26	0,488692190558	-1,69684788388	-11,9856715606
4,27	0,471238898038	-1,74532925199	-4,57879587714
4,28	0,453785605519	-1,74532925199	-1,0773637359
4,29	0,436332312999	-1,745329252	-1,07736373588
4,3	0,418879020479	-1,745329252	-4,57879587709
4,31	0,401425727959	-1,7938106201	-11,8510010937
4,32	0,383972435439	-1,93925472444	-20,4699109802
4,33	0,366519142919	-2,37558703744	-13,1977057636
4,34	0,331612557879	-2,37558703744	7,54154615059
4,35	0,314159265359	-1,98773609255	7,54154615058
4,36	0,296705972839	-1,98773609255	-13,0630352966
4,37	0,279252680319	-2,42406840555	-19,6618881783
4,38	0,244346095279	-2,56951250988	-8,08022801848
4,39	0,226892802759	-2,56951250988	3,50143214131
4,4	0,191986217719	-2,47254977366	11,3123192259
4,41	0,174532925199	-2,13318019688	-0,134670466969
4,42	0,157079632679	-2,47254977366	-12,2550124947
4,43	0,12217304764	-2,56951250988	-7,94555755143
4,44	0,10471975512	-2,61799387799	-2,96275027338
4,45	0,0698131700798	-2,61799387799	2,96275027338
4,46	0,0523598775599	-2,56951250988	7,94555755143
4,47	0,0174532925199	-2,47254977366	12,2550124947
4,48	0	-2,13318019688	-2,89570836445E-011
4,49	-0,0174532925199	-2,47254977366	-12,2550124948
4,5	-0,0523598775599	-2,56951250988	-7,94555755153
4,51	-0,0698131700798	-2,61799387799	-2,96275027339
4,52	-0,10471975512	-2,61799387799	2,96275027357
4,53	-0,12217304764	-2,56951250988	8,08022801856
4,54	-0,157079632679	-2,47254977366	13,0630352965
4,55	-0,174532925199	-2,13318019688	3,77077307521
4,56	-0,191986217719	-2,42406840555	-4,04011400923
4,57	-0,226892802759	-2,42406840555	5,11747774503
4,58	-0,244346095279	-2,13318019688	0,94269326879
4,59	-0,261799387799	-2,42406840555	-0,269340933917
4,6	-0,296705972839	-2,37558703744	16,8338083718
4,61	-0,314159265359	-1,93925472444	21,277933782
4,62	-0,331612557879	-1,79381062011	11,9856715608
4,63	-0,349065850399	-1,74532925199	4,57879587725
4,64	-0,366519142919	-1,74532925199	0,942693268824
4,65	-0,383972435439	-1,74532925199	0,134670466871
4,66	-0,401425727959	-1,745329252	-7,98268858423E-011
4,67	-0,418879020479	-1,745329252	0,134670467026
4,68	-0,436332312999	-1,74532925199	0,942693268878
4,69	-0,453785605519	-1,74532925199	4,57879587708
4,7	-0,471238898038	-1,69684788388	11,9856715607
4,71	-0,488692190558	-1,55140377955	21,2779337821
4,72	-0,506145483078	-1,11507146655	16,9684788389
4,73	-0,506145483078	-1,06659009844	0,538681867975
4,74	-0,523598775598	-1,3574783071	4,71346634414
4,75	-0,541052068118	-1,01810873033	13,3323762305
4,76	-0,541052068118	-0,921145994107	9,1575917542
4,77	-0,558505360638	-0,872664625997	8,48423941927
4,78	-0,558505360638	-0,824183257889	13,4670466974
4,79	-0,575958653158	-0,678739153556	24,2406840555
4,8	-0,575958653158	-0,193925472445	20,4699109803
4,81	-0,575958653158	-0,0969627362221	1,07736373587
4,82	-0,575958653158	-0,193925472444	-14,6790809002
4,83	-0,575958653158	-0,630257785441	-6,73352334873
4,84	-0,593411945678	-0,581776417331	24,2406840554
4,85	-0,593411945678	0	40,8051514933
4,86	-0,593411945678	0,581776417331	25,0487068573
4,87	-0,575958653158	0,630257785441	-3,09742074039
4,88	-0,575958653158	0,242406840555	-7,40687568353
4,89	-0,575958653158	0,242406840556	9,56160315533
4,9	-0,575958653158	0,630257785446	12,3896829618
4,91	-0,558505360638	0,678739153556	-0,269340934029
4,92	-0,558505360638	0,387850944888	5,38681867885
4,93	-0,558505360638	0,727220521664	16,9684788387
4,94	-0,541052068118	0,872664625996	16,4297969709
4,95	-0,541052068118	1,01810873033	16,9684788388
4,96	-0,523598775598	1,3574783071	5,52148914599
4,97	-0,506145483078	1,06659009844	0,673352334951
4,98	-0,506145483078	1,11507146655	16,833808372
4,99	-0,488692190558	1,55140377955	20,3352405133
5	-0,471238898038	1,69684788388	7,40687568353
5,01	-0,453785605519	1,69684788388	-7,13753474976
5,02	-0,436332312999	1,55140377955	-18,4498539755
5,03	-0,418879020479	1,11507146655	-7,54154615048
5,04	-0,418879020479	1,16355283467	24,1060135885
5,05	-0,401425727959	1,745329252	40,6704810263
5,06	-0,383972435439	2,32710566932	24,2406840554
5,07	-0,349065850399	2,37558703743	-6,73352334867
5,08	-0,331612557879	1,93925472444	-14,8137513671
5,09	-0,314159265359	1,84229198822	0,134670466966
5,1	-0,296705972839	1,93925472444	15,891115103
5,11	-0,279252680319	2,37558703744	12,2550124947
5,12	-0,244346095279	2,37558703744	-7,67621661764
5,13	-0,226892802759	1,98773609255	-7,54154615064
5,14	-0,209439510239	1,98773609255	13,0630352966
5,15	-0,191986217719	2,42406840555	19,6618881784
5,16	-0,157079632679	2,56951250988	8,08022801847
5,17	-0,13962634016	2,56951250988	-3,63610260831
5,18	-0,10471975512	2,47254977366	-12,1203420277
5,19	-0,0872664625997	2,13318019688	-3,63610260835
5,2	-0,0698131700798	2,42406840555	4,17478447621
5,21	-0,0349065850399	2,42406840555	-4,17478447618
5,22	-0,0174532925199	2,13318019688	3,63610260828
5,23	0	2,47254977366	12,2550124947
5,24	0,0349065850398	2,56951250988	4,44412541017
5,25	0,0523598775599	2,56951250988	-4,44412541024
5,26	0,0872664625997	2,47254977366	-12,2550124948
5,27	0,10471975512	2,13318019688	-3,63610260826
5,28	0,12217304764	2,42406840555	4,04011400932
5,29	0,157079632679	2,42406840555	-4,98280727807
5,3	0,174532925199	2,13318019688	5,26369071786E-012
5,31	0,191986217719	2,42406840555	4,84813681112
5,32	0,226892802759	2,42406840555	-4,9828072781
5,33	0,244346095279	2,13318019688	-0,942693268828
5,34	0,261799387799	2,42406840555	0,269340933957
5,35	0,296705972839	2,37558703744	-16,8338083719
5,36	0,314159265359	1,93925472444	-21,2779337821
5,37	0,331612557879	1,7938106201	-11,9856715607
5,38	0,349065850399	1,745329252	-4,57879587708
5,39	0,366519142919	1,745329252	-0,942693268879
5,4	0,383972435439	1,74532925199	-0,134670467031
5,41	0,401425727959	1,74532925199	5,52656685847E-011
5,42	0,418879020479	1,745329252	-0,134670466925
5,43	0,436332312999	1,745329252	-0,942693268908
5,44	0,453785605519	1,74532925199	-4,57879587727
5,45	0,471238898038	1,69684788388	-11,9856715608
5,46	0,488692190558	1,55140377955	-21,277933782
5,47	0,506145483078	1,11507146655	-16,9684788387
5,48	0,506145483078	1,06659009844	-0,53868186782
5,49	0,523598775598	1,35747830711	-4,71346634419
5,5	0,541052068118	1,01810873033	-13,3323762306
5,51	0,541052068118	0,921145994107	-9,15759175436
5,52	0,558505360638	0,872664625996	-8,34956895246
5,53	0,558505360638	0,824183257885	-12,6590238956
5,54	0,575958653158	0,678739153552	-20,6045814471
5,55	0,575958653158	0,242406840555	-13,1977057634
5,56	0,575958653158	0,242406840556	7,54154615071
5,57	0,575958653158	0,630257785446	7,54154615066
5,58	0,593411945678	0,630257785446	-13,3323762306
5,59	0,593411945678	0,193925472445	-21,4126042491
5,6	0,593411945678	0,0484813681112	-16,429796971
5,61	0,593411945678	-0,0484813681112	-16,429796971
5,62	0,593411945678	-0,193925472445	-21,4126042491
5,63	0,593411945678	-0,630257785446	-13,3323762306
5,64	0,575958653158	-0,630257785446	7,54154615066
5,65	0,575958653158	-0,242406840556	7,54154615071
5,66	0,575958653158	-0,242406840555	-13,1977057634
5,67	0,575958653158	-0,678739153552	-20,4699109801
5,68	0,558505360638	-0,824183257885	-11,8510010938
5,69	0,558505360638	-0,872664625996	-4,71346634412
5,7	0,541052068118	-0,872664625996	-1,88538653768
5,71	0,541052068118	-0,872664625996	-4,84813681117
5,72	0,523598775598	-0,921145994108	-12,6590238958
5,73	0,523598775598	-1,06659009844	-24,1060135885
5,74	0,506145483078	-1,55140377955	-20,4699109801
5,75	0,488692190558	-1,64836651577	-0,942693268696
5,76	0,471238898038	-1,55140377955	15,6217741691
5,77	0,453785605519	-1,11507146655	11,3123192258
5,78	0,453785605519	-1,11507146655	-12,5243534288
5,79	0,436332312999	-1,55140377955	-21,2779337821
5,8	0,418879020479	-1,69684788388	-16,4297969709
5,81	0,401425727959	-1,7938106201	-16,4297969709
5,82	0,383972435439	-1,93925472444	-21,2779337821
5,83	0,366519142919	-2,37558703744	-12,5243534287
5,84	0,331612557879	-2,37558703744	11,3123192259
5,85	0,314159265359	-1,93925472444	15,756444636
5,86	0,296705972839	-1,84229198822	-0,134670466983
5,87	0,279252680319	-1,93925472444	-16,6991379048
5,88	0,261799387799	-2,37558703743	-15,891115103
5,89	0,226892802759	-2,42406840555	0,404011400864
5,9	0,209439510239	-2,13318019688	-0,942693268903
5,91	0,191986217719	-2,42406840555	-4,98280727805
5,92	0,157079632679	-2,42406840555	4,84813681109
5,93	0,13962634016	-2,13318019688	-8,77692980023E-012
5,94	0,12217304764	-2,42406840555	-4,98280727798
5,95	0,0872664625997	-2,42406840555	4,0401140093
5,96	0,0698131700798	-2,13318019688	-3,6361026084
5,97	0,0523598775599	-2,47254977366	-12,2550124948
5,98	0,0174532925199	-2,56951250988	-4,44412541022
5,99	0	-2,56951250988	4,44412541019
6	-0,0349065850399	-2,47254977366	12,2550124948
6,01	-0,0523598775599	-2,13318019688	3,63610260835
6,02	-0,0698131700798	-2,42406840555	-4,04011400924
6,03	-0,10471975512	-2,42406840555	4,98280727814
6,04	-0,12217304764	-2,13318019688	6,05293593026E-011
6,05	-0,13962634016	-2,42406840555	-4,84813681115
6,06	-0,174532925199	-2,42406840555	4,98280727798
6,07	-0,191986217719	-2,13318019688	0,942693268832
6,08	-0,209439510239	-2,42406840555	-0,404011400924
6,09	-0,244346095279	-2,37558703744	15,891115103
6,1	-0,261799387799	-1,93925472444	16,6991379049
6,11	-0,279252680319	-1,84229198822	0,134670467036
6,12	-0,296705972839	-1,93925472444	-15,7564446361
6,13	-0,314159265359	-2,37558703744	-11,177648759
6,14	-0,349065850399	-2,37558703744	13,3323762305
6,15	-0,366519142919	-1,93925472444	24,9140363904
6,16	-0,383972435439	-1,74532925199	23,7020021875
6,17	-0,401425727959	-1,55140377955	24,9140363903
6,18	-0,418879020479	-1,11507146655	13,3323762306
6,19	-0,418879020479	-1,11507146655	-11,1776487588
6,2	-0,436332312999	-1,55140377955	-15,6217741691
6,21	-0,453785605519	-1,64836651577	0,94269326872
6,22	-0,471238898038	-1,55140377955	20,4699109801
6,23	-0,488692190558	-1,06659009844	24,1060135885
6,24	-0,488692190558	-0,921145994108	12,6590238958
6,25	-0,506145483078	-0,872664625996	4,84813681117
6,26	-0,506145483078	-0,872664625996	1,88538653768
6,27	-0,523598775598	-0,872664625996	4,71346634412
6,28	-0,523598775598	-0,824183257885	11,8510010938
6,29	-0,541052068118	-0,678739153552	20,4699109802
6,3	-0,541052068118	-0,242406840554	13,1977057635
6,31	-0,541052068118	-0,242406840554	-7,54154615058
6,32	-0,541052068118	-0,630257785441	-7,54154615058
6,33	-0,558505360638	-0,630257785441	13,3323762305
6,34	-0,558505360638	-0,193925472444	21,412604249
6,35	-0,558505360638	-0,0484813681109	16,4297969709
6,36	-0,558505360638	0,0484813681109	16,4297969709
6,37	-0,558505360638	0,193925472444	21,412604249
6,38	-0,558505360638	0,630257785441	13,3323762305
6,39	-0,541052068118	0,630257785441	-7,54154615058
6,4	-0,541052068118	0,242406840554	-7,54154615058
6,41	-0,541052068118	0,242406840554	13,1977057635
6,42	-0,541052068118	0,678739153552	20,4699109802
6,43	-0,523598775598	0,824183257885	11,8510010938
6,44	-0,523598775598	0,872664625996	4,71346634412
6,45	-0,506145483078	0,872664625996	1,88538653768
6,46	-0,506145483078	0,872664625996	4,71346634419
6,47	-0,488692190558	0,921145994108	11,8510010939
6,48	-0,488692190558	1,06659009844	20,4699109802
6,49	-0,471238898038	1,50292241144	13,1977057634
6,5	-0,453785605519	1,50292241144	-7,54154615068
6,51	-0,436332312999	1,11507146655	-7,54154615058
6,52	-0,436332312999	1,11507146655	13,1977057636
6,53	-0,418879020479	1,55140377955	20,4699109802
6,54	-0,401425727959	1,69684788388	11,8510010937
6,55	-0,383972435439	1,74532925199	4,57879587704
6,56	-0,366519142919	1,74532925199	1,0773637358
6,57	-0,349065850399	1,74532925199	1,07736373591
6,58	-0,331612557879	1,745329252	4,57879587724
6,59	-0,314159265359	1,79381062011	11,8510010938
6,6	-0,296705972839	1,93925472444	20,4699109802
6,61	-0,279252680319	2,37558703744	13,1977057635
6,62	-0,244346095279	2,37558703744	-7,67621661764
6,63	-0,226892802759	1,98773609255	-8,48423941947
6,64	-0,209439510239	1,98773609255	8,61890988643
6,65	-0,191986217719	2,37558703744	8,61890988644
6,66	-0,157079632679	2,37558703744	-8,61890988644
6,67	-0,13962634016	1,98773609255	-8,48423941946
6,68	-0,12217304764	1,98773609255	9,42693268829
6,69	-0,10471975512	2,37558703744	12,2550124948
6,7	-0,0698131700798	2,42406840555	-1,21203420278
6,71	-0,0523598775599	2,13318019688	0,808022801853
6,72	-0,0349065850399	2,42406840555	4,9828072781
6,73	0	2,42406840555	-4,84813681112
6,74	0,0174532925199	2,13318019688	0
6,75	0,0349065850398	2,42406840555	4,84813681112
6,76	0,0698131700798	2,42406840555	-4,9828072781
6,77	0,0872664625997	2,13318019688	-0,808022801853
6,78	0,10471975512	2,42406840555	1,21203420278
6,79	0,13962634016	2,37558703744	-12,2550124948
6,8	0,157079632679	1,98773609255	-9,42693268829
6,81	0,174532925199	1,98773609255	8,34956895249
6,82	0,191986217719	2,37558703744	7,81088708459
6,83	0,226892802759	2,37558703744	-12,2550124948
6,84	0,244346095279	1,93925472444	-15,8911151031
6,85	0,261799387799	1,84229198822	6,14101362354E-011
6,86	0,279252680319	1,93925472444	15,7564446361
6,87	0,296705972839	2,37558703744	11,3123192259
6,88	0,331612557879	2,37558703744	-12,5243534286
6,89	0,349065850399	1,93925472444	-21,277933782
6,9	0,366519142919	1,79381062011	-16,429796971
6,91	0,383972435439	1,69684788388	-16,429796971
6,92	0,401425727959	1,55140377955	-21,412604249
6,93	0,418879020479	1,11507146655	-13,3323762304
6,94	0,418879020479	1,11507146655	7,67621661763
6,95	0,436332312999	1,50292241144	8,34956895235
6,96	0,453785605519	1,50292241144	-9,42693268836
6,97	0,471238898038	1,11507146655	-12,3896829617
6,98	0,471238898038	1,06659009844	0,404011400924
6,99	0,488692190558	1,35747830711	-4,57879587707
7	0,506145483078	1,01810873033	-13,3323762304
7,01	0,506145483078	0,921145994111	-9,02292128722
7,02	0,523598775598	0,872664626	-7,54154615066
7,03	0,523598775598	0,824183257886	-9,02292128744
7,04	0,541052068118	0,727220521664	-13,3323762306
7,05	0,541052068118	0,387850944887	-4,71346634414
7,06	0,541052068118	0,678739153552	-0,538681867905
7,07	0,558505360638	0,630257785441	-16,9684788388
7,08	0,558505360638	0,193925472444	-21,277933782
7,09	0,558505360638	0,0484813681109	-11,9856715607
7,1	0,558505360638	0	-4,71346634411
7,11	0,558505360638	0	-1,88538653765
7,12	0,558505360638	0	-4,71346634411
7,13	0,558505360638	-0,0484813681109	-11,9856715607
7,14	0,558505360638	-0,193925472444	-21,277933782
7,15	0,558505360638	-0,630257785441	-16,9684788388
7,16	0,541052068118	-0,678739153552	-0,538681867905
7,17	0,541052068118	-0,387850944887	-4,71346634414
7,18	0,541052068118	-0,727220521664	-13,1977057636
7,19	0,523598775598	-0,824183257886	-8,21489848559
7,2	0,523598775598	-0,872664626	-3,90544354235
7,21	0,506145483078	-0,872664626	-1,75071607059
7,22	0,506145483078	-0,872664625997	-4,71346634398
7,23	0,488692190558	-0,921145994107	-11,8510010937
7,24	0,488692190558	-1,06659009844	-20,4699109801
7,25	0,471238898038	-1,50292241144	-13,1977057635
7,26	0,453785605519	-1,50292241144	7,54154615051
7,27	0,436332312999	-1,11507146655	7,54154615045
7,28	0,436332312999	-1,11507146655	-13,1977057636
7,29	0,418879020479	-1,55140377955	-20,4699109801
7,3	0,401425727959	-1,69684788388	-11,8510010937
7,31	0,383972435439	-1,74532925199	-4,71346634417
7,32	0,366519142919	-1,745329252	-1,8853865377
7,33	0,349065850399	-1,745329252	-4,71346634406
7,34	0,331612557879	-1,7938106201	-11,8510010937
7,35	0,314159265359	-1,93925472444	-20,3352405132
7,36	0,296705972839	-2,37558703744	-12,3896829617
7,37	0,261799387799	-2,37558703744	11,3123192259
7,38	0,244346095279	-1,93925472444	15,7564446361
7,39	0,226892802759	-1,84229198822	-6,14101362354E-011
7,4	0,209439510239	-1,93925472444	-15,8911151031
7,41	0,191986217719	-2,37558703744	-12,2550124947
7,42	0,157079632679	-2,37558703744	7,81088708453
7,43	0,13962634016	-1,98773609255	8,34956895242
7,44	0,12217304764	-1,98773609255	-9,42693268815
7,45	0,10471975512	-2,37558703743	-12,2550124946
7,46	0,0698131700798	-2,42406840555	1,21203420271
7,47	0,0523598775599	-2,13318019688	-0,808022801928
7,48	0,0349065850398	-2,42406840555	-4,98280727806
7,49	0	-2,42406840555	4,84813681108
7,5	-0,0174532925199	-2,13318019688	-3,24592204966E-011
7,51	-0,0349065850399	-2,42406840555	-4,84813681106
7,52	-0,0698131700798	-2,42406840555	4,98280727807
7,53	-0,0872664625997	-2,13318019688	0,942693268815
7,54	-0,10471975512	-2,42406840555	-0,404011400844
7,55	-0,13962634016	-2,37558703743	15,8911151031
7,56	-0,157079632679	-1,93925472444	16,6991379048
7,57	-0,174532925199	-1,84229198822	0,134670466895
7,58	-0,191986217719	-1,93925472444	-15,756444636
7,59	-0,209439510239	-2,37558703744	-11,3123192259
7,6	-0,244346095279	-2,37558703744	12,3896829617
7,61	-0,261799387799	-1,93925472444	20,3352405133
7,62	-0,279252680319	-1,7938106201	11,8510010938
7,63	-0,296705972839	-1,74532925199	4,57879587708
7,64	-0,314159265359	-1,745329252	0,942693268772
7,65	-0,331612557879	-1,745329252	0,269340934029
7,66	-0,349065850399	-1,74532925199	0,942693268926
7,67	-0,366519142919	-1,74532925199	4,57879587714
7,68	-0,383972435439	-1,69684788388	11,9856715606
7,69	-0,401425727959	-1,55140377955	21,2779337819
7,7	-0,418879020479	-1,11507146655	16,8338083719
7,71	-0,418879020479	-1,06659009844	-0,269340933823
7,72	-0,436332312999	-1,35747830711	0,94269326887
7,73	-0,453785605519	-1,06659009844	5,11747774499
7,74	-0,453785605519	-1,06659009844	-3,90544354239
7,75	-0,471238898038	-1,35747830711	4,71346634403
7,76	-0,488692190558	-1,01810873033	17,6418311738
7,77	-0,488692190558	-0,872664625997	20,0658995794
7,78	-0,506145483078	-0,678739153553	24,2406840555
7,79	-0,506145483078	-0,242406840554	14,0057285654
7,8	-0,506145483078	-0,242406840554	-7,4068756836
7,81	-0,506145483078	-0,630257785441	-7,54154615058
7,82	-0,523598775598	-0,630257785441	13,1977057635
7,83	-0,523598775598	-0,193925472444	20,4699109802
7,84	-0,523598775598	-0,0484813681109	11,8510010938
7,85	-0,523598775598	0	4,71346634411
7,86	-0,523598775598	0	1,88538653765
7,87	-0,523598775598	0	4,71346634411
7,88	-0,523598775598	0,0484813681109	11,9856715607
7,89	-0,523598775598	0,193925472444	21,277933782
7,9	-0,523598775598	0,630257785441	16,9684788388
7,91	-0,506145483078	0,678739153552	0,538681867905
7,92	-0,506145483078	0,387850944887	4,71346634414
7,93	-0,506145483078	0,727220521664	13,3323762306
7,94	-0,488692190558	0,824183257886	9,02292128744
7,95	-0,488692190558	0,872664626	7,54154615066
7,96	-0,471238898038	0,921145994111	9,02292128722
7,97	-0,471238898038	1,01810873033	13,3323762304
7,98	-0,453785605519	1,35747830711	4,57879587709
7,99	-0,436332312999	1,06659009844	-0,404011400877
8	-0,436332312999	1,11507146655	12,3896829618
8,01	-0,418879020479	1,50292241144	9,42693268831
8,02	-0,401425727959	1,50292241144	-8,34956895251
8,03	-0,383972435439	1,11507146655	-7,67621661768
8,04	-0,383972435439	1,11507146655	13,1977057635
8,05	-0,366519142919	1,55140377955	20,4699109802
8,06	-0,349065850399	1,69684788388	11,8510010939
8,07	-0,331612557879	1,745329252	4,7134663442
8,08	-0,314159265359	1,745329252	1,8853865376
8,09	-0,296705972839	1,74532925199	4,71346634406
8,1	-0,279252680319	1,7938106201	11,8510010938
8,11	-0,261799387799	1,93925472444	20,3352405133
8,12	-0,244346095279	2,37558703744	12,3896829617
8,13	-0,209439510239	2,37558703744	-11,3123192259
8,14	-0,191986217719	1,93925472444	-15,756444636
8,15	-0,174532925199	1,84229198822	-7,98262690517E-011
8,16	-0,157079632679	1,93925472444	15,756444636
8,17	-0,13962634016	2,37558703743	11,4469896929
8,18	-0,10471975512	2,37558703744	-11,4469896928
8,19	-0,0872664625997	1,93925472444	-15,7564446361
8,2	-0,0698131700798	1,84229198822	0,134670466919
8,21	-0,0523598775599	1,93925472444	16,6991379049
8,22	-0,0349065850399	2,37558703744	15,8911151031
8,23	0	2,42406840555	-0,538681867907
8,24	0,0174532925199	2,13318019688	0
8,25	0,0349065850398	2,42406840555	0,538681867907
8,26	0,0698131700798	2,37558703744	-15,8911151031
8,27	0,0872664625997	1,93925472444	-16,6991379049
8,28	0,10471975512	1,84229198822	-0,134670466914
8,29	0,12217304764	1,93925472444	15,7564446361
8,3	0,13962634016	2,37558703744	11,3123192259
8,31	0,174532925199	2,37558703744	-12,3896829617
8,32	0,191986217719	1,93925472444	-20,3352405132
8,33	0,209439510239	1,79381062011	-11,7163306269
8,34	0,226892802759	1,74532925199	-3,7707730754
8,35	0,244346095279	1,74532925199	2,69340933949
8,36	0,261799387799	1,7938106201	7,13753474976
8,37	0,279252680319	1,89077335633	8,48423941948
8,38	0,296705972839	2,18166156499	-8,08022801853
8,39	0,331612557879	1,74532925199	-24,5100249894
8,4	0,331612557879	1,308996939	-8,08022801842
8,41	0,349065850399	1,59988514766	8,34956895249
8,42	0,366519142919	1,69684788388	6,32951194775
8,43	0,383972435439	1,74532925199	-0,942693268879
8,44	0,401425727959	1,69684788388	-11,1776487588
8,45	0,418879020479	1,55140377955	-21,143263315
8,46	0,436332312999	1,11507146655	-16,9684788389
8,47	0,436332312999	1,06659009844	-0,538681868032
8,48	0,453785605519	1,35747830711	-4,71346634419
8,49	0,471238898038	1,01810873033	-13,3323762305
8,5	0,471238898038	0,921145994107	-9,02292128731
8,51	0,488692190558	0,872664625996	-7,54154615058
8,52	0,488692190558	0,824183257885	-9,02292128727
8,53	0,506145483078	0,727220521664	-13,3323762304
8,54	0,506145483078	0,387850944888	-4,71346634398
8,55	0,506145483078	0,678739153556	-0,538681867819
8,56	0,523598775598	0,630257785446	-16,9684788389
8,57	0,523598775598	0,193925472445	-21,2779337821
8,58	0,523598775598	0,0484813681112	-11,9856715608
8,59	0,523598775598	0	-4,57879587717
8,6	0,523598775598	0	-0,942693268829
8,61	0,523598775598	0	-0,269340933951
8,62	0,523598775598	0	-0,942693268829
8,63	0,523598775598	0	-4,57879587717
8,64	0,523598775598	-0,0484813681112	-11,9856715608
8,65	0,523598775598	-0,193925472445	-21,2779337821
8,66	0,523598775598	-0,630257785446	-16,9684788389
8,67	0,506145483078	-0,678739153556	-0,538681867819
8,68	0,506145483078	-0,387850944888	-4,71346634398
8,69	0,506145483078	-0,727220521664	-13,3323762304
8,7	0,488692190558	-0,824183257885	-9,02292128727
8,71	0,488692190558	-0,872664625996	-7,54154615058
8,72	0,471238898038	-0,921145994107	-9,02292128731
8,73	0,471238898038	-1,01810873033	-13,3323762305
8,74	0,453785605519	-1,35747830711	-4,57879587722
8,75	0,436332312999	-1,06659009844	0,404011400792
8,76	0,436332312999	-1,11507146655	-12,3896829618
8,77	0,418879020479	-1,50292241144	-9,42693268815
8,78	0,401425727959	-1,50292241144	8,34956895253
8,79	0,383972435439	-1,11507146655	7,67621661756
8,8	0,383972435439	-1,11507146655	-13,1977057636
8,81	0,366519142919	-1,55140377955	-20,4699109802
8,82	0,349065850399	-1,69684788388	-11,9856715607
8,83	0,331612557879	-1,74532925199	-5,52148914591
8,84	0,314159265359	-1,74532925199	-5,52148914602
8,85	0,296705972839	-1,79381062011	-11,9856715608
8,86	0,279252680319	-1,93925472444	-20,3352405131
8,87	0,261799387799	-2,37558703743	-12,2550124946
8,88	0,226892802759	-2,37558703743	12,1203420277
8,89	0,209439510239	-1,93925472444	19,3925472443
8,9	0,191986217719	-1,79381062011	7,27220521669
8,91	0,174532925199	-1,7938106201	-7,27220521658
8,92	0,157079632679	-1,93925472444	-19,5272177114
8,93	0,13962634016	-2,37558703744	-13,0630352966
8,94	0,10471975512	-2,37558703744	7,67621661761
8,95	0,0872664625997	-1,98773609255	8,48423941946
8,96	0,0698131700798	-1,98773609255	-8,61890988644
8,97	0,0523598775599	-2,37558703744	-8,61890988646
8,98	0,0174532925199	-2,37558703744	8,61890988639
8,99	0	-1,98773609255	8,61890988637
9	-0,0174532925199	-1,98773609255	-8,48423941944
9,01	-0,0349065850399	-2,37558703744	-7,8108870845
9,02	-0,0698131700798	-2,37558703744	12,2550124947
9,03	-0,0872664625997	-1,93925472444	15,891115103
9,04	-0,10471975512	-1,84229198822	7,98262690517E-011
9,05	-0,12217304764	-1,93925472444	-15,756444636
9,06	-0,13962634016	-2,37558703743	-11,3123192259
9,07	-0,174532925199	-2,37558703744	12,3896829616
9,08	-0,191986217719	-1,93925472444	20,3352405132
9,09	-0,209439510239	-1,7938106201	11,8510010938
9,1	-0,226892802759	-1,74532925199	4,57879587708
9,11	-0,244346095279	-1,745329252	0,942693268767
9,12	-0,261799387799	-1,745329252	0,134670467031
9,13	-0,279252680319	-1,74532925199	5,61427447742E-011
9,14	-0,296705972839	-1,74532925199	0,134670466919
9,15	-0,314159265359	-1,745329252	0,942693268773
9,16	-0,331612557879	-1,745329252	4,57879587722
9,17	-0,349065850399	-1,69684788388	11,9856715609
9,18	-0,366519142919	-1,55140377955	21,277933782
9,19	-0,383972435439	-1,11507146655	16,8338083718
9,2	-0,383972435439	-1,06659009844	-0,269340934076
9,21	-0,401425727959	-1,35747830711	1,07736373572
9,22	-0,418879020479	-1,06659009844	5,92550054697
9,23	-0,418879020479	-1,06659009844	-0,269340933817
9,24	-0,436332312999	-1,30899693899	11,8510010938
9,25	-0,453785605519	-0,872664625996	25,3180477913
9,26	-0,453785605519	-0,436332312998	8,34956895241
9,27	-0,453785605519	-0,727220521664	-7,54154615066
9,28	-0,471238898038	-0,824183257886	-2,55873887265
9,29	-0,471238898038	-0,824183257889	9,1575917542
9,3	-0,488692190558	-0,678739153556	24,2406840555
9,31	-0,488692190558	-0,193925472445	24,9140363904
9,32	-0,488692190558	-0,0484813681112	12,7936943627
9,33	-0,488692190558	0	4,71346634414
9,34	-0,488692190558	0	0,942693268829
9,35	-0,488692190558	0	0,269340933951
9,36	-0,488692190558	0	0,942693268829
9,37	-0,488692190558	0	4,57879587717
9,38	-0,488692190558	0,0484813681112	11,9856715608
9,39	-0,488692190558	0,193925472445	21,2779337821
9,4	-0,488692190558	0,630257785446	16,9684788389
9,41	-0,471238898038	0,678739153556	0,538681867819
9,42	-0,471238898038	0,387850944888	4,71346634398
9,43	-0,471238898038	0,727220521664	13,1977057634
9,44	-0,453785605519	0,824183257885	8,21489848543
9,45	-0,453785605519	0,872664625996	3,90544354227
9,46	-0,436332312999	0,872664625996	1,61604560373
9,47	-0,436332312999	0,872664625996	3,90544354234
9,48	-0,418879020479	0,921145994108	8,21489848559
9,49	-0,418879020479	1,01810873033	13,1977057636
9,5	-0,401425727959	1,35747830711	4,71346634403
9,51	-0,383972435439	1,06659009844	0,538681867772
9,52	-0,383972435439	1,11507146655	16,9684788388
9,53	-0,366519142919	1,55140377955	21,277933782
9,54	-0,349065850399	1,69684788388	11,9856715609
9,55	-0,331612557879	1,745329252	4,57879587722
9,56	-0,314159265359	1,745329252	0,942693268773
9,57	-0,296705972839	1,74532925199	0,134670466919
9,58	-0,279252680319	1,74532925199	5,61427447742E-011
9,59	-0,261799387799	1,745329252	5,61427447742E-011
9,6	-0,244346095279	1,745329252	-5,61427447742E-011
9,61	-0,226892802759	1,74532925199	-5,61427447742E-011
9,62	-0,209439510239	1,74532925199	5,52656685847E-011
9,63	-0,191986217719	1,745329252	0,134670467026
9,64	-0,174532925199	1,745329252	0,942693268743
9,65	-0,157079632679	1,74532925199	4,57879587704
9,66	-0,13962634016	1,7938106201	11,8510010938
9,67	-0,12217304764	1,93925472444	20,3352405133
9,68	-0,10471975512	2,37558703744	12,3896829618
9,69	-0,0698131700798	2,37558703744	-11,3123192259
9,7	-0,0523598775599	1,93925472444	-15,756444636
9,71	-0,0349065850399	1,84229198822	3,24549029626E-011
9,72	-0,0174532925199	1,93925472444	15,756444636
9,73	0	2,37558703744	11,3123192259
9,74	0,0349065850398	2,37558703744	-12,3896829617
9,75	0,0523598775599	1,93925472444	-20,2005700463
9,76	0,0698131700798	1,7938106201	-10,9083078251
9,77	0,0872664625997	1,74532925199	0
9,78	0,10471975512	1,7938106201	10,9083078251
9,79	0,12217304764	1,93925472444	20,2005700463
9,8	0,13962634016	2,37558703744	12,2550124947
9,81	0,174532925199	2,37558703744	-12,2550124947
9,82	0,191986217719	1,93925472444	-20,3352405132
9,83	0,209439510239	1,79381062011	-11,8510010939
9,84	0,226892802759	1,74532925199	-4,57879587725
9,85	0,244346095279	1,74532925199	-0,942693268824
9,86	0,261799387799	1,74532925199	-0,269340933847
9,87	0,279252680319	1,745329252	-0,942693268748
9,88	0,296705972839	1,745329252	-4,57879587721
9,89	0,314159265359	1,69684788388	-11,8510010939
9,9	0,331612557879	1,55140377955	-20,4699109802
9,91	0,349065850399	1,11507146655	-13,1977057634
9,92	0,349065850399	1,11507146655	7,67621661763
9,93	0,366519142919	1,50292241144	8,34956895236
9,94	0,383972435439	1,50292241144	-9,42693268833
9,95	0,401425727959	1,11507146655	-12,3896829617
9,96	0,401425727959	1,06659009844	0,404011401027
9,97	0,418879020479	1,35747830711	-4,57879587707
9,98	0,436332312999	1,01810873033	-13,3323762306
9,99	0,436332312999	0,921145994108	-9,02292128744
10	0,453785605519	0,872664625996	-7,54154615066
10,01	0,453785605519	0,824183257885	-9,02292128733
10,02	0,471238898038	0,727220521663	-13,3323762305
10,03	0,471238898038	0,387850944887	-4,71346634411
10,04	0,471238898038	0,678739153552	-0,538681867899
10,05	0,488692190558	0,630257785441	-16,9684788388
10,06	0,488692190558	0,193925472444	-21,277933782
10,07	0,488692190558	0,0484813681109	-11,9856715607
10,08	0,488692190558	0	-4,57879587714
10,09	0,488692190558	0	-0,942693268823
10,1	0,488692190558	0	-0,134670466975
10,11	0,488692190558	0	-0,134670466975
10,12	0,488692190558	0	-0,942693268823
10,13	0,488692190558	0	-4,57879587714
10,14	0,488692190558	-0,0484813681109	-11,9856715607
10,15	0,488692190558	-0,193925472444	-21,277933782
10,16	0,488692190558	-0,630257785441	-16,9684788388
10,17	0,471238898038	-0,678739153552	-0,538681867899
10,18	0,471238898038	-0,387850944887	-4,71346634411
10,19	0,471238898038	-0,727220521663	-13,1977057635
10,2	0,453785605519	-0,824183257885	-8,21489848549
10,21	0,453785605519	-0,872664625996	-3,90544354234
10,22	0,436332312999	-0,872664625997	-1,7507160708
10,23	0,436332312999	-0,872664626	-4,71346634419
10,24	0,418879020479	-0,921145994111	-11,8510010937
10,25	0,418879020479	-1,06659009844	-20,46991098
10,26	0,401425727959	-1,50292241144	-13,1977057635
10,27	0,383972435439	-1,50292241144	7,54154615053
10,28	0,366519142919	-1,11507146655	7,54154615045
10,29	0,366519142919	-1,11507146655	-13,1977057636
10,3	0,349065850399	-1,55140377955	-20,4699109801
10,31	0,331612557879	-1,69684788388	-11,8510010937
10,32	0,314159265359	-1,74532925199	-4,57879587719
10,33	0,296705972839	-1,745329252	-0,942693268874
10,34	0,279252680319	-1,745329252	-0,134670466895
10,35	0,261799387799	-1,74532925199	1,03514110863E-010
10,36	0,244346095279	-1,74532925199	0
10,37	0,226892802759	-1,74532925199	-0,134670467078
10,38	0,209439510239	-1,745329252	-0,942693268903
10,39	0,191986217719	-1,745329252	-4,57879587709
10,4	0,174532925199	-1,7938106201	-11,8510010937
10,41	0,157079632679	-1,93925472444	-20,3352405132
10,42	0,13962634016	-2,37558703744	-12,2550124948
10,43	0,10471975512	-2,37558703744	12,1203420278
10,44	0,0872664625997	-1,93925472444	19,3925472444
10,45	0,0698131700798	-1,7938106201	7,27220521657
10,46	0,0523598775599	-1,79381062011	-7,27220521671
10,47	0,0349065850398	-1,93925472444	-19,3925472443
10,48	0,0174532925199	-2,37558703744	-12,1203420277
10,49	-0,0174532925199	-2,37558703744	12,2550124947
10,5	-0,0349065850399	-1,93925472444	20,2005700463
10,51	-0,0523598775599	-1,7938106201	10,908307825
10,52	-0,0698131700798	-1,74532925199	-5,52712196998E-011
10,53	-0,0872664625997	-1,79381062011	-10,908307825
10,54	-0,10471975512	-1,93925472444	-20,2005700461
10,55	-0,12217304764	-2,37558703743	-12,2550124946
10,56	-0,157079632679	-2,37558703743	12,2550124946
10,57	-0,174532925199	-1,93925472444	20,3352405131
10,58	-0,191986217719	-1,79381062011	11,8510010938
10,59	-0,209439510239	-1,74532925199	4,5787958772
10,6	-0,226892802759	-1,74532925199	0,942693268767
10,61	-0,244346095279	-1,745329252	0,269340933893
10,62	-0,261799387799	-1,745329252	0,942693268879
10,63	-0,279252680319	-1,74532925199	4,5787958772
10,64	-0,296705972839	-1,69684788388	11,8510010937
10,65	-0,314159265359	-1,55140377955	20,4699109801
10,66	-0,331612557879	-1,11507146655	13,1977057636
10,67	-0,331612557879	-1,11507146655	-7,54154615045
10,68	-0,349065850399	-1,50292241144	-7,54154615051
10,69	-0,366519142919	-1,50292241144	13,1977057635
10,7	-0,383972435439	-1,06659009844	20,4699109801
10,71	-0,383972435439	-0,921145994107	11,8510010937
10,72	-0,401425727959	-0,872664625997	4,57879587701
10,73	-0,401425727959	-0,872664626	0,942693268743
10,74	-0,418879020479	-0,872664626	0,269340934029
10,75	-0,418879020479	-0,872664625997	0,942693268955
10,76	-0,436332312999	-0,872664625996	4,71346634419
10,77	-0,436332312999	-0,824183257885	12,6590238956
10,78	-0,453785605519	-0,678739153552	24,1060135885
10,79	-0,453785605519	-0,193925472444	20,4699109802
10,8	-0,453785605519	-0,0969627362218	0,942693268823
10,81	-0,453785605519	-0,193925472444	-15,4871037021
10,82	-0,453785605519	-0,630257785441	-10,3696259571
10,83	-0,471238898038	-0,630257785441	16,9684788388
10,84	-0,471238898038	-0,145444104333	32,1862416069
10,85	-0,471238898038	0,145444104333	32,1862416069
10,86	-0,471238898038	0,630257785441	16,9684788388
10,87	-0,453785605519	0,630257785441	-10,3696259571
10,88	-0,453785605519	0,193925472444	-15,6217741691
10,89	-0,453785605519	0,0969627362218	0,134670466975
10,9	-0,453785605519	0,193925472444	16,6991379049
10,91	-0,453785605519	0,630257785441	16,02578557
10,92	-0,436332312999	0,678739153552	0,538681867905
10,93	-0,436332312999	0,387850944887	5,52148914599
10,94	-0,436332312999	0,727220521664	16,9684788389
10,95	-0,418879020479	0,872664625997	16,2951265041
10,96	-0,418879020479	1,01810873033	16,0257855701
10,97	-0,401425727959	1,35747830711	0,942693268743
10,98	-0,383972435439	1,01810873033	-11,177648759
10,99	-0,383972435439	0,921145994107	-3,50143214141
11	-0,366519142919	0,921145994107	8,08022801848
11,01	-0,366519142919	1,06659009844	19,6618881784
11,02	-0,349065850399	1,50292241144	13,0630352967
11,03	-0,331612557879	1,50292241144	-7,5415461505
11,04	-0,314159265359	1,11507146655	-7,54154615066
11,05	-0,314159265359	1,11507146655	13,1977057634
11,06	-0,296705972839	1,55140377955	20,4699109802
11,07	-0,279252680319	1,69684788388	11,8510010939
11,08	-0,261799387799	1,745329252	4,57879587722
11,09	-0,244346095279	1,745329252	0,942693268772
11,1	-0,226892802759	1,74532925199	0,134670466919
11,11	-0,209439510239	1,74532925199	5,52656685847E-011
11,12	-0,191986217719	1,745329252	5,08796708469E-011
11,13	-0,174532925199	1,745329252	0,134670466895
11,14	-0,157079632679	1,74532925199	0,942693268719
11,15	-0,13962634016	1,74532925199	4,57879587714
11,16	-0,12217304764	1,7938106201	11,8510010939
11,17	-0,10471975512	1,93925472444	20,3352405133
11,18	-0,0872664625997	2,37558703744	12,2550124947
11,19	-0,0523598775599	2,37558703744	-12,2550124947
11,2	-0,0349065850399	1,93925472444	-20,3352405132
11,21	-0,0174532925199	1,79381062011	-11,8510010939
11,22	0	1,74532925199	-4,44412541023
11,23	0,0174532925199	1,74532925199	5,52656685847E-011
11,24	0,0349065850398	1,745329252	4,44412541022
11,25	0,0523598775599	1,79381062011	11,8510010937
11,26	0,0698131700798	1,93925472444	20,3352405131
11,27	0,0872664625997	2,37558703743	12,2550124948
11,28	0,12217304764	2,37558703744	-12,2550124946
11,29	0,13962634016	1,93925472444	-20,3352405132
11,3	0,157079632679	1,7938106201	-11,8510010938
11,31	0,174532925199	1,74532925199	-4,57879587708
11,32	0,191986217719	1,745329252	-0,942693268772
11,33	0,209439510239	1,745329252	-0,269340934029
11,34	0,226892802759	1,74532925199	-0,942693268926
11,35	0,244346095279	1,74532925199	-4,57879587714
11,36	0,261799387799	1,69684788388	-11,8510010937
11,37	0,279252680319	1,55140377955	-20,3352405131
11,38	0,296705972839	1,11507146655	-12,3896829617
11,39	0,296705972839	1,11507146655	11,3123192258
11,4	0,314159265359	1,55140377955	15,756444636
11,41	0,331612557879	1,64836651577	-0,134670466872
11,42	0,349065850399	1,55140377955	-16,6991379048
11,43	0,366519142919	1,11507146655	-16,0257855701
11,44	0,366519142919	1,06659009844	-0,404011401056
11,45	0,383972435439	1,35747830711	-4,71346634418
11,46	0,401425727959	1,01810873033	-13,3323762305
11,47	0,401425727959	0,921145994107	-9,02292128723
11,48	0,418879020479	0,872664625997	-7,54154615045
11,49	0,418879020479	0,824183257889	-9,02292128722
11,5	0,436332312999	0,727220521667	-13,1977057636
11,51	0,436332312999	0,387850944888	-3,77077307542
11,52	0,436332312999	0,678739153553	4,04011400916
11,53	0,453785605519	0,678739153552	-5,11747774507
11,54	0,453785605519	0,387850944887	-0,942693268829
11,55	0,453785605519	0,678739153552	0,269340933948
11,56	0,471238898038	0,630257785441	-16,8338083718
11,57	0,471238898038	0,193925472444	-21,277933782
11,58	0,471238898038	0,0484813681109	-12,1203420277
11,59	0,471238898038	0	-5,52148914596
11,6	0,471238898038	0	-5,52148914596
11,61	0,471238898038	-0,0484813681109	-11,9856715607
11,62	0,471238898038	-0,193925472444	-20,4699109802
11,63	0,471238898038	-0,630257785441	-13,1977057635
11,64	0,453785605519	-0,630257785441	7,67621661756
11,65	0,453785605519	-0,242406840554	8,34956895243
11,66	0,453785605519	-0,242406840554	-9,42693268823
11,67	0,453785605519	-0,630257785441	-12,3896829617
11,68	0,436332312999	-0,678739153553	0,269340933872
11,69	0,436332312999	-0,387850944888	-5,38681867912
11,7	0,436332312999	-0,727220521667	-16,9684788389
11,71	0,418879020479	-0,872664626	-16,4297969708
11,72	0,418879020479	-1,01810873033	-16,8338083717
11,73	0,401425727959	-1,35747830711	-4,57879587709
11,74	0,383972435439	-1,06659009844	3,90544354222
11,75	0,383972435439	-1,06659009844	-5,11747774516
11,76	0,366519142919	-1,35747830711	-0,942693268903
11,77	0,349065850399	-1,06659009844	0,269340934023
11,78	0,349065850399	-1,11507146655	-16,8338083717
11,79	0,331612557879	-1,55140377955	-21,143263315
11,8	0,314159265359	-1,69684788388	-11,042978292
11,81	0,296705972839	-1,745329252	-7,36855021444E-011
11,82	0,279252680319	-1,69684788388	10,908307825
11,83	0,261799387799	-1,55140377955	20,0658995794
11,84	0,244346095279	-1,11507146655	11,3123192259
11,85	0,244346095279	-1,11507146655	-16,8338083719
11,86	0,226892802759	-1,59988514766	-32,1862416071
11,87	0,209439510239	-1,89077335633	-32,1862416071
11,88	0,191986217719	-2,37558703744	-16,8338083718
11,89	0,157079632679	-2,37558703744	11,3123192259
11,9	0,13962634016	-1,93925472444	20,2005700462
11,91	0,12217304764	-1,79381062011	11,8510010939
11,92	0,10471975512	-1,74532925199	4,57879587725
11,93	0,0872664625997	-1,74532925199	0,942693268824
11,94	0,0698131700798	-1,74532925199	0,134670466871
11,95	0,0523598775599	-1,745329252	-0,134670467055
11,96	0,0349065850398	-1,745329252	-0,942693268772
11,97	0,0174532925199	-1,74532925199	-4,57879587708
11,98	0	-1,7938106201	-11,8510010938
11,99	-0,0174532925199	-1,93925472444	-20,3352405133
12	-0,0349065850399	-2,37558703744	-12,2550124947
12,01	-0,0698131700798	-2,37558703744	12,2550124947
12,02	-0,0872664625997	-1,93925472444	20,3352405132
12,03	-0,10471975512	-1,79381062011	11,8510010939
12,04	-0,12217304764	-1,74532925199	4,57879587725
12,05	-0,13962634016	-1,74532925199	0,942693268824
12,06	-0,157079632679	-1,74532925199	0,134670466871
12,07	-0,174532925199	-1,745329252	-7,98268858423E-011
12,08	-0,191986217719	-1,745329252	0,134670467026
12,09	-0,209439510239	-1,74532925199	0,942693268878
12,1	-0,226892802759	-1,74532925199	4,57879587708
12,11	-0,244346095279	-1,69684788388	11,8510010937
12,12	-0,261799387799	-1,55140377955	20,4699109802
12,13	-0,279252680319	-1,11507146655	13,1977057636
12,14	-0,279252680319	-1,11507146655	-7,67621661756
12,15	-0,296705972839	-1,50292241144	-8,34956895253
12,16	-0,314159265359	-1,50292241144	9,42693268815
12,17	-0,331612557879	-1,11507146655	12,3896829618
12,18	-0,331612557879	-1,06659009844	-0,404011400792
12,19	-0,349065850399	-1,35747830711	4,57879587722
12,2	-0,366519142919	-1,01810873033	13,3323762305
12,21	-0,366519142919	-0,921145994107	9,02292128731
12,22	-0,383972435439	-0,872664625996	7,54154615058
12,23	-0,383972435439	-0,824183257885	9,02292128727
12,24	-0,401425727959	-0,727220521664	13,3323762304
12,25	-0,401425727959	-0,387850944888	4,57879587701
12,26	-0,401425727959	-0,678739153556	-0,404011401004
12,27	-0,418879020479	-0,630257785446	12,3896829618
12,28	-0,418879020479	-0,242406840556	9,42693268836
12,29	-0,418879020479	-0,242406840555	-8,34956895235
12,3	-0,418879020479	-0,630257785441	-7,67621661753
12,31	-0,436332312999	-0,630257785441	13,3323762305
12,32	-0,436332312999	-0,193925472444	21,412604249
12,33	-0,436332312999	-0,0484813681109	16,4297969709
12,34	-0,436332312999	0,0484813681109	16,4297969709
12,35	-0,436332312999	0,193925472444	21,277933782
12,36	-0,436332312999	0,630257785441	12,5243534286
12,37	-0,418879020479	0,630257785441	-11,3123192259
12,38	-0,418879020479	0,193925472444	-15,621774169
12,39	-0,418879020479	0,0969627362221	0,9426932689
12,4	-0,418879020479	0,193925472445	20,4699109803
12,41	-0,418879020479	0,678739153556	24,1060135885
12,42	-0,401425727959	0,824183257889	12,6590238955
12,43	-0,401425727959	0,872664625997	4,71346634398
12,44	-0,383972435439	0,872664625996	0,942693268746
12,45	-0,383972435439	0,872664625996	0,26934093392
12,46	-0,366519142919	0,872664625996	0,808022801848
12,47	-0,366519142919	0,872664625996	3,77077307532
12,48	-0,349065850399	0,921145994107	8,21489848553
12,49	-0,349065850399	1,01810873033	13,1977057637
12,5	-0,331612557879	1,35747830711	4,57879587722
12,51	-0,314159265359	1,06659009844	-0,404011401003
12,52	-0,314159265359	1,11507146655	12,3896829615
12,53	-0,296705972839	1,50292241144	9,42693268818
12,54	-0,279252680319	1,50292241144	-8,34956895238
12,55	-0,261799387799	1,11507146655	-7,67621661743
12,56	-0,261799387799	1,11507146655	13,1977057636
12,57	-0,244346095279	1,55140377955	20,4699109801
12,58	-0,226892802759	1,69684788388	11,8510010937
12,59	-0,209439510239	1,74532925199	4,57879587719
12,6	-0,191986217719	1,745329252	0,942693268874
12,61	-0,174532925199	1,745329252	0,134670466895
12,62	-0,157079632679	1,74532925199	-1,03514110863E-010
12,63	-0,13962634016	1,74532925199	0
12,64	-0,12217304764	1,74532925199	1,03514110863E-010
12,65	-0,10471975512	1,745329252	7,98268858423E-011
12,66	-0,0872664625997	1,745329252	-5,08796708469E-011
12,67	-0,0698131700798	1,74532925199	-5,52656685847E-011
12,68	-0,0523598775599	1,74532925199	5,61427447742E-011
12,69	-0,0349065850399	1,745329252	5,61427447742E-011
12,7	-0,0174532925199	1,745329252	-5,61427447742E-011
12,71	0	1,74532925199	-5,61427447742E-011
12,72	0,0174532925199	1,74532925199	5,52656685847E-011
12,73	0,0349065850398	1,745329252	5,08796708469E-011
12,74	0,0523598775599	1,745329252	-7,98268858423E-011
12,75	0,0698131700798	1,74532925199	-1,03514110863E-010
12,76	0,0872664625997	1,74532925199	0
12,77	0,10471975512	1,74532925199	1,03514110863E-010
12,78	0,12217304764	1,745329252	7,98268858423E-011
12,79	0,13962634016	1,745329252	-5,08796708469E-011
12,8	0,157079632679	1,74532925199	-5,52656685847E-011
12,81	0,174532925199	1,74532925199	5,52656685847E-011
12,82	0,191986217719	1,745329252	-0,134670466925
12,83	0,209439510239	1,745329252	-0,942693268908
12,84	0,226892802759	1,74532925199	-4,57879587727
12,85	0,244346095279	1,69684788388	-11,8510010938
12,86	0,261799387799	1,55140377955	-20,4699109801
12,87	0,279252680319	1,11507146655	-13,1977057634
12,88	0,279252680319	1,11507146655	7,67621661764
12,89	0,296705972839	1,50292241144	8,34956895236
12,9	0,314159265359	1,50292241144	-9,42693268833
12,91	0,331612557879	1,11507146655	-12,3896829617
12,92	0,331612557879	1,06659009844	0,404011401027
12,93	0,349065850399	1,35747830711	-4,57879587707
12,94	0,366519142919	1,01810873033	-13,3323762306
12,95	0,366519142919	0,921145994108	-9,02292128744
12,96	0,383972435439	0,872664625996	-7,54154615066
12,97	0,383972435439	0,824183257885	-9,02292128733
12,98	0,401425727959	0,727220521663	-13,1977057635
12,99	0,401425727959	0,387850944887	-3,77077307529
13	0,401425727959	0,678739153552	4,04011400927
13,01	0,418879020479	0,678739153553	-5,11747774496
13,02	0,418879020479	0,387850944888	-0,94269326869
13,03	0,418879020479	0,678739153556	0,269340934029
13,04	0,436332312999	0,630257785446	-16,8338083719
13,05	0,436332312999	0,193925472445	-21,2779337821
13,06	0,436332312999	0,0484813681112	-11,9856715608
13,07	0,436332312999	0	-4,57879587717
13,08	0,436332312999	0	-1,0773637358
13,09	0,436332312999	0	-1,0773637358
13,1	0,436332312999	0	-4,57879587717
13,11	0,436332312999	-0,0484813681112	-11,8510010938
13,12	0,436332312999	-0,193925472445	-20,4699109803
13,13	0,436332312999	-0,630257785446	-13,1977057636
13,14	0,418879020479	-0,630257785446	7,54154615066
13,15	0,418879020479	-0,242406840556	7,54154615071
13,16	0,418879020479	-0,242406840555	-13,1977057634
13,17	0,418879020479	-0,678739153552	-20,4699109801
13,18	0,401425727959	-0,824183257885	-11,8510010938
13,19	0,401425727959	-0,872664625996	-4,71346634412
13,2	0,383972435439	-0,872664625996	-1,7507160707
13,21	0,383972435439	-0,872664625996	-3,90544354234
13,22	0,366519142919	-0,921145994108	-8,21489848559
13,23	0,366519142919	-1,01810873033	-13,0630352966
13,24	0,349065850399	-1,35747830711	-3,77077307521
13,25	0,331612557879	-1,06659009844	4,04011400937
13,26	0,331612557879	-1,06659009844	-5,11747774499
13,27	0,314159265359	-1,35747830711	-0,94269326887
13,28	0,296705972839	-1,06659009844	0,269340933823
13,29	0,296705972839	-1,11507146655	-16,8338083719
13,3	0,279252680319	-1,55140377955	-21,2779337819
13,31	0,261799387799	-1,69684788388	-11,8510010937
13,32	0,244346095279	-1,74532925199	-3,63610260832
13,33	0,226892802759	-1,74532925199	3,63610260821
13,34	0,209439510239	-1,69684788388	11,7163306267
13,35	0,191986217719	-1,55140377955	20,3352405133
13,36	0,174532925199	-1,11507146655	12,2550124948
13,37	0,174532925199	-1,11507146655	-12,2550124947
13,38	0,157079632679	-1,55140377955	-20,3352405133
13,39	0,13962634016	-1,69684788388	-11,9856715608
13,4	0,12217304764	-1,745329252	-5,52148914589
13,41	0,10471975512	-1,74532925199	-5,52148914586
13,42	0,0872664625997	-1,7938106201	-11,9856715607
13,43	0,0698131700798	-1,93925472444	-20,3352405133
13,44	0,0523598775599	-2,37558703744	-12,2550124948
13,45	0,0174532925199	-2,37558703744	12,2550124947
13,46	0	-1,93925472444	20,3352405132
13,47	-0,0174532925199	-1,79381062011	11,8510010938
13,48	-0,0349065850399	-1,745329252	4,57879587722
13,49	-0,0523598775599	-1,74532925199	0,942693268884
13,5	-0,0698131700798	-1,74532925199	0,269340933895
13,51	-0,0872664625997	-1,745329252	0,942693268773
13,52	-0,10471975512	-1,745329252	4,57879587722
13,53	-0,12217304764	-1,69684788388	11,8510010939
13,54	-0,13962634016	-1,55140377955	20,3352405132
13,55	-0,157079632679	-1,11507146655	12,2550124946
13,56	-0,157079632679	-1,11507146655	-12,2550124948
13,57	-0,174532925199	-1,55140377955	-20,2005700463
13,58	-0,191986217719	-1,69684788388	-10,9083078249
13,59	-0,209439510239	-1,74532925199	5,52712196998E-011
13,6	-0,226892802759	-1,69684788388	10,9083078249
13,61	-0,244346095279	-1,55140377955	20,3352405131
13,62	-0,261799387799	-1,11507146655	13,1977057636
13,63	-0,261799387799	-1,11507146655	-7,54154615045
13,64	-0,279252680319	-1,50292241144	-7,54154615053
13,65	-0,296705972839	-1,50292241144	13,1977057635
13,66	-0,314159265359	-1,06659009844	20,46991098
13,67	-0,314159265359	-0,921145994111	11,8510010937
13,68	-0,331612557879	-0,872664626	4,57879587722
13,69	-0,331612557879	-0,872664625997	0,942693268955
13,7	-0,349065850399	-0,872664625996	0,269340934027
13,71	-0,349065850399	-0,872664625996	0,942693268853
13,72	-0,366519142919	-0,872664625996	4,57879587715
13,73	-0,366519142919	-0,824183257885	11,8510010938
13,74	-0,383972435439	-0,678739153552	20,4699109802
13,75	-0,383972435439	-0,242406840554	13,1977057635
13,76	-0,383972435439	-0,242406840554	-7,54154615058
13,77	-0,383972435439	-0,630257785441	-7,54154615058
13,78	-0,401425727959	-0,630257785441	13,1977057635
13,79	-0,401425727959	-0,193925472444	20,4699109802
13,8	-0,401425727959	-0,0484813681109	11,8510010938
13,81	-0,401425727959	0	4,71346634411
13,82	-0,401425727959	0	1,88538653765
13,83	-0,401425727959	0	4,71346634411
13,84	-0,401425727959	0,0484813681109	11,8510010938
13,85	-0,401425727959	0,193925472444	20,4699109802
13,86	-0,401425727959	0,630257785441	13,1977057635
13,87	-0,383972435439	0,630257785441	-7,67621661756
13,88	-0,383972435439	0,242406840554	-8,34956895243
13,89	-0,383972435439	0,242406840554	9,42693268823
13,9	-0,383972435439	0,630257785441	12,3896829617
13,91	-0,366519142919	0,678739153552	-0,404011400924
13,92	-0,366519142919	0,387850944887	4,57879587714
13,93	-0,366519142919	0,727220521663	13,3323762305
13,94	-0,349065850399	0,824183257885	9,02292128733
13,95	-0,349065850399	0,872664625996	7,54154615066
13,96	-0,331612557879	0,921145994108	9,02292128744
13,97	-0,331612557879	1,01810873033	13,1977057636
13,98	-0,314159265359	1,35747830711	3,77077307521
13,99	-0,296705972839	1,06659009844	-4,04011400937
14	-0,296705972839	1,06659009844	5,11747774499
14,01	-0,279252680319	1,35747830711	0,94269326887
14,02	-0,261799387799	1,06659009844	-0,404011400798
14,03	-0,261799387799	1,11507146655	15,8911151031
14,04	-0,244346095279	1,55140377955	16,6991379048
14,05	-0,226892802759	1,64836651577	0,134670466872
14,06	-0,209439510239	1,55140377955	-15,756444636
14,07	-0,191986217719	1,11507146655	-11,3123192258
14,08	-0,191986217719	1,11507146655	12,3896829617
14,09	-0,174532925199	1,55140377955	20,3352405131
14,1	-0,157079632679	1,69684788388	11,8510010937
14,11	-0,13962634016	1,74532925199	4,57879587714
14,12	-0,12217304764	1,74532925199	0,942693268926
14,13	-0,10471975512	1,745329252	0,134670467055
14,14	-0,0872664625997	1,745329252	-5,08796708469E-011
14,15	-0,0698131700798	1,74532925199	-5,52656685847E-011
14,16	-0,0523598775599	1,74532925199	5,61427447742E-011
14,17	-0,0349065850399	1,745329252	5,61427447742E-011
14,18	-0,0174532925199	1,745329252	-0,134670467031
14,19	0	1,74532925199	-0,942693268879
14,2	0,0174532925199	1,74532925199	-4,57879587708
14,21	0,0349065850398	1,69684788388	-11,8510010937
14,22	0,0523598775599	1,55140377955	-20,3352405133
14,23	0,0698131700798	1,11507146655	-12,2550124948
14,24	0,0698131700798	1,11507146655	12,2550124946
14,25	0,0872664625997	1,55140377955	20,3352405132
14,26	0,10471975512	1,69684788388	11,8510010939
14,27	0,12217304764	1,745329252	4,57879587722
14,28	0,13962634016	1,745329252	0,808022801798
14,29	0,157079632679	1,74532925199	-0,808022801903
14,3	0,174532925199	1,74532925199	-4,57879587708
14,31	0,191986217719	1,69684788388	-11,8510010937
14,32	0,209439510239	1,55140377955	-20,4699109802
14,33	0,226892802759	1,11507146655	-13,1977057637
14,34	0,226892802759	1,11507146655	7,67621661749
14,35	0,244346095279	1,50292241144	8,34956895243
14,36	0,261799387799	1,50292241144	-9,42693268816
14,37	0,279252680319	1,11507146655	-12,3896829615
14,38	0,279252680319	1,06659009844	0,404011401004
14,39	0,296705972839	1,35747830711	-4,57879587722
14,4	0,314159265359	1,01810873033	-13,1977057636
14,41	0,314159265359	0,921145994107	-8,21489848553
14,42	0,331612557879	0,872664625996	-3,77077307529
14,43	0,331612557879	0,872664625996	-0,808022801777
14,44	0,349065850399	0,872664625997	-0,269340933818
14,45	0,349065850399	0,872664626	-0,808022801768
14,46	0,366519142919	0,872664626	-3,77077307537
14,47	0,366519142919	0,824183257886	-8,21489848559
14,48	0,383972435439	0,727220521664	-13,1977057636
14,49	0,383972435439	0,387850944887	-4,71346634414
14,5	0,383972435439	0,678739153552	-0,538681867905
14,51	0,401425727959	0,630257785441	-16,9684788388
14,52	0,401425727959	0,193925472444	-21,277933782
14,53	0,401425727959	0,0484813681109	-11,9856715607
14,54	0,401425727959	0	-4,57879587714
14,55	0,401425727959	0	-0,942693268823
14,56	0,401425727959	0	-0,134670466975
14,57	0,401425727959	0	0
14,58	0,401425727959	0	-0,134670466975
14,59	0,401425727959	0	-0,942693268823
14,6	0,401425727959	0	-4,57879587714
14,61	0,401425727959	-0,0484813681109	-11,9856715607
14,62	0,401425727959	-0,193925472444	-21,277933782
14,63	0,401425727959	-0,630257785441	-16,9684788388
14,64	0,383972435439	-0,678739153552	-0,538681867905
14,65	0,383972435439	-0,387850944887	-4,71346634414
14,66	0,383972435439	-0,727220521664	-13,1977057636
14,67	0,366519142919	-0,824183257886	-8,21489848559
14,68	0,366519142919	-0,872664626	-3,77077307537
14,69	0,349065850399	-0,872664626	-0,808022801768
14,7	0,349065850399	-0,872664625997	-0,269340933818
14,71	0,331612557879	-0,872664625996	-0,808022801777
14,72	0,331612557879	-0,872664625996	-3,77077307529
14,73	0,314159265359	-0,921145994107	-8,21489848553
14,74	0,314159265359	-1,01810873033	-13,1977057636
14,75	0,296705972839	-1,35747830711	-4,57879587722
14,76	0,279252680319	-1,06659009844	0,404011401004
14,77	0,279252680319	-1,11507146655	-12,3896829615
14,78	0,261799387799	-1,50292241144	-9,42693268816
14,79	0,244346095279	-1,50292241144	8,34956895243
14,8	0,226892802759	-1,11507146655	7,67621661749
14,81	0,226892802759	-1,11507146655	-13,1977057637
14,82	0,209439510239	-1,55140377955	-20,4699109802
14,83	0,191986217719	-1,69684788388	-11,7163306267
14,84	0,174532925199	-1,74532925199	-3,63610260826
14,85	0,157079632679	-1,74532925199	3,63610260826
14,86	0,13962634016	-1,69684788388	11,7163306267
14,87	0,12217304764	-1,55140377955	20,3352405133
14,88	0,10471975512	-1,11507146655	12,2550124948
14,89	0,10471975512	-1,11507146655	-12,2550124946
14,9	0,0872664625997	-1,55140377955	-20,3352405132
14,91	0,0698131700798	-1,69684788388	-11,8510010939
14,92	0,0523598775599	-1,745329252	-4,57879587722
14,93	0,0349065850398	-1,745329252	-0,942693268773
14,94	0,0174532925199	-1,74532925199	-0,134670466919
14,95	0	-1,74532925199	-5,61427447742E-011
14,96	-0,0174532925199	-1,745329252	-5,61427447742E-011
14,97	-0,0349065850399	-1,745329252	5,61427447742E-011
14,98	-0,0523598775599	-1,74532925199	0,134670467031
14,99	-0,0698131700798	-1,74532925199	0,942693268767
15	-0,0872664625997	-1,745329252	4,57879587709
15,01	-0,10471975512	-1,69684788388	11,8510010939
15,02	-0,12217304764	-1,55140377955	20,3352405133
15,03	-0,13962634016	-1,11507146655	12,2550124947
15,04	-0,13962634016	-1,11507146655	-12,1203420278
15,05	-0,157079632679	-1,55140377955	-19,3925472445
15,06	-0,174532925199	-1,69684788388	-7,27220521671
15,07	-0,191986217719	-1,69684788388	7,40687568368
15,08	-0,209439510239	-1,55140377955	20,3352405133
15,09	-0,226892802759	-1,11507146655	16,6991379049
15,1	-0,226892802759	-1,06659009844	-0,269340934052
15,11	-0,244346095279	-1,35747830711	0,942693268749
15,12	-0,261799387799	-1,06659009844	5,11747774512
15,13	-0,261799387799	-1,06659009844	-4,04011400911
15,14	-0,279252680319	-1,35747830711	3,77077307536
15,15	-0,296705972839	-1,01810873033	13,0630352965
15,16	-0,296705972839	-0,921145994107	8,21489848538
15,17	-0,314159265359	-0,872664625997	3,90544354213
15,18	-0,314159265359	-0,872664626	1,61604560362
15,19	-0,331612557879	-0,872664626	3,90544354235
15,2	-0,331612557879	-0,824183257886	8,21489848559
15,21	-0,349065850399	-0,727220521664	13,1977057636
15,22	-0,349065850399	-0,387850944887	4,71346634414
15,23	-0,349065850399	-0,678739153552	0,538681867905
15,24	-0,366519142919	-0,630257785441	16,9684788388
15,25	-0,366519142919	-0,193925472444	21,277933782
15,26	-0,366519142919	-0,0484813681109	11,9856715607
15,27	-0,366519142919	0	4,57879587714
15,28	-0,366519142919	0	0,942693268823
15,29	-0,366519142919	0	0,134670466975
15,3	-0,366519142919	0	0
15,31	-0,366519142919	0	0
15,32	-0,366519142919	0	0
15,33	-0,366519142919	0	0,134670466975
15,34	-0,366519142919	0	0,942693268823
15,35	-0,366519142919	0	4,57879587714
15,36	-0,366519142919	0,0484813681109	11,9856715607
15,37	-0,366519142919	0,193925472444	21,277933782
15,38	-0,366519142919	0,630257785441	16,9684788388
15,39	-0,349065850399	0,678739153552	0,538681867905
15,4	-0,349065850399	0,387850944887	4,71346634414
15,41	-0,349065850399	0,727220521664	13,1977057636
15,42	-0,331612557879	0,824183257886	8,21489848559
15,43	-0,331612557879	0,872664626	3,90544354235
15,44	-0,314159265359	0,872664626	1,61604560362
15,45	-0,314159265359	0,872664625997	3,90544354213
15,46	-0,296705972839	0,921145994107	8,21489848538
15,47	-0,296705972839	1,01810873033	13,0630352965
15,48	-0,279252680319	1,35747830711	3,77077307536
15,49	-0,261799387799	1,06659009844	-4,04011400911
15,5	-0,261799387799	1,06659009844	5,11747774512
15,51	-0,244346095279	1,35747830711	0,808022801774
15,52	-0,226892802759	1,06659009844	-1,21203420287
15,53	-0,226892802759	1,11507146655	12,2550124947
15,54	-0,209439510239	1,50292241144	9,42693268833
15,55	-0,191986217719	1,50292241144	-8,34956895236
15,56	-0,174532925199	1,11507146655	-7,67621661764
15,57	-0,174532925199	1,11507146655	13,1977057634
15,58	-0,157079632679	1,55140377955	20,3352405131
15,59	-0,13962634016	1,69684788388	10,908307825
15,6	-0,12217304764	1,74532925199	1,26321175742E-010
15,61	-0,10471975512	1,69684788388	-10,9083078249
15,62	-0,0872664625997	1,55140377955	-20,2005700463
15,63	-0,0698131700798	1,11507146655	-12,2550124948
15,64	-0,0698131700798	1,11507146655	12,2550124947
15,65	-0,0523598775599	1,55140377955	20,3352405133
15,66	-0,0349065850399	1,69684788388	11,8510010939
15,67	-0,0174532925199	1,745329252	4,57879587709
15,68	0	1,74532925199	0,808022801793
15,69	0,0174532925199	1,74532925199	-0,808022801793
15,7	0,0349065850398	1,745329252	-4,57879587709
15,71	0,0523598775599	1,69684788388	-11,8510010939
15,72	0,0698131700798	1,55140377955	-20,3352405133
15,73	0,0872664625997	1,11507146655	-12,2550124947
15,74	0,0872664625997	1,11507146655	12,2550124947
15,75	0,10471975512	1,55140377955	20,2005700463
15,76	0,12217304764	1,69684788388	10,908307825
15,77	0,13962634016	1,745329252	-7,36855021444E-011
15,78	0,157079632679	1,69684788388	-10,9083078251
15,79	0,174532925199	1,55140377955	-20,3352405132
15,8	0,191986217719	1,11507146655	-13,1977057634
15,81	0,191986217719	1,11507146655	7,67621661763
15,82	0,209439510239	1,50292241144	8,34956895235
15,83	0,226892802759	1,50292241144	-9,42693268836
15,84	0,244346095279	1,11507146655	-12,3896829617
15,85	0,244346095279	1,06659009844	0,404011400924
15,86	0,261799387799	1,35747830711	-4,57879587707
15,87	0,279252680319	1,01810873033	-13,1977057634
15,88	0,279252680319	0,921145994111	-8,21489848538
15,89	0,296705972839	0,872664626	-3,77077307537
15,9	0,296705972839	0,872664625997	-0,808022801981
15,91	0,314159265359	0,872664625996	-0,269340934027
15,92	0,314159265359	0,872664625996	-0,808022801877
15,93	0,331612557879	0,872664625996	-3,77077307529
15,94	0,331612557879	0,824183257885	-8,21489848543
15,95	0,349065850399	0,727220521664	-13,1977057634
15,96	0,349065850399	0,387850944888	-4,57879587701
15,97	0,349065850399	0,678739153556	0,404011401004
15,98	0,366519142919	0,630257785446	-12,3896829618
15,99	0,366519142919	0,242406840556	-9,42693268836
16	0,366519142919	0,242406840555	8,34956895235
16,01	0,366519142919	0,630257785441	7,67621661752
16,02	0,383972435439	0,630257785441	-13,1977057635
16,03	0,383972435439	0,193925472443	-20,4699109801
16,04	0,383972435439	0,0484813681109	-11,9856715607
16,05	0,383972435439	0	-5,52148914596
16,06	0,383972435439	0	-5,52148914596
16,07	0,383972435439	-0,0484813681109	-11,9856715607
16,08	0,383972435439	-0,193925472443	-20,4699109801
16,09	0,383972435439	-0,630257785441	-13,1977057635
16,1	0,366519142919	-0,630257785441	7,67621661752
16,11	0,366519142919	-0,242406840555	8,34956895235
16,12	0,366519142919	-0,242406840556	-9,42693268836
16,13	0,366519142919	-0,630257785445	-12,3896829617
16,14	0,349065850399	-0,678739153556	0,404011401004
16,15	0,349065850399	-0,387850944888	-4,578795877
16,16	0,349065850399	-0,727220521663	-13,1977057634
16,17	0,331612557879	-0,824183257885	-8,21489848542
16,18	0,331612557879	-0,872664625996	-3,77077307529
16,19	0,314159265359	-0,872664625996	-0,808022801877
16,2	0,314159265359	-0,872664625996	-0,269340934026
16,21	0,296705972839	-0,872664625997	-0,80802280198
16,22	0,296705972839	-0,872664626	-3,77077307537
16,23	0,279252680319	-0,921145994111	-8,21489848537
16,24	0,279252680319	-1,01810873033	-13,1977057634
16,25	0,261799387799	-1,3574783071	-4,57879587707
16,26	0,244346095279	-1,06659009844	0,404011400924
16,27	0,244346095279	-1,11507146655	-12,3896829617
16,28	0,226892802759	-1,50292241144	-9,42693268836
16,29	0,209439510239	-1,50292241144	8,34956895235
16,3	0,191986217719	-1,11507146655	7,67621661763
16,31	0,191986217719	-1,11507146655	-13,0630352964
16,32	0,174532925199	-1,55140377955	-19,5272177113
16,33	0,157079632679	-1,69684788388	-7,27220521673
16,34	0,13962634016	-1,69684788388	7,27220521656
16,35	0,12217304764	-1,55140377955	19,3925472444
16,36	0,10471975512	-1,11507146655	12,1203420278
16,37	0,10471975512	-1,11507146655	-12,2550124946
16,38	0,0872664625997	-1,55140377955	-20,3352405132
16,39	0,0698131700798	-1,69684788388	-11,7163306269
16,4	0,0523598775599	-1,745329252	-3,63610260839
16,41	0,0349065850398	-1,745329252	3,63610260839
16,42	0,0174532925199	-1,69684788388	11,7163306269
16,43	0	-1,55140377955	20,3352405132
16,44	-0,0174532925199	-1,11507146655	12,2550124946
16,45	-0,0174532925199	-1,11507146655	-12,2550124948
16,46	-0,0349065850399	-1,55140377955	-20,2005700461
16,47	-0,0523598775599	-1,69684788388	-10,9083078249
16,48	-0,0698131700798	-1,74532925199	-5,52601174696E-011
16,49	-0,0872664625997	-1,69684788388	10,9083078249
16,5	-0,10471975512	-1,55140377955	20,2005700463
16,51	-0,12217304764	-1,11507146655	12,3896829618
16,52	-0,12217304764	-1,11507146655	-11,3123192258
16,53	-0,13962634016	-1,55140377955	-15,7564446361
16,54	-0,157079632679	-1,64836651577	0,134670466848
16,55	-0,174532925199	-1,55140377955	16,6991379048
16,56	-0,191986217719	-1,11507146655	15,8911151031
16,57	-0,191986217719	-1,06659009844	-0,404011400798
16,58	-0,209439510239	-1,3574783071	0,94269326887
16,59	-0,226892802759	-1,06659009844	5,11747774499
16,6	-0,226892802759	-1,06659009844	-4,04011400937
16,61	-0,244346095279	-1,35747830711	3,77077307521
16,62	-0,261799387799	-1,01810873033	13,0630352966
16,63	-0,261799387799	-0,921145994108	8,21489848558
16,64	-0,279252680319	-0,872664625996	3,90544354234
16,65	-0,279252680319	-0,872664625996	1,61604560372
16,66	-0,296705972839	-0,872664625996	3,90544354226
16,67	-0,296705972839	-0,824183257885	8,21489848542
16,68	-0,314159265359	-0,727220521663	13,0630352965
16,69	-0,314159265359	-0,387850944888	3,77077307516
16,7	-0,314159265359	-0,678739153556	-4,04011400932
16,71	-0,331612557879	-0,678739153556	5,11747774512
16,72	-0,331612557879	-0,387850944888	0,942693268955
16,73	-0,331612557879	-0,678739153553	-0,269340933872
16,74	-0,349065850399	-0,630257785441	16,8338083719
16,75	-0,349065850399	-0,193925472443	21,277933782
16,76	-0,349065850399	-0,0484813681109	11,9856715607
16,77	-0,349065850399	0	4,57879587714
16,78	-0,349065850399	0	0,942693268822
16,79	-0,349065850399	0	0,269340933949
16,8	-0,349065850399	0	0,942693268822
16,81	-0,349065850399	0	4,57879587714
16,82	-0,349065850399	0,0484813681109	11,8510010938
16,83	-0,349065850399	0,193925472443	20,4699109801
16,84	-0,349065850399	0,630257785441	13,1977057635
16,85	-0,331612557879	0,630257785441	-7,54154615055
16,86	-0,331612557879	0,242406840555	-7,5415461505
16,87	-0,331612557879	0,242406840556	13,0630352967
16,88	-0,331612557879	0,678739153556	19,6618881784
16,89	-0,314159265359	0,824183257889	8,0802280184
16,9	-0,314159265359	0,824183257886	-3,50143214147
16,91	-0,296705972839	0,727220521663	-11,177648759
16,92	-0,296705972839	0,387850944887	0,942693268799
16,93	-0,296705972839	0,727220521663	16,02578557
16,94	-0,279252680319	0,872664625996	16,160456037
16,95	-0,279252680319	1,01810873033	16,0257855701
16,96	-0,261799387799	1,35747830711	0,942693268902
16,97	-0,244346095279	1,01810873033	-11,177648759
16,98	-0,244346095279	0,921145994108	-3,50143214147
16,99	-0,226892802759	0,921145994107	8,08022801843
17	-0,226892802759	1,06659009844	19,6618881783
17,01	-0,209439510239	1,50292241144	13,0630352967
17,02	-0,191986217719	1,50292241144	-7,67621661747
17,03	-0,174532925199	1,11507146655	-8,48423941948
17,04	-0,174532925199	1,11507146655	8,61890988624
17,05	-0,157079632679	1,50292241144	8,61890988631
17,06	-0,13962634016	1,50292241144	-8,4842394194
17,07	-0,12217304764	1,11507146655	-7,81088708446
17,08	-0,12217304764	1,11507146655	12,2550124948
17,09	-0,10471975512	1,55140377955	15,8911151031
17,1	-0,0872664625997	1,64836651577	-7,36867357255E-011
17,11	-0,0698131700798	1,55140377955	-15,7564446361
17,12	-0,0523598775599	1,11507146655	-11,3123192259
17,13	-0,0523598775599	1,11507146655	12,2550124948
17,14	-0,0349065850399	1,55140377955	19,3925472444
17,15	-0,0174532925199	1,69684788388	7,27220521656
17,16	0	1,69684788388	-7,27220521673
17,17	0,0174532925199	1,55140377955	-19,3925472443
17,18	0,0349065850398	1,11507146655	-12,1203420276
17,19	0,0349065850398	1,11507146655	12,1203420278
17,2	0,0523598775599	1,55140377955	19,3925472443
17,21	0,0698131700798	1,69684788388	7,2722052165
17,22	0,0872664625997	1,69684788388	-7,27220521668
17,23	0,10471975512	1,55140377955	-19,5272177113
17,24	0,12217304764	1,11507146655	-13,0630352964
17,25	0,12217304764	1,11507146655	7,67621661763
17,26	0,13962634016	1,50292241144	8,34956895235
17,27	0,157079632679	1,50292241144	-9,42693268833
17,28	0,174532925199	1,11507146655	-12,2550124947
17,29	0,174532925199	1,06659009844	1,21203420287
17,3	0,191986217719	1,35747830711	-0,808022801774
17,31	0,209439510239	1,06659009844	-4,98280727814
17,32	0,209439510239	1,06659009844	4,84813681095
17,33	0,226892802759	1,3574783071	-7,63185810844E-011
17,34	0,244346095279	1,06659009844	-4,98280727808
17,35	0,244346095279	1,06659009844	3,90544354229
17,36	0,261799387799	1,3574783071	-4,57879587706
17,37	0,279252680319	1,01810873033	-16,8338083717
17,38	0,279252680319	0,872664626	-16,2951265039
17,39	0,296705972839	0,727220521667	-16,0257855701
17,4	0,296705972839	0,387850944888	-0,942693268955
17,41	0,296705972839	0,727220521663	11,1776487588
17,42	0,314159265359	0,824183257885	3,50143214131
17,43	0,314159265359	0,824183257885	-8,08022801848
17,44	0,331612557879	0,678739153552	-19,6618881783
17,45	0,331612557879	0,242406840554	-13,0630352965
17,46	0,331612557879	0,242406840554	7,54154615058
17,47	0,331612557879	0,630257785441	7,54154615058
17,48	0,349065850399	0,630257785441	-13,1977057635
17,49	0,349065850399	0,193925472443	-20,4699109801
17,5	0,349065850399	0,0484813681109	-11,8510010938
17,51	0,349065850399	0	-4,57879587714
17,52	0,349065850399	0	-0,942693268822
17,53	0,349065850399	0	-0,134670466975
17,54	0,349065850399	0	0
17,55	0,349065850399	0	-0,134670466975
17,56	0,349065850399	0	-0,942693268822
17,57	0,349065850399	0	-4,57879587714
17,58	0,349065850399	-0,0484813681109	-11,9856715607
17,59	0,349065850399	-0,193925472443	-21,277933782
17,6	0,349065850399	-0,630257785441	-16,8338083718
17,61	0,331612557879	-0,678739153552	0,269340933949
17,62	0,331612557879	-0,387850944887	-0,942693268822
17,63	0,331612557879	-0,678739153552	-5,11747774504
17,64	0,314159265359	-0,678739153552	4,04011400923
17,65	0,314159265359	-0,387850944887	-3,77077307532
17,66	0,314159265359	-0,727220521663	-13,0630352966
17,67	0,296705972839	-0,824183257886	-8,21489848558
17,68	0,296705972839	-0,872664626	-3,90544354234
17,69	0,279252680319	-0,872664626	-1,61604560362
17,7	0,279252680319	-0,872664625997	-3,90544354213
17,71	0,261799387799	-0,921145994107	-8,21489848538
17,72	0,261799387799	-1,01810873033	-13,0630352965
17,73	0,244346095279	-1,3574783071	-3,77077307531
17,74	0,226892802759	-1,06659009844	4,04011400916
17,75	0,226892802759	-1,06659009844	-5,11747774517
17,76	0,209439510239	-1,35747830711	-0,808022801928
17,77	0,191986217719	-1,06659009844	1,21203420285
17,78	0,191986217719	-1,11507146655	-12,2550124946
17,79	0,174532925199	-1,50292241144	-9,42693268818
17,8	0,157079632679	-1,50292241144	8,48423941935
17,81	0,13962634016	-1,11507146655	8,61890988625
17,82	0,13962634016	-1,11507146655	-8,61890988646
17,83	0,12217304764	-1,50292241144	-8,6189098863
17,84	0,10471975512	-1,50292241144	8,48423941953
17,85	0,0872664625997	-1,11507146655	7,6762166176
17,86	0,0872664625997	-1,11507146655	-13,0630352966
17,87	0,0698131700798	-1,55140377955	-19,5272177114
17,88	0,0523598775599	-1,69684788388	-7,27220521671
17,89	0,0349065850398	-1,69684788388	7,2722052167
17,9	0,0174532925199	-1,55140377955	19,3925472444
17,91	0	-1,11507146655	12,2550124947
17,92	0	-1,11507146655	-11,312319226
17,93	-0,0174532925199	-1,55140377955	-15,7564446361
17,94	-0,0349065850399	-1,64836651577	7,4563811915E-011
17,95	-0,0523598775599	-1,55140377955	15,7564446361
17,96	-0,0698131700798	-1,11507146655	11,4469896928
17,97	-0,0698131700798	-1,11507146655	-11,4469896929
17,98	-0,0872664625997	-1,55140377955	-15,7564446361
17,99	-0,10471975512	-1,64836651577	0,134670467055
18	-0,12217304764	-1,55140377955	16,699137905
18,01	-0,13962634016	-1,11507146655	15,8911151031
18,02	-0,13962634016	-1,06659009844	-0,404011400924
18,03	-0,157079632679	-1,3574783071	0,942693268751
18,04	-0,174532925199	-1,06659009844	5,1174777449
18,05	-0,174532925199	-1,06659009844	-4,04011400932
18,06	-0,191986217719	-1,35747830711	3,63610260839
18,07	-0,209439510239	-1,01810873033	12,2550124948
18,08	-0,209439510239	-0,921145994107	4,44412541021
18,09	-0,226892802759	-0,921145994107	-4,30945494324
18,1	-0,226892802759	-1,01810873033	-11,312319226
18,11	-0,244346095279	-1,35747830711	0,942693268743
18,12	-0,261799387799	-1,01810873033	16,0257855701
18,13	-0,261799387799	-0,872664625997	16,2951265041
18,14	-0,279252680319	-0,727220521663	16,8338083719
18,15	-0,279252680319	-0,387850944887	4,57879587717
18,16	-0,279252680319	-0,678739153552	-3,90544354226
18,17	-0,296705972839	-0,678739153552	5,11747774504
18,18	-0,296705972839	-0,387850944887	0,942693268822
18,19	-0,296705972839	-0,678739153552	-0,269340933949
18,2	-0,314159265359	-0,630257785441	16,6991379049
18,21	-0,314159265359	-0,193925472443	20,3352405132
18,22	-0,314159265359	-0,0484813681109	7,40687568357
18,23	-0,314159265359	-0,0484813681112	-7,13753474973
18,24	-0,314159265359	-0,193925472445	-18,4498539757
18,25	-0,314159265359	-0,630257785445	-7,54154615063
18,26	-0,331612557879	-0,581776417334	24,1060135886
18,27	-0,331612557879	0	40,6704810266
18,28	-0,331612557879	0,581776417334	24,1060135886
18,29	-0,314159265359	0,630257785445	-7,54154615063
18,3	-0,314159265359	0,193925472445	-18,4498539757
18,31	-0,314159265359	0,0484813681112	-7,13753474973
18,32	-0,314159265359	0,0484813681109	7,2722052166
18,33	-0,314159265359	0,193925472443	19,5272177113
18,34	-0,314159265359	0,630257785441	13,0630352965
18,35	-0,296705972839	0,630257785441	-7,54154615058
18,36	-0,296705972839	0,242406840554	-7,54154615058
18,37	-0,296705972839	0,242406840554	13,1977057635
18,38	-0,296705972839	0,678739153552	20,4699109801
18,39	-0,279252680319	0,824183257885	11,8510010938
18,4	-0,279252680319	0,872664625996	4,57879587721
18,41	-0,261799387799	0,872664625997	0,942693268955
18,42	-0,261799387799	0,872664626	0,134670467054
18,43	-0,244346095279	0,872664626	-7,98262690517E-011
18,44	-0,244346095279	0,872664625997	0,134670466843
18,45	-0,226892802759	0,872664625996	0,808022801777
18,46	-0,226892802759	0,872664625996	3,77077307529
18,47	-0,209439510239	0,921145994107	8,21489848552
18,48	-0,209439510239	1,01810873033	13,0630352967
18,49	-0,191986217719	1,35747830711	3,77077307537
18,5	-0,174532925199	1,06659009844	-4,04011400932
18,51	-0,174532925199	1,06659009844	5,1174777449
18,52	-0,157079632679	1,3574783071	0,808022801777
18,53	-0,13962634016	1,06659009844	-1,21203420277
18,54	-0,13962634016	1,11507146655	12,2550124948
18,55	-0,12217304764	1,50292241144	9,42693268836
18,56	-0,10471975512	1,50292241144	-8,48423941932
18,57	-0,0872664625997	1,11507146655	-8,61890988646
18,58	-0,0872664625997	1,11507146655	8,61890988625
18,59	-0,0698131700798	1,50292241144	8,61890988633
18,6	-0,0523598775599	1,50292241144	-8,61890988633
18,61	-0,0349065850399	1,11507146655	-8,61890988625
18,62	-0,0349065850399	1,11507146655	8,61890988646
18,63	-0,0174532925199	1,50292241144	8,6189098863
18,64	0	1,50292241144	-8,4842394195
18,65	0,0174532925199	1,11507146655	-7,81088708453
18,66	0,0174532925199	1,11507146655	12,2550124948
18,67	0,0349065850398	1,55140377955	15,8911151031
18,68	0,0523598775599	1,64836651577	-7,98268858422E-011
18,69	0,0698131700798	1,55140377955	-15,8911151031
18,7	0,0872664625997	1,11507146655	-12,2550124947
18,71	0,0872664625997	1,11507146655	7,81088708458
18,72	0,10471975512	1,50292241144	8,34956895255
18,73	0,12217304764	1,50292241144	-9,42693268815
18,74	0,13962634016	1,11507146655	-12,2550124948
18,75	0,13962634016	1,06659009844	1,21203420265
18,76	0,157079632679	1,3574783071	-0,808022801895
18,77	0,174532925199	1,06659009844	-5,11747774499
18,78	0,174532925199	1,06659009844	4,04011400937
18,79	0,191986217719	1,35747830711	-3,77077307521
18,8	0,209439510239	1,01810873033	-13,0630352966
18,81	0,209439510239	0,921145994108	-8,21489848558
18,82	0,226892802759	0,872664625996	-3,77077307537
18,83	0,226892802759	0,872664625996	-0,808022801878
18,84	0,244346095279	0,872664625996	-0,13467046698
18,85	0,244346095279	0,872664625996	5,26369071786E-012
18,86	0,261799387799	0,872664625996	-0,134670466945
18,87	0,261799387799	0,872664625996	-0,808022801771
18,88	0,279252680319	0,872664625997	-3,77077307516
18,89	0,279252680319	0,824183257889	-8,21489848537
18,9	0,296705972839	0,727220521667	-13,1977057636
18,91	0,296705972839	0,387850944888	-4,71346634424
18,92	0,296705972839	0,678739153553	-0,404011401001
18,93	0,314159265359	0,630257785441	-16,02578557
18,94	0,314159265359	0,193925472443	-16,6991379049
18,95	0,314159265359	0,0969627362217	-0,134670466976
18,96	0,314159265359	0,193925472443	15,756444636
18,97	0,314159265359	0,630257785441	11,3123192259
18,98	0,331612557879	0,630257785441	-12,3896829617
18,99	0,331612557879	0,193925472443	-20,3352405132
19	0,331612557879	0,0484813681109	-11,9856715607
19,01	0,331612557879	0	-5,52148914596
19,02	0,331612557879	0	-5,52148914596
19,03	0,331612557879	-0,0484813681109	-11,9856715607
19,04	0,331612557879	-0,193925472443	-20,3352405132
19,05	0,331612557879	-0,630257785441	-12,3896829617
19,06	0,314159265359	-0,630257785441	11,3123192259
19,07	0,314159265359	-0,193925472443	15,756444636
19,08	0,314159265359	-0,0969627362217	-0,134670466976
19,09	0,314159265359	-0,193925472443	-16,6991379049
19,1	0,314159265359	-0,630257785441	-15,891115103
19,11	0,296705972839	-0,678739153553	0,404011400847
19,12	0,296705972839	-0,387850944888	-0,942693268955
19,13	0,296705972839	-0,678739153556	-5,11747774512
19,14	0,279252680319	-0,678739153556	4,04011400932
19,15	0,279252680319	-0,387850944888	-3,77077307516
19,16	0,279252680319	-0,727220521663	-13,1977057634
19,17	0,261799387799	-0,824183257885	-9,02292128727
19,18	0,261799387799	-0,872664625996	-7,54154615057
19,19	0,244346095279	-0,921145994107	-8,88825082033
19,2	0,244346095279	-1,01810873033	-12,3896829617
19,21	0,226892802759	-1,3574783071	-0,134670467052
19,22	0,209439510239	-1,01810873033	11,4469896927
19,23	0,209439510239	-0,921145994111	4,30945494311
19,24	0,191986217719	-0,921145994111	-4,44412541008
19,25	0,191986217719	-1,01810873033	-12,3896829615
19,26	0,174532925199	-1,3574783071	-4,44412541012
19,27	0,157079632679	-1,06659009844	0,404011400877
19,28	0,157079632679	-1,11507146655	-12,3896829618
19,29	0,13962634016	-1,50292241144	-9,4269326883
19,3	0,12217304764	-1,50292241144	8,48423941948
19,31	0,10471975512	-1,11507146655	8,61890988651
19,32	0,10471975512	-1,11507146655	-8,61890988631
19,33	0,0872664625997	-1,50292241144	-8,61890988638
19,34	0,0698131700798	-1,50292241144	8,61890988631
19,35	0,0523598775599	-1,11507146655	8,61890988624
19,36	0,0523598775599	-1,11507146655	-8,61890988646
19,37	0,0349065850398	-1,50292241144	-8,6189098863
19,38	0,0174532925199	-1,50292241144	8,61890988648
19,39	0	-1,11507146655	8,61890988638
19,4	0	-1,11507146655	-8,61890988648
19,41	-0,0174532925199	-1,50292241144	-8,61890988645
19,42	-0,0349065850399	-1,50292241144	8,61890988645
19,43	-0,0523598775599	-1,11507146655	8,61890988648
19,44	-0,0523598775599	-1,11507146655	-8,61890988638
19,45	-0,0698131700798	-1,50292241144	-8,4842394195
19,46	-0,0872664625997	-1,50292241144	9,42693268815
19,47	-0,10471975512	-1,11507146655	12,2550124948
19,48	-0,10471975512	-1,06659009844	-1,21203420264
19,49	-0,12217304764	-1,3574783071	0,808022801924
19,5	-0,13962634016	-1,06659009844	5,11747774506
19,51	-0,13962634016	-1,06659009844	-4,04011400926
19,52	-0,157079632679	-1,3574783071	3,63610260824
19,53	-0,174532925199	-1,01810873033	12,2550124946
19,54	-0,174532925199	-0,921145994111	4,44412541008
19,55	-0,191986217719	-0,921145994111	-4,30945494311
19,56	-0,191986217719	-1,01810873033	-11,3123192257
19,57	-0,209439510239	-1,3574783071	0,942693268899
19,58	-0,226892802759	-1,01810873033	16,02578557
19,59	-0,226892802759	-0,872664625996	16,1604560369
19,6	-0,244346095279	-0,727220521663	16,0257855699
19,61	-0,244346095279	-0,387850944888	0,94269326869
19,62	-0,244346095279	-0,727220521667	-11,177648759
19,63	-0,261799387799	-0,824183257889	-3,50143214126
19,64	-0,261799387799	-0,824183257886	8,08022801861
19,65	-0,279252680319	-0,678739153553	19,6618881784
19,66	-0,279252680319	-0,242406840554	13,0630352966
19,67	-0,279252680319	-0,242406840554	-7,54154615057
19,68	-0,279252680319	-0,630257785441	-7,54154615058
19,69	-0,296705972839	-0,630257785441	13,1977057635
19,7	-0,296705972839	-0,193925472443	20,4699109801
19,71	-0,296705972839	-0,0484813681109	11,8510010938
19,72	-0,296705972839	0	4,57879587714
19,73	-0,296705972839	0	0,942693268822
19,74	-0,296705972839	0	0,134670466975
19,75	-0,296705972839	0	0
19,76	-0,296705972839	0	0,134670466975
19,77	-0,296705972839	0	0,942693268822
19,78	-0,296705972839	0	4,57879587714
19,79	-0,296705972839	0,0484813681109	11,8510010938
19,8	-0,296705972839	0,193925472443	20,4699109801
19,81	-0,296705972839	0,630257785441	13,1977057635
19,82	-0,279252680319	0,630257785441	-7,67621661755
19,83	-0,279252680319	0,242406840554	-8,34956895243
19,84	-0,279252680319	0,242406840554	9,42693268823
19,85	-0,279252680319	0,630257785441	12,3896829617
19,86	-0,261799387799	0,678739153553	-0,404011400847
19,87	-0,261799387799	0,387850944888	4,57879587727
19,88	-0,261799387799	0,727220521667	13,1977057636
19,89	-0,244346095279	0,824183257889	8,21489848537
19,9	-0,244346095279	0,872664625997	3,77077307516
19,91	-0,226892802759	0,872664625996	0,808022801771
19,92	-0,226892802759	0,872664625996	0,134670466951
19,93	-0,209439510239	0,872664625996	2,36859914398E-011
19,94	-0,209439510239	0,872664625996	0,134670467054
19,95	-0,191986217719	0,872664625997	0,888825082187
19,96	-0,191986217719	0,872664626	4,34985608348
19,97	-0,174532925199	0,921145994112	11,5681931135
19,98	-0,174532925199	1,0471975512	22,9882487135
19,99	-0,157079632679	1,4786817274	26,341543342
20	-0,13962634016	1,64836651581	22,5438361738
