Vernier Format 2
Файл.gmbl 07.12.2019 14:26:54 ,
Новый
Время	Угол	Скорость	Ускорение
t	Угол	v	a
с	rad	rad/с	rad/с²

0	0	0	0
0,01	0	0	0
0,02	0	0	0
0,03	0	0	0
0,04	0	0	0
0,05	0	0	0
0,06	0	0	0
0,07	0	0	0
0,08	0	0	0
0,09	0	0	0
0,1	0	0	0
0,11	0	0	0
0,12	0	0	0
0,13	0	0	0
0,14	0	0	0
0,15	0	0	0
0,16	0	0	0
0,17	0	0	0
0,18	0	0	0
0,19	0	0	0
0,2	0	0	0
0,21	0	0	0
0,22	0	0	0
0,23	0	0	0
0,24	0	0	0
0,25	0	0	0
0,26	0	0	0
0,27	0	0	0
0,28	0	0	0
0,29	0	0	0
0,3	0	0	0
0,31	0	0	0
0,32	0	0	0
0,33	0	0	0
0,34	0	0	0
0,35	0	0	0
0,36	0	0	0
0,37	0	0	0
0,38	0	0	0
0,39	0	0	0
0,4	0	0	0
0,41	0	0	0
0,42	0	0	0
0,43	0	0	0
0,44	0	0	0
0,45	0	0	0
0,46	0	0	0
0,47	0	0	0
0,48	0	0	0
0,49	0	0	0
0,5	0	0	0
0,51	0	0	0
0,52	0	0	0
0,53	0	0	0
0,54	0	0	0
0,55	0	0	0
0,56	0	0	0
0,57	0	0	0
0,58	0	0	0
0,59	0	0	0
0,6	0	0	0
0,61	0	0	0
0,62	0	0	0
0,63	0	0	0
0,64	0	0	0
0,65	0	0	0
0,66	0	0	0
0,67	0	0	0
0,68	0	0	0
0,69	0	0	0
0,7	0	0	0
0,71	0	0	0
0,72	0	0	0
0,73	0	0	0
0,74	0	0	0
0,75	0	0	0
0,76	0	0	0
0,77	0	0	0
0,78	0	0	0
0,79	0	0	0
0,8	0	0	0
0,81	0	0	0
0,82	0	0	0
0,83	0	0	0
0,84	0	0	0
0,85	0	0	0
0,86	0	0	0
0,87	0	0	0
0,88	0	0	0
0,89	0	0	0
0,9	0	0	0
0,91	0	0	0
0,92	0	0	0
0,93	0	0	0
0,94	0	0	0
0,95	0	0	0
0,96	0	0	0
0,97	0	0	0
0,98	0	0	0
0,99	0	0	0
1	0	0	0
1,01	0	0	0
1,02	0	0	0
1,03	0	0	0
1,04	0	0	0
1,05	0	0	0
1,06	0	0	0
1,07	0	0	0
1,08	0	0	0
1,09	0	0	0
1,1	0	0	0
1,11	0	0	0
1,12	0	0	0
1,13	0	0	0
1,14	0	0	0
1,15	0	0	0
1,16	0	0	0
1,17	0	0	0
1,18	0	0	0
1,19	0	0	0
1,2	0	0	0
1,21	0	0	0
1,22	0	0	0
1,23	0	0	0
1,24	0	0	0
1,25	0	0	0
1,26	0	0	0
1,27	0	0	0
1,28	0	0	0
1,29	0	0	0
1,3	0	0	0
1,31	0	0	0
1,32	0	0	0
1,33	0	0	0
1,34	0	0	0
1,35	0	0	0
1,36	0	0	0
1,37	0	0	0
1,38	0	0	0
1,39	0	0	0
1,4	0	0	-0,134670466975
1,41	0	0	-0,942693268823
1,42	0	0	-4,57879587714
1,43	0	-0,0484813681109	-11,8510010938
1,44	0	-0,193925472444	-20,4699109802
1,45	0	-0,630257785441	-13,1977057635
1,46	-0,0174532925199	-0,630257785441	7,67621661753
1,47	-0,0174532925199	-0,242406840555	8,34956895235
1,48	-0,0174532925199	-0,242406840556	-9,42693268836
1,49	-0,0174532925199	-0,630257785446	-12,2550124948
1,5	-0,0349065850399	-0,678739153556	1,21203420285
1,51	-0,0349065850399	-0,387850944888	-0,808022801716
1,52	-0,0349065850399	-0,678739153553	-4,98280727799
1,53	-0,0523598775599	-0,678739153552	4,84813681112
1,54	-0,0523598775599	-0,387850944887	6,1410753026E-012
1,55	-0,0523598775599	-0,678739153552	-4,84813681109
1,56	-0,0698131700798	-0,678739153552	4,84813681109
1,57	-0,0698131700798	-0,387850944887	-6,1410753026E-012
1,58	-0,0698131700798	-0,678739153552	-4,98280727809
1,59	-0,0872664625997	-0,678739153553	4,04011400916
1,6	-0,0872664625997	-0,387850944888	-3,77077307542
1,61	-0,0872664625997	-0,727220521667	-13,0630352966
1,62	-0,10471975512	-0,824183257889	-8,0802280184
1,63	-0,10471975512	-0,872664625997	-2,96275027331
1,64	-0,12217304764	-0,872664625996	2,96275027352
1,65	-0,12217304764	-0,824183257885	7,94555755154
1,66	-0,13962634016	-0,727220521663	12,2550124947
1,67	-0,13962634016	-0,387850944887	0
1,68	-0,13962634016	-0,727220521663	-12,2550124947
1,69	-0,157079632679	-0,824183257885	-8,08022801851
1,7	-0,157079632679	-0,872664625996	-3,77077307537
1,71	-0,174532925199	-0,872664625997	-0,80802280198
1,72	-0,174532925199	-0,872664626	-0,134670467054
1,73	-0,191986217719	-0,872664626	7,98268858423E-011
1,74	-0,191986217719	-0,872664625997	-0,134670466843
1,75	-0,209439510239	-0,872664625996	-0,808022801777
1,76	-0,209439510239	-0,872664625996	-3,77077307529
1,77	-0,226892802759	-0,921145994107	-8,08022801855
1,78	-0,226892802759	-1,01810873033	-12,2550124948
1,79	-0,244346095279	-1,35747830711	-0,134670467054
1,8	-0,261799387799	-1,01810873033	11,4469896929
1,81	-0,261799387799	-0,921145994108	4,30945494332
1,82	-0,279252680319	-0,921145994107	-4,30945494312
1,83	-0,279252680319	-1,01810873033	-11,4469896928
1,84	-0,296705972839	-1,3574783071	0,134670466904
1,85	-0,314159265359	-1,01810873033	12,2550124946
1,86	-0,314159265359	-0,921145994111	7,94555755143
1,87	-0,331612557879	-0,872664626	2,96275027352
1,88	-0,331612557879	-0,872664625997	-2,96275027331
1,89	-0,349065850399	-0,921145994107	-7,94555755143
1,9	-0,349065850399	-1,01810873033	-12,2550124947
1,91	-0,366519142919	-1,3574783071	0
1,92	-0,383972435439	-1,01810873033	12,2550124947
1,93	-0,383972435439	-0,921145994107	7,94555755143
1,94	-0,401425727959	-0,872664625997	2,96275027331
1,95	-0,401425727959	-0,872664626	-2,96275027352
1,96	-0,418879020479	-0,921145994111	-7,94555755143
1,97	-0,418879020479	-1,01810873033	-12,2550124946
1,98	-0,436332312999	-1,3574783071	7,05922974397E-011
1,99	-0,453785605519	-1,01810873033	12,2550124947
2	-0,453785605519	-0,921145994107	8,08022801841
2,01	-0,471238898038	-0,872664625997	3,77077307516
2,02	-0,471238898038	-0,872664626	0,808022801768
2,03	-0,488692190558	-0,872664626	0,134670467054
2,04	-0,488692190558	-0,872664625997	1,32456083139E-010
2,05	-0,506145483078	-0,872664625996	7,71916481352E-011
2,06	-0,506145483078	-0,872664625996	2,98230576037E-011
2,07	-0,523598775598	-0,872664625996	5,26276553201E-012
2,08	-0,523598775598	-0,872664625996	-5,26276553201E-012
2,09	-0,541052068118	-0,872664625996	-2,98230576037E-011
2,1	-0,541052068118	-0,872664625996	-7,71916481352E-011
2,11	-0,558505360638	-0,872664625997	0,134670466842
2,12	-0,558505360638	-0,872664626	0,808022801768
2,13	-0,575958653158	-0,872664626	3,77077307537
2,14	-0,575958653158	-0,824183257886	8,21489848559
2,15	-0,593411945678	-0,727220521664	13,1977057636
2,16	-0,593411945678	-0,387850944887	4,71346634414
2,17	-0,593411945678	-0,678739153552	0,538681867905
2,18	-0,610865238198	-0,630257785441	16,9684788388
2,19	-0,610865238198	-0,193925472444	21,277933782
2,2	-0,610865238198	-0,0484813681109	11,9856715607
2,21	-0,610865238198	0	4,71346634411
2,22	-0,610865238198	0	1,88538653765
2,23	-0,610865238198	0	4,71346634411
2,24	-0,610865238198	0,0484813681109	11,9856715607
2,25	-0,610865238198	0,193925472444	21,277933782
2,26	-0,610865238198	0,630257785441	16,9684788388
2,27	-0,593411945678	0,678739153552	0,67335233488
2,28	-0,593411945678	0,387850944887	5,52148914599
2,29	-0,593411945678	0,727220521664	16,9684788389
2,3	-0,575958653158	0,872664625997	16,429796971
2,31	-0,575958653158	1,01810873033	16,8338083719
2,32	-0,558505360638	1,35747830711	4,57879587706
2,33	-0,541052068118	1,06659009844	-3,9054435424
2,34	-0,541052068118	1,06659009844	5,11747774497
2,35	-0,523598775598	1,3574783071	0,942693268823
2,36	-0,506145483078	1,06659009844	-0,269340933878
2,37	-0,506145483078	1,11507146655	16,833808372
2,38	-0,488692190558	1,55140377955	21,2779337821
2,39	-0,471238898038	1,69684788388	12,1203420277
2,4	-0,453785605519	1,74532925199	5,52148914591
2,41	-0,436332312999	1,74532925199	5,52148914602
2,42	-0,418879020479	1,79381062011	11,9856715608
2,43	-0,401425727959	1,93925472444	20,4699109801
2,44	-0,383972435439	2,37558703743	13,1977057635
2,45	-0,349065850399	2,37558703743	-7,6762166175
2,46	-0,331612557879	1,98773609255	-8,34956895235
2,47	-0,314159265359	1,98773609255	9,42693268822
2,48	-0,296705972839	2,37558703744	12,2550124947
2,49	-0,261799387799	2,42406840555	-1,21203420274
2,5	-0,244346095279	2,13318019688	0,808022801816
2,51	-0,226892802759	2,42406840555	5,11747774503
2,52	-0,191986217719	2,42406840555	-4,04011400923
2,53	-0,174532925199	2,13318019688	3,77077307521
2,54	-0,157079632679	2,47254977366	13,0630352965
2,55	-0,12217304764	2,56951250988	8,21489848554
2,56	-0,10471975512	2,61799387799	3,77077307542
2,57	-0,0698131700798	2,61799387799	0,808022801901
2,58	-0,0523598775599	2,61799387799	0,134670466951
2,59	-0,0174532925199	2,61799387799	-0,134670467055
2,6	0	2,61799387799	-0,808022801877
2,61	0,0349065850398	2,61799387799	-3,77077307529
2,62	0,0523598775599	2,56951250988	-8,08022801856
2,63	0,0872664625997	2,47254977366	-12,2550124948
2,64	0,10471975512	2,13318019688	-0,13467046689
2,65	0,12217304764	2,47254977366	11,446989693
2,66	0,157079632679	2,56951250988	4,30945494324
2,67	0,174532925199	2,56951250988	-4,44412541021
2,68	0,209439510239	2,47254977366	-12,3896829618
2,69	0,226892802759	2,13318019688	-4,44412541025
2,7	0,244346095279	2,42406840555	0,404011400979
2,71	0,279252680319	2,37558703744	-12,3896829616
2,72	0,296705972839	1,98773609255	-9,42693268824
2,73	0,314159265359	1,98773609255	8,34956895243
2,74	0,331612557879	2,37558703744	7,67621661757
2,75	0,366519142919	2,37558703744	-13,1977057636
2,76	0,383972435439	1,93925472444	-20,4699109802
2,77	0,401425727959	1,7938106201	-11,8510010937
2,78	0,418879020479	1,745329252	-4,57879587709
2,79	0,436332312999	1,745329252	-1,07736373588
2,8	0,453785605519	1,74532925199	-1,0773637359
2,81	0,471238898038	1,74532925199	-4,57879587714
2,82	0,488692190558	1,69684788388	-11,9856715606
2,83	0,506145483078	1,55140377955	-21,2779337819
2,84	0,523598775598	1,11507146655	-16,9684788389
2,85	0,523598775598	1,06659009844	-0,53868186803
2,86	0,541052068118	1,35747830711	-4,71346634418
2,87	0,558505360638	1,01810873033	-13,3323762305
2,88	0,558505360638	0,921145994107	-9,02292128723
2,89	0,575958653158	0,872664625997	-7,54154615045
2,9	0,575958653158	0,824183257889	-9,02292128722
2,91	0,593411945678	0,727220521667	-13,3323762306
2,92	0,593411945678	0,387850944888	-4,71346634425
2,93	0,593411945678	0,678739153553	-0,538681867976
2,94	0,610865238198	0,630257785441	-16,9684788388
2,95	0,610865238198	0,193925472444	-21,277933782
2,96	0,610865238198	0,0484813681109	-11,9856715607
2,97	0,610865238198	0	-4,71346634411
2,98	0,610865238198	0	-1,88538653765
2,99	0,610865238198	0	-4,71346634411
3	0,610865238198	-0,0484813681109	-11,9856715607
3,01	0,610865238198	-0,193925472444	-21,277933782
3,02	0,610865238198	-0,630257785441	-16,9684788388
3,03	0,593411945678	-0,678739153553	-0,538681867976
3,04	0,593411945678	-0,387850944888	-4,71346634425
3,05	0,593411945678	-0,727220521667	-13,3323762306
3,06	0,575958653158	-0,824183257889	-9,02292128722
3,07	0,575958653158	-0,872664625997	-7,54154615045
3,08	0,558505360638	-0,921145994107	-9,02292128723
3,09	0,558505360638	-1,01810873033	-13,3323762305
3,1	0,541052068118	-1,35747830711	-4,71346634418
3,11	0,523598775598	-1,06659009844	-0,53868186803
3,12	0,523598775598	-1,11507146655	-16,9684788389
3,13	0,506145483078	-1,55140377955	-21,2779337819
3,14	0,488692190558	-1,69684788388	-11,9856715606
3,15	0,471238898038	-1,74532925199	-4,57879587714
3,16	0,453785605519	-1,74532925199	-1,0773637359
3,17	0,436332312999	-1,745329252	-1,07736373588
3,18	0,418879020479	-1,745329252	-4,57879587709
3,19	0,401425727959	-1,7938106201	-11,8510010937
3,2	0,383972435439	-1,93925472444	-20,4699109802
3,21	0,366519142919	-2,37558703744	-13,1977057636
3,22	0,331612557879	-2,37558703744	7,67621661757
3,23	0,314159265359	-1,98773609255	8,34956895243
3,24	0,296705972839	-1,98773609255	-9,42693268824
3,25	0,279252680319	-2,37558703744	-12,3896829616
3,26	0,244346095279	-2,42406840555	0,404011400979
3,27	0,226892802759	-2,13318019688	-4,44412541025
3,28	0,209439510239	-2,47254977366	-12,3896829618
3,29	0,174532925199	-2,56951250988	-4,44412541021
3,3	0,157079632679	-2,56951250988	4,30945494324
3,31	0,12217304764	-2,47254977366	11,446989693
3,32	0,10471975512	-2,13318019688	-0,13467046689
3,33	0,0872664625997	-2,47254977366	-12,2550124948
3,34	0,0523598775599	-2,56951250988	-7,94555755158
3,35	0,0349065850398	-2,61799387799	-2,96275027343
3,36	0	-2,61799387799	2,96275027344
3,37	-0,0174532925199	-2,56951250988	7,94555755147
3,38	-0,0523598775599	-2,47254977366	12,2550124947
3,39	-0,0698131700798	-2,13318019688	0,134670466975
3,4	-0,0872664625997	-2,47254977366	-11,4469896929
3,41	-0,12217304764	-2,56951250988	-4,30945494316
3,42	-0,13962634016	-2,56951250988	4,44412541016
3,43	-0,174532925199	-2,47254977366	12,2550124947
3,44	-0,191986217719	-2,13318019688	3,63610260835
3,45	-0,209439510239	-2,42406840555	-4,04011400924
3,46	-0,244346095279	-2,42406840555	5,11747774501
3,47	-0,261799387799	-2,13318019688	0,942693268855
3,48	-0,279252680319	-2,42406840555	-0,269340933943
3,49	-0,314159265359	-2,37558703744	16,8338083718
3,5	-0,331612557879	-1,93925472444	21,2779337821
3,51	-0,349065850399	-1,7938106201	11,9856715609
3,52	-0,366519142919	-1,74532925199	4,57879587714
3,53	-0,383972435439	-1,74532925199	0,942693268719
3,54	-0,401425727959	-1,745329252	0,134670466895
3,55	-0,418879020479	-1,745329252	0,134670467026
3,56	-0,436332312999	-1,74532925199	0,942693268878
3,57	-0,453785605519	-1,74532925199	4,71346634406
3,58	-0,471238898038	-1,69684788388	12,7936943625
3,59	-0,488692190558	-1,55140377955	24,9140363904
3,6	-0,506145483078	-1,06659009844	24,2406840556
3,61	-0,506145483078	-0,921145994107	9,15759175436
3,62	-0,523598775598	-0,921145994107	-2,55873887249
3,63	-0,523598775598	-1,01810873033	-7,54154615058
3,64	-0,541052068118	-1,30899693899	8,3495689524
3,65	-0,558505360638	-0,872664625996	25,4527182581
3,66	-0,558505360638	-0,436332312999	12,7936943625
3,67	-0,558505360638	-0,678739153556	4,30945494311
3,68	-0,575958653158	-0,630257785446	17,7765016407
3,69	-0,575958653158	-0,193925472445	21,4126042491
3,7	-0,575958653158	-0,0484813681112	11,9856715608
3,71	-0,575958653158	0	4,57879587717
3,72	-0,575958653158	0	0,942693268829
3,73	-0,575958653158	0	0,269340933951
3,74	-0,575958653158	0	0,942693268829
3,75	-0,575958653158	0	4,71346634414
3,76	-0,575958653158	0,0484813681112	12,7936943627
3,77	-0,575958653158	0,193925472445	25,0487068574
3,78	-0,575958653158	0,678739153556	25,0487068574
3,79	-0,558505360638	0,824183257889	12,7936943625
3,8	-0,558505360638	0,872664625997	4,84813681096
3,81	-0,541052068118	0,872664625996	1,75071607059
3,82	-0,541052068118	0,872664625996	3,90544354224
3,83	-0,523598775598	0,921145994107	8,21489848546
3,84	-0,523598775598	1,01810873033	13,1977057635
3,85	-0,506145483078	1,35747830711	4,71346634419
3,86	-0,488692190558	1,06659009844	0,538681868032
3,87	-0,488692190558	1,11507146655	16,9684788389
3,88	-0,471238898038	1,55140377955	21,2779337819
3,89	-0,453785605519	1,69684788388	11,9856715607
3,9	-0,436332312999	1,74532925199	4,57879587719
3,91	-0,418879020479	1,745329252	0,942693268874
3,92	-0,401425727959	1,745329252	0,134670466895
3,93	-0,383972435439	1,74532925199	-1,03514110863E-010
3,94	-0,366519142919	1,74532925199	0,134670466976
3,95	-0,349065850399	1,74532925199	0,942693268932
3,96	-0,331612557879	1,745329252	4,57879587724
3,97	-0,314159265359	1,79381062011	11,9856715607
3,98	-0,296705972839	1,93925472444	21,277933782
3,99	-0,279252680319	2,37558703744	16,8338083719
4	-0,244346095279	2,42406840555	-0,269340933982
4,01	-0,226892802759	2,13318019688	0,942693268818
4,02	-0,209439510239	2,42406840555	4,98280727807
4,03	-0,174532925199	2,42406840555	-4,84813681117
4,04	-0,157079632679	2,13318019688	-6,02814094937E-011
4,05	-0,13962634016	2,42406840555	4,98280727812
4,06	-0,10471975512	2,42406840555	-4,04011400916
4,07	-0,0872664625997	2,13318019688	3,63610260831
4,08	-0,0698131700798	2,47254977366	12,2550124947
4,09	-0,0349065850399	2,56951250988	4,4441254102
4,1	-0,0174532925199	2,56951250988	-4,4441254102
4,11	0,0174532925199	2,47254977366	-12,2550124947
4,12	0,0349065850398	2,13318019688	-3,63610260831
4,13	0,0523598775599	2,42406840555	4,04011400916
4,14	0,0872664625997	2,42406840555	-4,98280727812
4,15	0,10471975512	2,13318019688	6,05293593026E-011
4,16	0,12217304764	2,42406840555	4,84813681117
4,17	0,157079632679	2,42406840555	-4,8481368111
4,18	0,174532925199	2,13318019688	5,26369071786E-012
4,19	0,191986217719	2,42406840555	4,84813681112
4,2	0,226892802759	2,42406840555	-4,9828072781
4,21	0,244346095279	2,13318019688	-0,942693268828
4,22	0,261799387799	2,42406840555	0,269340933957
4,23	0,296705972839	2,37558703744	-16,8338083719
4,24	0,314159265359	1,93925472444	-21,2779337821
4,25	0,331612557879	1,7938106201	-11,9856715607
4,26	0,349065850399	1,745329252	-4,57879587708
4,27	0,366519142919	1,745329252	-0,942693268879
4,28	0,383972435439	1,74532925199	-0,134670467031
4,29	0,401425727959	1,74532925199	-0,134670466919
4,3	0,418879020479	1,745329252	-0,942693268773
4,31	0,436332312999	1,745329252	-4,57879587722
4,32	0,453785605519	1,69684788388	-11,9856715609
4,33	0,471238898038	1,55140377955	-21,277933782
4,34	0,488692190558	1,11507146655	-16,9684788388
4,35	0,488692190558	1,06659009844	-0,538681867772
4,36	0,506145483078	1,35747830711	-4,71346634403
4,37	0,523598775598	1,01810873033	-13,1977057636
4,38	0,523598775598	0,921145994108	-8,21489848559
4,39	0,541052068118	0,872664625996	-3,90544354234
4,4	0,541052068118	0,872664625996	-1,7507160707
4,41	0,558505360638	0,872664625996	-4,84813681109
4,42	0,558505360638	0,824183257885	-12,6590238956
4,43	0,575958653158	0,678739153552	-24,1060135885
4,44	0,575958653158	0,193925472444	-20,6045814471
4,45	0,575958653158	0,0969627362221	-1,88538653757
4,46	0,575958653158	0,193925472445	11,042978292
4,47	0,575958653158	0,581776417334	-0,538681867896
4,48	0,593411945678	0,436332313001	-32,7249234751
4,49	0,593411945678	-0,436332313001	-32,7249234751
4,5	0,575958653158	-0,581776417334	-0,538681867896
4,51	0,575958653158	-0,193925472445	11,177648759
4,52	0,575958653158	-0,0969627362221	-1,07736373573
4,53	0,575958653158	-0,193925472444	-16,8338083718
4,54	0,575958653158	-0,630257785441	-16,02578557
4,55	0,558505360638	-0,678739153552	-0,538681867899
4,56	0,558505360638	-0,387850944887	-5,52148914597
4,57	0,558505360638	-0,727220521663	-16,9684788388
4,58	0,541052068118	-0,872664625996	-16,429796971
4,59	0,541052068118	-1,01810873033	-16,9684788389
4,6	0,523598775598	-1,35747830711	-5,52148914604
4,61	0,506145483078	-1,06659009844	-0,673352334794
4,62	0,506145483078	-1,11507146655	-16,9684788387
4,63	0,488692190558	-1,55140377955	-21,277933782
4,64	0,471238898038	-1,69684788388	-11,9856715608
4,65	0,453785605519	-1,74532925199	-4,57879587727
4,66	0,436332312999	-1,745329252	-0,942693268908
4,67	0,418879020479	-1,745329252	-0,134670466925
4,68	0,401425727959	-1,74532925199	5,52656685847E-011
4,69	0,383972435439	-1,74532925199	-5,61427447742E-011
4,7	0,366519142919	-1,745329252	-0,134670467031
4,71	0,349065850399	-1,745329252	-0,942693268767
4,72	0,331612557879	-1,74532925199	-4,57879587708
4,73	0,314159265359	-1,7938106201	-11,8510010938
4,74	0,296705972839	-1,93925472444	-20,4699109802
4,75	0,279252680319	-2,37558703744	-13,1977057635
4,76	0,244346095279	-2,37558703743	7,67621661761
4,77	0,226892802759	-1,98773609255	8,34956895237
4,78	0,209439510239	-1,98773609255	-9,42693268831
4,79	0,191986217719	-2,37558703744	-12,3896829617
4,8	0,157079632679	-2,42406840555	0,404011400919
4,81	0,13962634016	-2,13318019688	-4,4441254102
4,82	0,12217304764	-2,47254977366	-12,3896829616
4,83	0,0872664625997	-2,56951250988	-4,44412541016
4,84	0,0698131700798	-2,56951250988	4,44412541013
4,85	0,0349065850398	-2,47254977366	12,2550124947
4,86	0,0174532925199	-2,13318019688	3,63610260832
4,87	0	-2,42406840555	-4,04011400927
4,88	-0,0349065850399	-2,42406840555	4,9828072781
4,89	-0,0523598775599	-2,13318019688	5,26369071786E-012
4,9	-0,0698131700798	-2,42406840555	-4,8481368111
4,91	-0,10471975512	-2,42406840555	4,84813681117
4,92	-0,12217304764	-2,13318019688	6,05293593026E-011
4,93	-0,13962634016	-2,42406840555	-4,84813681115
4,94	-0,174532925199	-2,42406840555	4,98280727798
4,95	-0,191986217719	-2,13318019688	0,942693268832
4,96	-0,209439510239	-2,42406840555	-0,404011400924
4,97	-0,244346095279	-2,37558703744	15,891115103
4,98	-0,261799387799	-1,93925472444	16,6991379049
4,99	-0,279252680319	-1,84229198822	0,269340934011
5	-0,296705972839	-1,93925472444	-14,8137513673
5,01	-0,314159265359	-2,37558703744	-6,73352334878
5,02	-0,349065850399	-2,32710566933	24,2406840555
5,03	-0,366519142919	-1,74532925199	40,6704810265
5,04	-0,383972435439	-1,16355283466	24,1060135885
5,05	-0,383972435439	-1,11507146655	-7,54154615068
5,06	-0,401425727959	-1,55140377955	-18,4498539756
5,07	-0,418879020479	-1,69684788388	-7,13753474958
5,08	-0,436332312999	-1,69684788388	7,40687568371
5,09	-0,453785605519	-1,55140377955	20,3352405132
5,1	-0,471238898038	-1,11507146655	16,8338083717
5,11	-0,471238898038	-1,06659009844	0,6733523348
5,12	-0,488692190558	-1,35747830711	5,52148914604
5,13	-0,506145483078	-1,01810873033	16,9684788389
5,14	-0,506145483078	-0,872664625996	16,429796971
5,15	-0,523598775598	-0,727220521663	16,9684788388
5,16	-0,523598775598	-0,387850944887	5,52148914597
5,17	-0,523598775598	-0,678739153552	0,5386818679
5,18	-0,541052068118	-0,630257785441	16,02578557
5,19	-0,541052068118	-0,193925472444	16,8338083718
5,2	-0,541052068118	-0,0969627362218	1,0773637358
5,21	-0,541052068118	-0,193925472444	-11,1776487589
5,22	-0,541052068118	-0,581776417331	0,538681867899
5,23	-0,558505360638	-0,436332312998	32,7249234748
5,24	-0,558505360638	0,436332312998	32,7249234748
5,25	-0,541052068118	0,581776417331	0,538681867899
5,26	-0,541052068118	0,193925472444	-11,0429782919
5,27	-0,541052068118	0,0969627362218	1,88538653765
5,28	-0,541052068118	0,193925472444	20,6045814471
5,29	-0,541052068118	0,678739153552	24,1060135885
5,3	-0,523598775598	0,824183257885	12,6590238956
5,31	-0,523598775598	0,872664625996	4,84813681109
5,32	-0,506145483078	0,872664625996	1,7507160707
5,33	-0,506145483078	0,872664625996	3,90544354234
5,34	-0,488692190558	0,921145994108	8,21489848559
5,35	-0,488692190558	1,01810873033	13,1977057636
5,36	-0,471238898038	1,35747830711	4,71346634404
5,37	-0,453785605519	1,06659009844	0,538681867796
5,38	-0,453785605519	1,11507146655	16,8338083718
5,39	-0,436332312999	1,55140377955	20,3352405133
5,4	-0,418879020479	1,69684788388	7,54154615066
5,41	-0,401425727959	1,69684788388	-6,32951194788
5,42	-0,383972435439	1,55140377955	-14,8137513673
5,43	-0,366519142919	1,16355283466	-0,269340933949
5,44	-0,366519142919	1,308996939	32,590253008
5,45	-0,349065850399	2,18166156499	32,590253008
5,46	-0,314159265359	2,32710566933	-0,269340934
5,47	-0,296705972839	1,93925472444	-14,8137513673
5,48	-0,279252680319	1,7938106201	-6,32951194775
5,49	-0,261799387799	1,79381062011	7,40687568369
5,5	-0,244346095279	1,93925472444	19,5272177113
5,51	-0,226892802759	2,37558703744	13,0630352965
5,52	-0,191986217719	2,37558703744	-7,67621661755
5,53	-0,174532925199	1,98773609255	-8,34956895251
5,54	-0,157079632679	1,98773609255	9,42693268817
5,55	-0,13962634016	2,37558703743	12,2550124948
5,56	-0,10471975512	2,42406840555	-1,34670466967
5,57	-0,0872664625997	2,13318019688	-7,89985361078E-012
5,58	-0,0698131700798	2,42406840555	1,34670466975
5,59	-0,0349065850399	2,37558703744	-12,2550124947
5,6	-0,0174532925199	1,98773609255	-9,29226222129
5,61	0	1,98773609255	9,29226222125
5,62	0,0174532925199	2,37558703744	12,2550124947
5,63	0,0523598775599	2,42406840555	-1,21203420285
5,64	0,0698131700798	2,13318019688	0,808022801788
5,65	0,0872664625997	2,42406840555	4,98280727812
5,66	0,12217304764	2,42406840555	-4,98280727798
5,67	0,13962634016	2,13318019688	-0,942693268832
5,68	0,157079632679	2,42406840555	0,269340933948
5,69	0,191986217719	2,37558703744	-16,6991379049
5,7	0,209439510239	1,93925472444	-20,3352405133
5,71	0,226892802759	1,7938106201	-7,40687568372
5,72	0,244346095279	1,7938106201	7,27220521663
5,73	0,261799387799	1,93925472444	19,3925472445
5,74	0,279252680319	2,37558703744	12,1203420278
5,75	0,314159265359	2,37558703744	-12,2550124947
5,76	0,331612557879	1,93925472444	-20,4699109802
5,77	0,349065850399	1,79381062011	-12,7936943626
5,78	0,366519142919	1,745329252	-9,15759175438
5,79	0,383972435439	1,69684788388	-12,7936943627
5,8	0,401425727959	1,55140377955	-20,6045814471
5,81	0,418879020479	1,11507146655	-13,1977057634
5,82	0,418879020479	1,11507146655	7,67621661763
5,83	0,436332312999	1,50292241144	8,34956895235
5,84	0,453785605519	1,50292241144	-9,42693268836
5,85	0,471238898038	1,11507146655	-12,3896829617
5,86	0,471238898038	1,06659009844	0,404011400924
5,87	0,488692190558	1,35747830711	-4,57879587707
5,88	0,506145483078	1,01810873033	-13,3323762304
5,89	0,506145483078	0,921145994111	-9,1575917542
5,9	0,523598775598	0,872664626	-8,34956895251
5,91	0,523598775598	0,824183257886	-12,6590238958
5,92	0,541052068118	0,678739153553	-20,6045814472
5,93	0,541052068118	0,242406840554	-13,1977057635
5,94	0,541052068118	0,242406840554	7,54154615058
5,95	0,541052068118	0,630257785441	7,54154615058
5,96	0,558505360638	0,630257785441	-13,1977057635
5,97	0,558505360638	0,193925472444	-20,6045814471
5,98	0,558505360638	0,0484813681109	-12,7936943626
5,99	0,558505360638	0	-9,15759175428
6	0,558505360638	-0,0484813681109	-12,9283648296
6,01	0,558505360638	-0,193925472444	-21,412604249
6,02	0,558505360638	-0,630257785441	-16,8338083718
6,03	0,541052068118	-0,678739153552	0,269340933948
6,04	0,541052068118	-0,387850944887	-1,0773637358
6,05	0,541052068118	-0,678739153552	-5,92550054692
6,06	0,523598775598	-0,678739153553	0,269340933872
6,07	0,523598775598	-0,436332312999	-11,8510010939
6,08	0,523598775598	-0,872664626	-25,3180477913
6,09	0,506145483078	-1,308996939	-8,34956895235
6,1	0,488692190558	-1,01810873033	7,54154615071
6,11	0,488692190558	-0,921145994107	2,55873887259
6,12	0,471238898038	-0,921145994107	-9,15759175428
6,13	0,471238898038	-1,06659009844	-24,2406840555
6,14	0,453785605519	-1,55140377955	-24,9140363904
6,15	0,436332312999	-1,69684788388	-12,7936943627
6,16	0,418879020479	-1,745329252	-4,71346634406
6,17	0,401425727959	-1,74532925199	-0,942693268767
6,18	0,383972435439	-1,74532925199	-0,134670467031
6,19	0,366519142919	-1,745329252	-5,61427447742E-011
6,2	0,349065850399	-1,745329252	5,61427447742E-011
6,21	0,331612557879	-1,74532925199	5,61427447742E-011
6,22	0,314159265359	-1,74532925199	-0,134670467031
6,23	0,296705972839	-1,745329252	-0,942693268879
6,24	0,279252680319	-1,745329252	-4,57879587708
6,25	0,261799387799	-1,7938106201	-11,8510010937
6,26	0,244346095279	-1,93925472444	-20,4699109802
6,27	0,226892802759	-2,37558703744	-13,1977057636
6,28	0,191986217719	-2,37558703744	7,67621661761
6,29	0,174532925199	-1,98773609255	8,34956895249
6,3	0,157079632679	-1,98773609255	-9,42693268829
6,31	0,13962634016	-2,37558703744	-12,2550124948
6,32	0,10471975512	-2,42406840555	1,34670466976
6,33	0,0872664625997	-2,13318019688	0
6,34	0,0698131700798	-2,42406840555	-1,34670466976
6,35	0,0349065850398	-2,37558703744	12,2550124948
6,36	0,0174532925199	-1,98773609255	9,29226222131
6,37	0	-1,98773609255	-9,29226222131
6,38	-0,0174532925199	-2,37558703744	-12,2550124948
6,39	-0,0523598775599	-2,42406840555	1,34670466976
6,4	-0,0698131700798	-2,13318019688	0,134670466975
6,41	-0,0872664625997	-2,42406840555	-0,538681867907
6,42	-0,12217304764	-2,37558703744	15,8911151031
6,43	-0,13962634016	-1,93925472444	16,6991379049
6,44	-0,157079632679	-1,84229198822	0,134670466914
6,45	-0,174532925199	-1,93925472444	-15,7564446361
6,46	-0,191986217719	-2,37558703744	-11,3123192259
6,47	-0,226892802759	-2,37558703744	12,3896829617
6,48	-0,244346095279	-1,93925472444	20,3352405132
6,49	-0,261799387799	-1,79381062011	11,8510010939
6,5	-0,279252680319	-1,74532925199	4,5787958772
6,51	-0,296705972839	-1,74532925199	0,942693268768
6,52	-0,314159265359	-1,745329252	0,134670466924
6,53	-0,331612557879	-1,745329252	0,134670467055
6,54	-0,349065850399	-1,74532925199	0,942693268926
6,55	-0,366519142919	-1,74532925199	4,57879587714
6,56	-0,383972435439	-1,69684788388	11,9856715606
6,57	-0,401425727959	-1,55140377955	21,2779337819
6,58	-0,418879020479	-1,11507146655	16,9684788389
6,59	-0,418879020479	-1,06659009844	0,53868186803
6,6	-0,436332312999	-1,35747830711	4,71346634418
6,61	-0,453785605519	-1,01810873033	13,1977057635
6,62	-0,453785605519	-0,921145994107	8,21489848538
6,63	-0,471238898038	-0,872664625997	3,90544354213
6,64	-0,471238898038	-0,872664626	1,75071607059
6,65	-0,488692190558	-0,872664626	4,71346634419
6,66	-0,488692190558	-0,824183257886	11,8510010939
6,67	-0,506145483078	-0,678739153553	20,4699109802
6,68	-0,506145483078	-0,242406840554	13,1977057635
6,69	-0,506145483078	-0,242406840554	-7,54154615058
6,7	-0,506145483078	-0,630257785441	-7,40687568361
6,71	-0,523598775598	-0,630257785441	14,1403990323
6,72	-0,523598775598	-0,193925472444	25,0487068573
6,73	-0,523598775598	0	23,7020021875
6,74	-0,523598775598	0,193925472444	25,0487068573
6,75	-0,523598775598	0,630257785441	14,1403990323
6,76	-0,506145483078	0,630257785441	-7,54154615058
6,77	-0,506145483078	0,242406840554	-8,34956895243
6,78	-0,506145483078	0,242406840554	9,42693268823
6,79	-0,506145483078	0,630257785441	12,3896829617
6,8	-0,488692190558	0,678739153553	-0,269340933872
6,81	-0,488692190558	0,387850944888	5,38681867912
6,82	-0,488692190558	0,727220521667	16,9684788389
6,83	-0,471238898038	0,872664626	16,4297969708
6,84	-0,471238898038	1,01810873033	16,8338083717
6,85	-0,453785605519	1,35747830711	4,57879587709
6,86	-0,436332312999	1,06659009844	-3,90544354222
6,87	-0,436332312999	1,06659009844	5,11747774516
6,88	-0,418879020479	1,35747830711	0,942693268902
6,89	-0,401425727959	1,06659009844	-0,269340934028
6,9	-0,401425727959	1,11507146655	16,8338083717
6,91	-0,383972435439	1,55140377955	21,277933782
6,92	-0,366519142919	1,69684788388	11,9856715608
6,93	-0,349065850399	1,74532925199	4,57879587727
6,94	-0,331612557879	1,745329252	0,942693268908
6,95	-0,314159265359	1,745329252	0,134670466925
6,96	-0,296705972839	1,74532925199	0,13467046692
6,97	-0,279252680319	1,74532925199	0,942693268884
6,98	-0,261799387799	1,745329252	4,57879587722
6,99	-0,244346095279	1,79381062011	11,8510010938
7	-0,226892802759	1,93925472444	20,3352405132
7,01	-0,209439510239	2,37558703744	12,2550124947
7,02	-0,174532925199	2,37558703744	-12,1203420278
7,03	-0,157079632679	1,93925472444	-19,3925472445
7,04	-0,13962634016	1,7938106201	-7,27220521663
7,05	-0,12217304764	1,7938106201	7,27220521674
7,06	-0,10471975512	1,93925472444	19,5272177114
7,07	-0,0872664625997	2,37558703744	13,0630352965
7,08	-0,0523598775599	2,37558703744	-7,67621661755
7,09	-0,0349065850399	1,98773609255	-8,48423941937
7,1	-0,0174532925199	1,98773609255	8,61890988635
7,11	0	2,37558703744	8,61890988637
7,12	0,0349065850398	2,37558703744	-8,61890988637
7,13	0,0523598775599	1,98773609255	-8,61890988646
7,14	0,0698131700798	1,98773609255	8,48423941934
7,15	0,0872664625997	2,37558703743	7,67621661761
7,16	0,12217304764	2,37558703744	-13,0630352965
7,17	0,13962634016	1,93925472444	-19,5272177114
7,18	0,157079632679	1,7938106201	-7,27220521669
7,19	0,174532925199	1,7938106201	7,27220521669
7,2	0,191986217719	1,93925472444	19,3925472444
7,21	0,209439510239	2,37558703744	12,1203420277
7,22	0,244346095279	2,37558703743	-12,2550124948
7,23	0,261799387799	1,93925472444	-20,3352405131
7,24	0,279252680319	1,79381062011	-11,8510010937
7,25	0,296705972839	1,745329252	-4,71346634417
7,26	0,314159265359	1,74532925199	-1,8853865377
7,27	0,331612557879	1,74532925199	-4,71346634406
7,28	0,349065850399	1,69684788388	-11,8510010937
7,29	0,366519142919	1,55140377955	-20,4699109802
7,3	0,383972435439	1,11507146655	-13,1977057636
7,31	0,383972435439	1,11507146655	7,67621661756
7,32	0,401425727959	1,50292241144	8,34956895253
7,33	0,418879020479	1,50292241144	-9,42693268815
7,34	0,436332312999	1,11507146655	-12,3896829618
7,35	0,436332312999	1,06659009844	0,269340933817
7,36	0,453785605519	1,35747830711	-5,38681867906
7,37	0,471238898038	1,01810873033	-16,9684788388
7,38	0,471238898038	0,872664625996	-16,4297969709
7,39	0,488692190558	0,727220521663	-16,8338083718
7,4	0,488692190558	0,387850944887	-4,57879587713
7,41	0,488692190558	0,678739153552	3,9054435423
7,42	0,506145483078	0,678739153553	-5,11747774496
7,43	0,506145483078	0,387850944888	-0,94269326869
7,44	0,506145483078	0,678739153556	0,269340934029
7,45	0,523598775598	0,630257785446	-16,8338083719
7,46	0,523598775598	0,193925472445	-21,2779337821
7,47	0,523598775598	0,0484813681112	-12,1203420278
7,48	0,523598775598	0	-5,521489146
7,49	0,523598775598	0	-5,521489146
7,5	0,523598775598	-0,0484813681112	-12,1203420278
7,51	0,523598775598	-0,193925472445	-21,2779337821
7,52	0,523598775598	-0,630257785446	-16,8338083719
7,53	0,506145483078	-0,678739153556	0,269340934029
7,54	0,506145483078	-0,387850944888	-0,94269326869
7,55	0,506145483078	-0,678739153553	-5,11747774496
7,56	0,488692190558	-0,678739153552	3,9054435423
7,57	0,488692190558	-0,387850944887	-4,57879587713
7,58	0,488692190558	-0,727220521663	-16,8338083718
7,59	0,471238898038	-0,872664625996	-16,4297969709
7,6	0,471238898038	-1,01810873033	-16,9684788388
7,61	0,453785605519	-1,35747830711	-5,38681867906
7,62	0,436332312999	-1,06659009844	0,269340933817
7,63	0,436332312999	-1,11507146655	-12,3896829618
7,64	0,418879020479	-1,50292241144	-9,42693268815
7,65	0,401425727959	-1,50292241144	8,34956895253
7,66	0,383972435439	-1,11507146655	7,67621661756
7,67	0,383972435439	-1,11507146655	-13,1977057636
7,68	0,366519142919	-1,55140377955	-20,4699109802
7,69	0,349065850399	-1,69684788388	-11,8510010937
7,7	0,331612557879	-1,74532925199	-4,57879587708
7,71	0,314159265359	-1,74532925199	-1,07736373585
7,72	0,296705972839	-1,745329252	-1,07736373585
7,73	0,279252680319	-1,745329252	-4,57879587708
7,74	0,261799387799	-1,7938106201	-11,8510010937
7,75	0,244346095279	-1,93925472444	-20,3352405132
7,76	0,226892802759	-2,37558703744	-12,2550124948
7,77	0,191986217719	-2,37558703744	12,1203420278
7,78	0,174532925199	-1,93925472444	19,3925472444
7,79	0,157079632679	-1,7938106201	7,27220521658
7,8	0,13962634016	-1,79381062011	-7,27220521669
7,81	0,12217304764	-1,93925472444	-19,5272177113
7,82	0,10471975512	-2,37558703743	-13,0630352965
7,83	0,0698131700798	-2,37558703743	7,6762166175
7,84	0,0523598775599	-1,98773609255	8,48423941932
7,85	0,0349065850398	-1,98773609255	-8,4842394194
7,86	0,0174532925199	-2,37558703744	-7,81088708453
7,87	-0,0174532925199	-2,37558703744	12,2550124947
7,88	-0,0349065850399	-1,93925472444	15,8911151031
7,89	-0,0523598775599	-1,84229198822	6,14101362354E-011
7,9	-0,0698131700798	-1,93925472444	-15,7564446361
7,91	-0,0872664625997	-2,37558703744	-11,3123192259
7,92	-0,12217304764	-2,37558703744	12,3896829617
7,93	-0,13962634016	-1,93925472444	20,2005700463
7,94	-0,157079632679	-1,7938106201	10,9083078249
7,95	-0,174532925199	-1,745329252	-7,98281194234E-011
7,96	-0,191986217719	-1,79381062011	-10,9083078249
7,97	-0,209439510239	-1,93925472444	-20,0658995792
7,98	-0,226892802759	-2,37558703744	-11,3123192259
7,99	-0,261799387799	-2,37558703744	16,8338083719
8	-0,279252680319	-1,89077335633	32,1862416071
8,01	-0,296705972839	-1,59988514766	32,1862416069
8,02	-0,314159265359	-1,11507146655	16,9684788387
8,03	-0,314159265359	-1,11507146655	-10,3696259571
8,04	-0,331612557879	-1,55140377955	-15,621774169
8,05	-0,349065850399	-1,64836651577	0,134670467101
8,06	-0,366519142919	-1,55140377955	16,6991379049
8,07	-0,383972435439	-1,11507146655	16,0257855699
8,08	-0,383972435439	-1,06659009844	0,404011400798
8,09	-0,401425727959	-1,35747830711	4,71346634403
8,1	-0,418879020479	-1,01810873033	13,1977057636
8,11	-0,418879020479	-0,921145994108	8,21489848559
8,12	-0,436332312999	-0,872664625996	3,90544354234
8,13	-0,436332312999	-0,872664625996	1,61604560373
8,14	-0,453785605519	-0,872664625996	3,90544354227
8,15	-0,453785605519	-0,824183257885	8,21489848543
8,16	-0,471238898038	-0,727220521664	13,1977057634
8,17	-0,471238898038	-0,387850944888	4,71346634398
8,18	-0,471238898038	-0,678739153556	0,538681867819
8,19	-0,488692190558	-0,630257785446	16,9684788389
8,2	-0,488692190558	-0,193925472445	21,2779337821
8,21	-0,488692190558	-0,0484813681112	12,1203420278
8,22	-0,488692190558	0	5,521489146
8,23	-0,488692190558	0	5,521489146
8,24	-0,488692190558	0,0484813681112	11,9856715608
8,25	-0,488692190558	0,193925472445	20,4699109803
8,26	-0,488692190558	0,630257785446	13,1977057636
8,27	-0,471238898038	0,630257785446	-7,54154615066
8,28	-0,471238898038	0,242406840556	-7,54154615071
8,29	-0,471238898038	0,242406840555	13,1977057634
8,3	-0,471238898038	0,678739153552	20,4699109801
8,31	-0,453785605519	0,824183257885	11,8510010938
8,32	-0,453785605519	0,872664625996	4,71346634412
8,33	-0,436332312999	0,872664625996	1,7507160707
8,34	-0,436332312999	0,872664625996	3,90544354234
8,35	-0,418879020479	0,921145994108	8,21489848559
8,36	-0,418879020479	1,01810873033	13,1977057636
8,37	-0,401425727959	1,35747830711	4,71346634403
8,38	-0,383972435439	1,06659009844	0,404011400798
8,39	-0,383972435439	1,11507146655	16,0257855699
8,4	-0,366519142919	1,55140377955	16,6991379049
8,41	-0,349065850399	1,64836651577	0,134670467101
8,42	-0,331612557879	1,55140377955	-15,756444636
8,43	-0,314159265359	1,11507146655	-11,3123192259
8,44	-0,314159265359	1,11507146655	12,3896829616
8,45	-0,296705972839	1,55140377955	20,4699109802
8,46	-0,279252680319	1,69684788388	12,7936943627
8,47	-0,261799387799	1,745329252	9,15759175438
8,48	-0,244346095279	1,79381062011	12,7936943626
8,49	-0,226892802759	1,93925472444	20,4699109802
8,5	-0,209439510239	2,37558703744	12,2550124947
8,51	-0,174532925199	2,37558703744	-12,2550124948
8,52	-0,157079632679	1,93925472444	-20,3352405133
8,53	-0,13962634016	1,7938106201	-11,7163306268
8,54	-0,12217304764	1,74532925199	-3,63610260821
8,55	-0,10471975512	1,745329252	3,63610260842
8,56	-0,0872664625997	1,79381062011	11,7163306268
8,57	-0,0698131700798	1,93925472444	20,3352405132
8,58	-0,0523598775599	2,37558703744	12,2550124947
8,59	-0,0174532925199	2,37558703744	-12,1203420278
8,6	0	1,93925472444	-19,3925472444
8,61	0,0174532925199	1,7938106201	-7,27220521658
8,62	0,0349065850398	1,79381062011	7,27220521669
8,63	0,0523598775599	1,93925472444	19,3925472443
8,64	0,0698131700798	2,37558703743	12,1203420277
8,65	0,10471975512	2,37558703743	-12,2550124946
8,66	0,12217304764	1,93925472444	-20,3352405131
8,67	0,13962634016	1,79381062011	-11,8510010938
8,68	0,157079632679	1,74532925199	-4,5787958772
8,69	0,174532925199	1,74532925199	-0,942693268767
8,7	0,191986217719	1,745329252	-0,134670466924
8,71	0,209439510239	1,745329252	-7,98268858423E-011
8,72	0,226892802759	1,74532925199	-1,03514110863E-010
8,73	0,244346095279	1,74532925199	0
8,74	0,261799387799	1,74532925199	1,03514110863E-010
8,75	0,279252680319	1,745329252	-0,134670466895
8,76	0,296705972839	1,745329252	-0,942693268874
8,77	0,314159265359	1,74532925199	-4,57879587719
8,78	0,331612557879	1,69684788388	-11,9856715607
8,79	0,349065850399	1,55140377955	-21,2779337819
8,8	0,366519142919	1,11507146655	-16,8338083719
8,81	0,366519142919	1,06659009844	0,269340933822
8,82	0,383972435439	1,35747830711	-0,94269326887
8,83	0,401425727959	1,06659009844	-5,11747774499
8,84	0,401425727959	1,06659009844	4,04011400937
8,85	0,418879020479	1,35747830711	-3,77077307521
8,86	0,436332312999	1,01810873033	-13,1977057636
8,87	0,436332312999	0,921145994108	-9,15759175441
8,88	0,453785605519	0,872664625996	-8,34956895251
8,89	0,453785605519	0,824183257885	-12,6590238956
8,9	0,471238898038	0,678739153552	-20,6045814471
8,91	0,471238898038	0,242406840554	-13,1977057635
8,92	0,471238898038	0,242406840554	7,54154615058
8,93	0,471238898038	0,630257785441	7,54154615058
8,94	0,488692190558	0,630257785441	-13,1977057635
8,95	0,488692190558	0,193925472444	-20,4699109802
8,96	0,488692190558	0,0484813681109	-11,8510010938
8,97	0,488692190558	0	-4,57879587714
8,98	0,488692190558	0	-1,0773637358
8,99	0,488692190558	0	-1,0773637358
9	0,488692190558	0	-4,57879587714
9,01	0,488692190558	-0,0484813681109	-11,9856715607
9,02	0,488692190558	-0,193925472444	-21,277933782
9,03	0,488692190558	-0,630257785441	-16,9684788388
9,04	0,471238898038	-0,678739153552	-0,538681867899
9,05	0,471238898038	-0,387850944887	-4,71346634411
9,06	0,471238898038	-0,727220521663	-13,1977057635
9,07	0,453785605519	-0,824183257885	-8,21489848549
9,08	0,453785605519	-0,872664625996	-3,90544354234
9,09	0,436332312999	-0,872664625997	-1,7507160708
9,1	0,436332312999	-0,872664626	-4,71346634419
9,11	0,418879020479	-0,921145994111	-11,8510010937
9,12	0,418879020479	-1,06659009844	-20,46991098
9,13	0,401425727959	-1,50292241144	-13,1977057635
9,14	0,383972435439	-1,50292241144	7,54154615053
9,15	0,366519142919	-1,11507146655	7,54154615045
9,16	0,366519142919	-1,11507146655	-13,1977057636
9,17	0,349065850399	-1,55140377955	-20,4699109801
9,18	0,331612557879	-1,69684788388	-11,8510010937
9,19	0,314159265359	-1,74532925199	-4,57879587719
9,2	0,296705972839	-1,745329252	-0,942693268874
9,21	0,279252680319	-1,745329252	-0,134670466895
9,22	0,261799387799	-1,74532925199	1,03514110863E-010
9,23	0,244346095279	-1,74532925199	0
9,24	0,226892802759	-1,74532925199	-1,03514110863E-010
9,25	0,209439510239	-1,745329252	-7,98268858423E-011
9,26	0,191986217719	-1,745329252	5,08796708469E-011
9,27	0,174532925199	-1,74532925199	-0,134670466919
9,28	0,157079632679	-1,74532925199	-0,942693268879
9,29	0,13962634016	-1,745329252	-4,5787958772
9,3	0,12217304764	-1,79381062011	-11,8510010937
9,31	0,10471975512	-1,93925472444	-20,3352405131
9,32	0,0872664625997	-2,37558703743	-12,2550124948
9,33	0,0523598775599	-2,37558703744	12,2550124946
9,34	0,0349065850398	-1,93925472444	20,2005700463
9,35	0,0174532925199	-1,7938106201	10,908307825
9,36	0	-1,74532925199	-6,14119866071E-011
9,37	-0,0174532925199	-1,79381062011	-10,908307825
9,38	-0,0349065850399	-1,93925472444	-20,2005700462
9,39	-0,0523598775599	-2,37558703744	-12,2550124947
9,4	-0,0872664625997	-2,37558703744	12,2550124947
9,41	-0,10471975512	-1,93925472444	20,3352405133
9,42	-0,12217304764	-1,7938106201	11,8510010939
9,43	-0,13962634016	-1,74532925199	4,57879587714
9,44	-0,157079632679	-1,74532925199	0,942693268719
9,45	-0,174532925199	-1,745329252	0,134670466895
9,46	-0,191986217719	-1,745329252	5,08796708469E-011
9,47	-0,209439510239	-1,74532925199	5,52656685847E-011
9,48	-0,226892802759	-1,74532925199	-5,61427447742E-011
9,49	-0,244346095279	-1,745329252	0,134670466919
9,5	-0,261799387799	-1,745329252	0,942693268879
9,51	-0,279252680319	-1,74532925199	4,5787958772
9,52	-0,296705972839	-1,69684788388	11,9856715607
9,53	-0,314159265359	-1,55140377955	21,2779337819
9,54	-0,331612557879	-1,11507146655	16,8338083719
9,55	-0,331612557879	-1,06659009844	-0,269340933816
9,56	-0,349065850399	-1,35747830711	0,942693268899
9,57	-0,366519142919	-1,06659009844	5,11747774506
9,58	-0,366519142919	-1,06659009844	-3,90544354229
9,59	-0,383972435439	-1,35747830711	4,57879587706
9,6	-0,401425727959	-1,01810873033	16,8338083717
9,61	-0,401425727959	-0,872664626	16,4297969708
9,62	-0,418879020479	-0,727220521667	16,8338083719
9,63	-0,418879020479	-0,387850944888	4,57879587727
9,64	-0,418879020479	-0,678739153553	-3,90544354219
9,65	-0,436332312999	-0,678739153552	5,11747774507
9,66	-0,436332312999	-0,387850944887	0,942693268829
9,67	-0,436332312999	-0,678739153552	-0,269340933948
9,68	-0,453785605519	-0,630257785441	16,8338083718
9,69	-0,453785605519	-0,193925472444	21,277933782
9,7	-0,453785605519	-0,0484813681109	11,9856715607
9,71	-0,453785605519	0	4,71346634411
9,72	-0,453785605519	0	1,88538653765
9,73	-0,453785605519	0	4,71346634411
9,74	-0,453785605519	0,0484813681109	11,8510010938
9,75	-0,453785605519	0,193925472444	20,4699109802
9,76	-0,453785605519	0,630257785441	13,1977057635
9,77	-0,436332312999	0,630257785441	-7,54154615058
9,78	-0,436332312999	0,242406840554	-7,54154615058
9,79	-0,436332312999	0,242406840554	13,1977057635
9,8	-0,436332312999	0,678739153553	20,4699109802
9,81	-0,418879020479	0,824183257886	11,8510010939
9,82	-0,418879020479	0,872664626	4,71346634419
9,83	-0,401425727959	0,872664626	1,75071607059
9,84	-0,401425727959	0,872664625997	3,90544354213
9,85	-0,383972435439	0,921145994107	8,21489848538
9,86	-0,383972435439	1,01810873033	13,1977057635
9,87	-0,366519142919	1,3574783071	4,57879587716
9,88	-0,349065850399	1,06659009844	-0,404011400848
9,89	-0,349065850399	1,11507146655	12,3896829618
9,9	-0,331612557879	1,50292241144	9,42693268831
9,91	-0,314159265359	1,50292241144	-8,3495689525
9,92	-0,296705972839	1,11507146655	-7,67621661766
9,93	-0,296705972839	1,11507146655	13,1977057635
9,94	-0,279252680319	1,55140377955	20,4699109803
9,95	-0,261799387799	1,69684788388	11,8510010939
9,96	-0,244346095279	1,745329252	4,57879587709
9,97	-0,226892802759	1,74532925199	0,942693268767
9,98	-0,209439510239	1,74532925199	0,13467046703
9,99	-0,191986217719	1,745329252	5,08796708469E-011
10	-0,174532925199	1,745329252	-7,98268858423E-011
10,01	-0,157079632679	1,74532925199	-1,03514110863E-010
10,02	-0,13962634016	1,74532925199	0
10,03	-0,12217304764	1,74532925199	0,134670467078
10,04	-0,10471975512	1,745329252	0,942693268903
10,05	-0,0872664625997	1,745329252	4,57879587709
10,06	-0,0698131700798	1,7938106201	11,8510010937
10,07	-0,0523598775599	1,93925472444	20,3352405132
10,08	-0,0349065850399	2,37558703744	12,2550124948
10,09	0	2,37558703744	-12,2550124947
10,1	0,0174532925199	1,93925472444	-20,3352405132
10,11	0,0349065850398	1,79381062011	-11,8510010938
10,12	0,0523598775599	1,745329252	-4,57879587724
10,13	0,0698131700798	1,74532925199	-0,942693268932
10,14	0,0872664625997	1,74532925199	-0,134670466976
10,15	0,10471975512	1,74532925199	1,03514110863E-010
10,16	0,12217304764	1,745329252	7,98268858423E-011
10,17	0,13962634016	1,745329252	-5,08796708469E-011
10,18	0,157079632679	1,74532925199	-5,52656685847E-011
10,19	0,174532925199	1,74532925199	5,52656685847E-011
10,2	0,191986217719	1,745329252	5,08796708469E-011
10,21	0,209439510239	1,745329252	-7,98268858423E-011
10,22	0,226892802759	1,74532925199	-0,134670467078
10,23	0,244346095279	1,74532925199	-0,942693268823
10,24	0,261799387799	1,74532925199	-4,57879587704
10,25	0,279252680319	1,69684788388	-11,8510010937
10,26	0,296705972839	1,55140377955	-20,4699109802
10,27	0,314159265359	1,11507146655	-13,1977057636
10,28	0,314159265359	1,11507146655	7,54154615058
10,29	0,331612557879	1,50292241144	7,54154615068
10,3	0,349065850399	1,50292241144	-13,0630352965
10,31	0,366519142919	1,06659009844	-19,6618881784
10,32	0,366519142919	0,921145994108	-8,21489848559
10,33	0,383972435439	0,921145994107	2,69340933942
10,34	0,383972435439	1,01810873033	7,54154615056
10,35	0,401425727959	1,30899693899	-8,34956895241
10,36	0,418879020479	0,872664625996	-25,3180477912
10,37	0,418879020479	0,436332312999	-11,8510010936
10,38	0,418879020479	0,678739153556	0,269340934029
10,39	0,436332312999	0,678739153556	-5,92550054697
10,4	0,436332312999	0,387850944888	-1,07736373593
10,41	0,436332312999	0,678739153553	0,269340933872
10,42	0,453785605519	0,630257785441	-16,8338083719
10,43	0,453785605519	0,193925472444	-21,277933782
10,44	0,453785605519	0,0484813681109	-11,9856715607
10,45	0,453785605519	0	-4,57879587714
10,46	0,453785605519	0	-0,942693268823
10,47	0,453785605519	0	-0,134670466975
10,48	0,453785605519	0	-0,134670466975
10,49	0,453785605519	0	-0,942693268823
10,5	0,453785605519	0	-4,57879587714
10,51	0,453785605519	-0,0484813681109	-11,9856715607
10,52	0,453785605519	-0,193925472444	-21,277933782
10,53	0,453785605519	-0,630257785441	-16,9684788388
10,54	0,436332312999	-0,678739153553	-0,538681867976
10,55	0,436332312999	-0,387850944888	-4,71346634425
10,56	0,436332312999	-0,727220521667	-13,3323762306
10,57	0,418879020479	-0,824183257889	-9,02292128722
10,58	0,418879020479	-0,872664625997	-7,54154615045
10,59	0,401425727959	-0,921145994107	-9,02292128723
10,6	0,401425727959	-1,01810873033	-13,1977057635
10,61	0,383972435439	-1,35747830711	-3,77077307536
10,62	0,366519142919	-1,06659009844	4,04011400911
10,63	0,366519142919	-1,06659009844	-5,11747774512
10,64	0,349065850399	-1,35747830711	-0,942693268749
10,65	0,331612557879	-1,06659009844	0,269340934052
10,66	0,331612557879	-1,11507146655	-16,6991379049
10,67	0,314159265359	-1,55140377955	-20,3352405133
10,68	0,296705972839	-1,69684788388	-7,40687568368
10,69	0,279252680319	-1,69684788388	7,27220521671
10,7	0,261799387799	-1,55140377955	19,3925472445
10,71	0,244346095279	-1,11507146655	12,1203420278
10,72	0,244346095279	-1,11507146655	-12,2550124947
10,73	0,226892802759	-1,55140377955	-20,4699109803
10,74	0,209439510239	-1,69684788388	-12,7936943627
10,75	0,191986217719	-1,745329252	-9,15759175423
10,76	0,174532925199	-1,7938106201	-12,7936943625
10,77	0,157079632679	-1,93925472444	-20,4699109802
10,78	0,13962634016	-2,37558703744	-12,2550124948
10,79	0,10471975512	-2,37558703744	12,2550124948
10,8	0,0872664625997	-1,93925472444	20,3352405132
10,81	0,0698131700798	-1,7938106201	11,8510010937
10,82	0,0523598775599	-1,745329252	4,57879587708
10,83	0,0349065850398	-1,745329252	0,942693268879
10,84	0,0174532925199	-1,74532925199	0,134670467031
10,85	0	-1,74532925199	-5,61427447742E-011
10,86	-0,0174532925199	-1,745329252	-5,61427447742E-011
10,87	-0,0349065850399	-1,745329252	5,61427447742E-011
10,88	-0,0523598775599	-1,74532925199	5,61427447742E-011
10,89	-0,0698131700798	-1,74532925199	-5,52656685847E-011
10,9	-0,0872664625997	-1,745329252	-5,08796708469E-011
10,91	-0,10471975512	-1,745329252	7,98268858423E-011
10,92	-0,12217304764	-1,74532925199	1,03514110863E-010
10,93	-0,13962634016	-1,74532925199	0
10,94	-0,157079632679	-1,74532925199	-1,03514110863E-010
10,95	-0,174532925199	-1,745329252	-7,98268858423E-011
10,96	-0,191986217719	-1,745329252	5,08796708469E-011
10,97	-0,209439510239	-1,74532925199	0,13467046703
10,98	-0,226892802759	-1,74532925199	0,942693268767
10,99	-0,244346095279	-1,745329252	4,57879587709
11	-0,261799387799	-1,69684788388	11,9856715608
11,01	-0,279252680319	-1,55140377955	21,2779337821
11,02	-0,296705972839	-1,11507146655	16,8338083718
11,03	-0,296705972839	-1,06659009844	-0,269340934052
11,04	-0,314159265359	-1,35747830711	0,942693268749
11,05	-0,331612557879	-1,06659009844	5,11747774512
11,06	-0,331612557879	-1,06659009844	-3,90544354213
11,07	-0,349065850399	-1,35747830711	4,57879587722
11,08	-0,366519142919	-1,01810873033	16,8338083719
11,09	-0,366519142919	-0,872664625996	16,4297969709
11,1	-0,383972435439	-0,727220521663	16,8338083718
11,11	-0,383972435439	-0,387850944887	4,57879587713
11,12	-0,383972435439	-0,678739153552	-3,9054435423
11,13	-0,401425727959	-0,678739153553	5,11747774496
11,14	-0,401425727959	-0,387850944888	0,94269326869
11,15	-0,401425727959	-0,678739153556	-0,269340934029
11,16	-0,418879020479	-0,630257785446	16,8338083719
11,17	-0,418879020479	-0,193925472445	21,2779337821
11,18	-0,418879020479	-0,0484813681112	11,9856715608
11,19	-0,418879020479	0	4,57879587717
11,2	-0,418879020479	0	0,942693268829
11,21	-0,418879020479	0	0,269340933951
11,22	-0,418879020479	0	0,942693268829
11,23	-0,418879020479	0	4,57879587717
11,24	-0,418879020479	0,0484813681112	11,9856715608
11,25	-0,418879020479	0,193925472445	21,2779337821
11,26	-0,418879020479	0,630257785446	16,8338083719
11,27	-0,401425727959	0,678739153556	-0,269340934029
11,28	-0,401425727959	0,387850944888	0,94269326869
11,29	-0,401425727959	0,678739153553	5,11747774496
11,3	-0,383972435439	0,678739153552	-4,04011400927
11,31	-0,383972435439	0,387850944887	3,77077307528
11,32	-0,383972435439	0,727220521663	13,1977057635
11,33	-0,366519142919	0,824183257885	9,02292128731
11,34	-0,366519142919	0,872664625996	7,54154615061
11,35	-0,349065850399	0,921145994107	9,02292128738
11,36	-0,349065850399	1,01810873033	13,3323762306
11,37	-0,331612557879	1,35747830711	4,57879587722
11,38	-0,314159265359	1,06659009844	-0,404011401003
11,39	-0,314159265359	1,11507146655	12,3896829615
11,4	-0,296705972839	1,50292241144	9,42693268818
11,41	-0,279252680319	1,50292241144	-8,34956895238
11,42	-0,261799387799	1,11507146655	-7,67621661743
11,43	-0,261799387799	1,11507146655	13,1977057636
11,44	-0,244346095279	1,55140377955	20,4699109801
11,45	-0,226892802759	1,69684788388	11,8510010937
11,46	-0,209439510239	1,74532925199	4,57879587719
11,47	-0,191986217719	1,745329252	0,942693268874
11,48	-0,174532925199	1,745329252	0,134670466895
11,49	-0,157079632679	1,74532925199	-1,03514110863E-010
11,5	-0,13962634016	1,74532925199	0
11,51	-0,12217304764	1,74532925199	1,03514110863E-010
11,52	-0,10471975512	1,745329252	7,98268858423E-011
11,53	-0,0872664625997	1,745329252	-5,08796708469E-011
11,54	-0,0698131700798	1,74532925199	-5,52656685847E-011
11,55	-0,0523598775599	1,74532925199	5,61427447742E-011
11,56	-0,0349065850399	1,745329252	5,61427447742E-011
11,57	-0,0174532925199	1,745329252	-5,61427447742E-011
11,58	0	1,74532925199	-5,61427447742E-011
11,59	0,0174532925199	1,74532925199	5,52656685847E-011
11,6	0,0349065850398	1,745329252	5,08796708469E-011
11,61	0,0523598775599	1,745329252	-7,98268858423E-011
11,62	0,0698131700798	1,74532925199	-1,03514110863E-010
11,63	0,0872664625997	1,74532925199	0
11,64	0,10471975512	1,74532925199	-0,134670466872
11,65	0,12217304764	1,745329252	-0,942693268748
11,66	0,13962634016	1,745329252	-4,57879587721
11,67	0,157079632679	1,69684788388	-11,8510010939
11,68	0,174532925199	1,55140377955	-20,3352405132
11,69	0,191986217719	1,11507146655	-12,2550124946
11,7	0,191986217719	1,11507146655	12,1203420278
11,71	0,209439510239	1,55140377955	19,3925472443
11,72	0,226892802759	1,69684788388	7,27220521651
11,73	0,244346095279	1,69684788388	-7,27220521668
11,74	0,261799387799	1,55140377955	-19,5272177113
11,75	0,279252680319	1,11507146655	-13,0630352964
11,76	0,279252680319	1,11507146655	7,54154615066
11,77	0,296705972839	1,50292241144	7,5415461505
11,78	0,314159265359	1,50292241144	-13,1977057636
11,79	0,331612557879	1,06659009844	-20,4699109802
11,8	0,331612557879	0,921145994107	-11,8510010937
11,81	0,349065850399	0,872664625997	-4,57879587701
11,82	0,349065850399	0,872664626	-0,942693268744
11,83	0,366519142919	0,872664626	-0,269340934029
11,84	0,366519142919	0,872664625997	-0,808022801981
11,85	0,383972435439	0,872664625996	-3,77077307537
11,86	0,383972435439	0,824183257885	-8,21489848549
11,87	0,401425727959	0,727220521663	-13,1977057635
11,88	0,401425727959	0,387850944887	-4,71346634411
11,89	0,401425727959	0,678739153552	-0,538681867899
11,9	0,418879020479	0,630257785441	-16,9684788388
11,91	0,418879020479	0,193925472444	-21,277933782
11,92	0,418879020479	0,0484813681109	-11,9856715607
11,93	0,418879020479	0	-4,57879587714
11,94	0,418879020479	0	-0,942693268823
11,95	0,418879020479	0	-0,134670466975
11,96	0,418879020479	0	0
11,97	0,418879020479	0	-0,134670466975
11,98	0,418879020479	0	-0,942693268823
11,99	0,418879020479	0	-4,57879587714
12	0,418879020479	-0,0484813681109	-11,9856715607
12,01	0,418879020479	-0,193925472444	-21,277933782
12,02	0,418879020479	-0,630257785441	-16,9684788388
12,03	0,401425727959	-0,678739153552	-0,538681867899
12,04	0,401425727959	-0,387850944887	-4,71346634411
12,05	0,401425727959	-0,727220521663	-13,1977057635
12,06	0,383972435439	-0,824183257885	-8,21489848549
12,07	0,383972435439	-0,872664625996	-3,77077307537
12,08	0,366519142919	-0,872664625997	-0,808022801981
12,09	0,366519142919	-0,872664626	-0,269340934029
12,1	0,349065850399	-0,872664626	-0,808022801768
12,11	0,349065850399	-0,872664625997	-3,77077307516
12,12	0,331612557879	-0,921145994107	-8,21489848538
12,13	0,331612557879	-1,01810873033	-13,1977057635
12,14	0,314159265359	-1,35747830711	-4,71346634418
12,15	0,296705972839	-1,06659009844	-0,53868186803
12,16	0,296705972839	-1,11507146655	-16,8338083719
12,17	0,279252680319	-1,55140377955	-20,3352405131
12,18	0,261799387799	-1,69684788388	-7,40687568348
12,19	0,244346095279	-1,69684788388	7,27220521668
12,2	0,226892802759	-1,55140377955	19,3925472443
12,21	0,209439510239	-1,11507146655	12,1203420276
12,22	0,209439510239	-1,11507146655	-12,2550124948
12,23	0,191986217719	-1,55140377955	-20,3352405131
12,24	0,174532925199	-1,69684788388	-11,8510010937
12,25	0,157079632679	-1,74532925199	-4,57879587719
12,26	0,13962634016	-1,745329252	-0,942693268874
12,27	0,12217304764	-1,745329252	-0,134670466895
12,28	0,10471975512	-1,74532925199	1,03514110863E-010
12,29	0,0872664625997	-1,74532925199	0
12,3	0,0698131700798	-1,74532925199	-1,03514110863E-010
12,31	0,0523598775599	-1,745329252	-7,98268858423E-011
12,32	0,0349065850398	-1,745329252	5,08796708469E-011
12,33	0,0174532925199	-1,74532925199	5,52656685847E-011
12,34	0	-1,74532925199	-5,61427447742E-011
12,35	-0,0174532925199	-1,745329252	-5,61427447742E-011
12,36	-0,0349065850399	-1,745329252	5,61427447742E-011
12,37	-0,0523598775599	-1,74532925199	5,61427447742E-011
12,38	-0,0698131700798	-1,74532925199	-5,52656685847E-011
12,39	-0,0872664625997	-1,745329252	-5,08796708469E-011
12,4	-0,10471975512	-1,745329252	0,134670467055
12,41	-0,12217304764	-1,74532925199	0,942693268926
12,42	-0,13962634016	-1,74532925199	4,57879587714
12,43	-0,157079632679	-1,69684788388	11,8510010937
12,44	-0,174532925199	-1,55140377955	20,3352405131
12,45	-0,191986217719	-1,11507146655	12,3896829617
12,46	-0,191986217719	-1,11507146655	-11,3123192258
12,47	-0,209439510239	-1,55140377955	-15,756444636
12,48	-0,226892802759	-1,64836651577	-1,02631483559E-010
12,49	-0,244346095279	-1,55140377955	15,8911151029
12,5	-0,261799387799	-1,11507146655	12,2550124948
12,51	-0,261799387799	-1,11507146655	-7,67621661743
12,52	-0,279252680319	-1,50292241144	-7,54154615053
12,53	-0,296705972839	-1,50292241144	13,1977057635
12,54	-0,314159265359	-1,06659009844	20,46991098
12,55	-0,314159265359	-0,921145994111	11,8510010937
12,56	-0,331612557879	-0,872664626	4,71346634419
12,57	-0,331612557879	-0,872664625997	1,7507160708
12,58	-0,349065850399	-0,872664625996	3,90544354234
12,59	-0,349065850399	-0,824183257885	8,21489848549
12,6	-0,366519142919	-0,727220521663	13,1977057635
12,61	-0,366519142919	-0,387850944887	4,71346634411
12,62	-0,366519142919	-0,678739153552	0,538681867899
12,63	-0,383972435439	-0,630257785441	16,9684788388
12,64	-0,383972435439	-0,193925472444	21,277933782
12,65	-0,383972435439	-0,0484813681109	11,9856715607
12,66	-0,383972435439	0	4,57879587714
12,67	-0,383972435439	0	0,942693268823
12,68	-0,383972435439	0	0,134670466975
12,69	-0,383972435439	0	0
12,7	-0,383972435439	0	0
12,71	-0,383972435439	0	0,134670466975
12,72	-0,383972435439	0	0,942693268823
12,73	-0,383972435439	0	4,57879587714
12,74	-0,383972435439	0,0484813681109	11,9856715607
12,75	-0,383972435439	0,193925472444	21,277933782
12,76	-0,383972435439	0,630257785441	16,8338083718
12,77	-0,366519142919	0,678739153552	-0,269340933949
12,78	-0,366519142919	0,387850944887	0,942693268823
12,79	-0,366519142919	0,678739153552	5,11747774504
12,8	-0,349065850399	0,678739153552	-3,90544354226
12,81	-0,349065850399	0,387850944887	4,57879587717
12,82	-0,349065850399	0,727220521664	16,8338083719
12,83	-0,331612557879	0,872664625997	16,429796971
12,84	-0,331612557879	1,01810873033	16,8338083719
12,85	-0,314159265359	1,35747830711	4,57879587706
12,86	-0,296705972839	1,06659009844	-3,90544354239
12,87	-0,296705972839	1,06659009844	5,11747774499
12,88	-0,279252680319	1,35747830711	0,808022801895
12,89	-0,261799387799	1,06659009844	-1,21203420265
12,9	-0,261799387799	1,11507146655	12,2550124948
12,91	-0,244346095279	1,50292241144	9,42693268815
12,92	-0,226892802759	1,50292241144	-8,34956895253
12,93	-0,209439510239	1,11507146655	-7,67621661756
12,94	-0,209439510239	1,11507146655	13,1977057636
12,95	-0,191986217719	1,55140377955	20,3352405132
12,96	-0,174532925199	1,69684788388	10,9083078249
12,97	-0,157079632679	1,74532925199	-1,26321175742E-010
12,98	-0,13962634016	1,69684788388	-10,908307825
12,99	-0,12217304764	1,55140377955	-20,2005700462
13	-0,10471975512	1,11507146655	-12,2550124946
13,01	-0,10471975512	1,11507146655	12,2550124948
13,02	-0,0872664625997	1,55140377955	20,3352405131
13,03	-0,0698131700798	1,69684788388	11,8510010937
13,04	-0,0523598775599	1,74532925199	4,5787958772
13,05	-0,0349065850399	1,745329252	0,942693268879
13,06	-0,0174532925199	1,745329252	0,134670466919
13,07	0	1,74532925199	-5,61427447742E-011
13,08	0,0174532925199	1,74532925199	5,52656685847E-011
13,09	0,0349065850398	1,745329252	-0,134670466925
13,1	0,0523598775599	1,745329252	-0,942693268908
13,11	0,0698131700798	1,74532925199	-4,57879587727
13,12	0,0872664625997	1,69684788388	-11,8510010938
13,13	0,10471975512	1,55140377955	-20,3352405131
13,14	0,12217304764	1,11507146655	-12,2550124946
13,15	0,12217304764	1,11507146655	12,2550124948
13,16	0,13962634016	1,55140377955	20,2005700462
13,17	0,157079632679	1,69684788388	10,9083078249
13,18	0,174532925199	1,74532925199	5,52712196998E-011
13,19	0,191986217719	1,69684788388	-10,9083078249
13,2	0,209439510239	1,55140377955	-20,3352405133
13,21	0,226892802759	1,11507146655	-13,1977057637
13,22	0,226892802759	1,11507146655	7,67621661749
13,23	0,244346095279	1,50292241144	8,34956895243
13,24	0,261799387799	1,50292241144	-9,42693268816
13,25	0,279252680319	1,11507146655	-12,3896829615
13,26	0,279252680319	1,06659009844	0,404011401004
13,27	0,296705972839	1,35747830711	-4,57879587722
13,28	0,314159265359	1,01810873033	-13,1977057636
13,29	0,314159265359	0,921145994107	-8,21489848553
13,3	0,331612557879	0,872664625996	-3,90544354227
13,31	0,331612557879	0,872664625996	-1,61604560363
13,32	0,349065850399	0,872664625997	-3,90544354213
13,33	0,349065850399	0,824183257889	-8,21489848538
13,34	0,366519142919	0,727220521667	-13,1977057636
13,35	0,366519142919	0,387850944888	-4,71346634425
13,36	0,366519142919	0,678739153553	-0,404011401001
13,37	0,383972435439	0,630257785441	-16,02578557
13,38	0,383972435439	0,193925472444	-16,6991379049
13,39	0,383972435439	0,0969627362218	-0,134670466976
13,4	0,383972435439	0,193925472444	15,756444636
13,41	0,383972435439	0,630257785441	11,3123192259
13,42	0,401425727959	0,630257785441	-12,3896829617
13,43	0,401425727959	0,193925472444	-20,4699109802
13,44	0,401425727959	0,0484813681109	-12,7936943626
13,45	0,401425727959	0	-9,15759175428
13,46	0,401425727959	-0,0484813681109	-12,7936943626
13,47	0,401425727959	-0,193925472444	-20,6045814471
13,48	0,401425727959	-0,630257785441	-13,1977057635
13,49	0,383972435439	-0,630257785441	7,67621661756
13,5	0,383972435439	-0,242406840554	8,34956895243
13,51	0,383972435439	-0,242406840554	-9,42693268823
13,52	0,383972435439	-0,630257785441	-12,3896829617
13,53	0,366519142919	-0,678739153553	0,404011400847
13,54	0,366519142919	-0,387850944888	-4,57879587727
13,55	0,366519142919	-0,727220521667	-13,1977057636
13,56	0,349065850399	-0,824183257889	-8,21489848538
13,57	0,349065850399	-0,872664625997	-3,90544354213
13,58	0,331612557879	-0,872664625996	-1,61604560363
13,59	0,331612557879	-0,872664625996	-3,90544354227
13,6	0,314159265359	-0,921145994107	-8,21489848553
13,61	0,314159265359	-1,01810873033	-13,0630352967
13,62	0,296705972839	-1,35747830711	-3,77077307537
13,63	0,279252680319	-1,06659009844	4,04011400932
13,64	0,279252680319	-1,06659009844	-5,11747774491
13,65	0,261799387799	-1,35747830711	-0,942693268752
13,66	0,244346095279	-1,06659009844	0,269340933949
13,67	0,244346095279	-1,11507146655	-16,6991379049
13,68	0,226892802759	-1,55140377955	-20,3352405133
13,69	0,209439510239	-1,69684788388	-7,40687568369
13,7	0,191986217719	-1,69684788388	7,27220521671
13,71	0,174532925199	-1,55140377955	19,3925472445
13,72	0,157079632679	-1,11507146655	12,1203420277
13,73	0,157079632679	-1,11507146655	-12,2550124948
13,74	0,13962634016	-1,55140377955	-20,3352405133
13,75	0,12217304764	-1,69684788388	-11,8510010937
13,76	0,10471975512	-1,74532925199	-4,57879587704
13,77	0,0872664625997	-1,74532925199	-0,942693268823
13,78	0,0698131700798	-1,74532925199	-1,02637034674E-010
13,79	0,0523598775599	-1,745329252	0,942693268748
13,8	0,0349065850398	-1,745329252	4,57879587721
13,81	0,0174532925199	-1,69684788388	11,8510010939
13,82	0	-1,55140377955	20,3352405132
13,83	-0,0174532925199	-1,11507146655	12,2550124946
13,84	-0,0174532925199	-1,11507146655	-12,2550124948
13,85	-0,0349065850399	-1,55140377955	-20,3352405131
13,86	-0,0523598775599	-1,69684788388	-11,8510010937
13,87	-0,0698131700798	-1,74532925199	-4,44412541022
13,88	-0,0872664625997	-1,745329252	-5,00044450291E-011
13,89	-0,10471975512	-1,745329252	4,44412541025
13,9	-0,12217304764	-1,69684788388	11,8510010939
13,91	-0,13962634016	-1,55140377955	20,4699109802
13,92	-0,157079632679	-1,11507146655	13,1977057635
13,93	-0,157079632679	-1,11507146655	-7,67621661768
13,94	-0,174532925199	-1,50292241144	-8,48423941948
13,95	-0,191986217719	-1,50292241144	8,61890988645
13,96	-0,209439510239	-1,11507146655	8,61890988648
13,97	-0,209439510239	-1,11507146655	-8,4842394194
13,98	-0,226892802759	-1,50292241144	-7,67621661766
13,99	-0,244346095279	-1,50292241144	13,0630352965
14	-0,261799387799	-1,06659009844	19,6618881784
14,01	-0,261799387799	-0,921145994108	8,21489848559
14,02	-0,279252680319	-0,921145994107	-2,69340933942
14,03	-0,279252680319	-1,01810873033	-7,54154615056
14,04	-0,296705972839	-1,30899693899	8,21489848543
14,05	-0,314159265359	-0,872664625996	24,5100249893
14,06	-0,314159265359	-0,436332312999	8,21489848532
14,07	-0,314159265359	-0,727220521667	-7,54154615066
14,08	-0,331612557879	-0,824183257889	-2,69340933941
14,09	-0,331612557879	-0,824183257886	8,21489848559
14,1	-0,349065850399	-0,678739153553	19,6618881784
14,11	-0,349065850399	-0,242406840554	13,0630352966
14,12	-0,349065850399	-0,242406840554	-7,54154615058
14,13	-0,349065850399	-0,630257785441	-7,54154615058
14,14	-0,366519142919	-0,630257785441	13,1977057635
14,15	-0,366519142919	-0,193925472444	20,4699109802
14,16	-0,366519142919	-0,0484813681109	11,8510010938
14,17	-0,366519142919	0	4,71346634411
14,18	-0,366519142919	0	1,88538653765
14,19	-0,366519142919	0	4,71346634411
14,2	-0,366519142919	0,0484813681109	11,8510010938
14,21	-0,366519142919	0,193925472444	20,3352405132
14,22	-0,366519142919	0,630257785441	12,3896829617
14,23	-0,349065850399	0,630257785441	-11,3123192259
14,24	-0,349065850399	0,193925472444	-15,6217741691
14,25	-0,349065850399	0,0969627362218	0,942693268829
14,26	-0,349065850399	0,193925472444	20,4699109802
14,27	-0,349065850399	0,678739153553	24,1060135885
14,28	-0,331612557879	0,824183257886	12,6590238958
14,29	-0,331612557879	0,872664626	4,71346634419
14,3	-0,314159265359	0,872664626	0,942693268743
14,31	-0,314159265359	0,872664625997	0,134670466842
14,32	-0,296705972839	0,872664625996	-7,63145719457E-011
14,33	-0,296705972839	0,872664625996	0,134670466951
14,34	-0,279252680319	0,872664625996	0,808022801872
14,35	-0,279252680319	0,872664625996	3,77077307537
14,36	-0,261799387799	0,921145994108	8,21489848559
14,37	-0,261799387799	1,01810873033	13,1977057636
14,38	-0,244346095279	1,35747830711	4,57879587707
14,39	-0,226892802759	1,06659009844	-0,404011401027
14,4	-0,226892802759	1,11507146655	12,3896829617
14,41	-0,209439510239	1,50292241144	9,42693268833
14,42	-0,191986217719	1,50292241144	-8,34956895236
14,43	-0,174532925199	1,11507146655	-7,81088708461
14,44	-0,174532925199	1,11507146655	12,2550124946
14,45	-0,157079632679	1,55140377955	15,8911151029
14,46	-0,13962634016	1,64836651577	0
14,47	-0,12217304764	1,55140377955	-15,756444636
14,48	-0,10471975512	1,11507146655	-11,3123192257
14,49	-0,10471975512	1,11507146655	12,3896829618
14,5	-0,0872664625997	1,55140377955	20,3352405131
14,51	-0,0698131700798	1,69684788388	11,7163306267
14,52	-0,0523598775599	1,74532925199	3,63610260837
14,53	-0,0349065850399	1,745329252	-3,63610260827
14,54	-0,0174532925199	1,69684788388	-11,7163306269
14,55	0	1,55140377955	-20,3352405133
14,56	0,0174532925199	1,11507146655	-12,2550124947
14,57	0,0174532925199	1,11507146655	12,2550124948
14,58	0,0349065850398	1,55140377955	20,2005700463
14,59	0,0523598775599	1,69684788388	10,9083078249
14,6	0,0698131700798	1,74532925199	-1,26321175742E-010
14,61	0,0872664625997	1,69684788388	-10,908307825
14,62	0,10471975512	1,55140377955	-20,2005700462
14,63	0,12217304764	1,11507146655	-12,3896829615
14,64	0,12217304764	1,11507146655	11,312319226
14,65	0,13962634016	1,55140377955	15,756444636
14,66	0,157079632679	1,64836651577	-1,02631483559E-010
14,67	0,174532925199	1,55140377955	-15,891115103
14,68	0,191986217719	1,11507146655	-12,2550124946
14,69	0,191986217719	1,11507146655	7,67621661763
14,7	0,209439510239	1,50292241144	7,5415461505
14,71	0,226892802759	1,50292241144	-13,0630352967
14,72	0,244346095279	1,06659009844	-19,6618881784
14,73	0,244346095279	0,921145994107	-8,08022801848
14,74	0,261799387799	0,921145994107	3,50143214141
14,75	0,261799387799	1,01810873033	11,312319226
14,76	0,279252680319	1,35747830711	-0,134670466895
14,77	0,296705972839	1,01810873033	-12,3896829618
14,78	0,296705972839	0,921145994108	-8,88825082046
14,79	0,314159265359	0,872664625996	-7,54154615066
14,8	0,314159265359	0,824183257885	-9,02292128733
14,81	0,331612557879	0,727220521663	-13,3323762305
14,82	0,331612557879	0,387850944887	-4,57879587714
14,83	0,331612557879	0,678739153552	0,40401140093
14,84	0,349065850399	0,630257785441	-12,3896829616
14,85	0,349065850399	0,242406840555	-9,42693268815
14,86	0,349065850399	0,242406840556	8,34956895256
14,87	0,349065850399	0,630257785446	7,67621661764
14,88	0,366519142919	0,630257785446	-13,1977057636
14,89	0,366519142919	0,193925472445	-20,4699109803
14,9	0,366519142919	0,0484813681112	-11,8510010938
14,91	0,366519142919	0	-4,57879587717
14,92	0,366519142919	0	-0,942693268829
14,93	0,366519142919	0	-0,134670466976
14,94	0,366519142919	0	-0,134670466976
14,95	0,366519142919	0	-0,942693268829
14,96	0,366519142919	0	-4,57879587717
14,97	0,366519142919	-0,0484813681112	-11,9856715608
14,98	0,366519142919	-0,193925472445	-21,2779337821
14,99	0,366519142919	-0,630257785446	-16,8338083719
15	0,349065850399	-0,678739153556	0,269340934029
15,01	0,349065850399	-0,387850944888	-0,94269326869
15,02	0,349065850399	-0,678739153553	-5,11747774496
15,03	0,331612557879	-0,678739153552	4,04011400927
15,04	0,331612557879	-0,387850944887	-3,77077307529
15,05	0,331612557879	-0,727220521663	-13,0630352965
15,06	0,314159265359	-0,824183257885	-8,21489848549
15,07	0,314159265359	-0,872664625996	-3,90544354234
15,08	0,296705972839	-0,872664625997	-1,61604560383
15,09	0,296705972839	-0,872664626	-3,90544354235
15,1	0,279252680319	-0,921145994111	-8,21489848538
15,11	0,279252680319	-1,01810873033	-13,0630352964
15,12	0,261799387799	-1,35747830711	-3,77077307521
15,13	0,244346095279	-1,06659009844	4,04011400926
15,14	0,244346095279	-1,06659009844	-5,11747774506
15,15	0,226892802759	-1,35747830711	-0,942693268899
15,16	0,209439510239	-1,06659009844	0,404011400792
15,17	0,209439510239	-1,11507146655	-15,8911151031
15,18	0,191986217719	-1,55140377955	-16,6991379048
15,19	0,174532925199	-1,64836651577	-0,134670466872
15,2	0,157079632679	-1,55140377955	15,756444636
15,21	0,13962634016	-1,11507146655	11,3123192258
15,22	0,13962634016	-1,11507146655	-12,2550124948
15,23	0,12217304764	-1,55140377955	-19,3925472443
15,24	0,10471975512	-1,69684788388	-7,27220521651
15,25	0,0872664625997	-1,69684788388	7,27220521668
15,26	0,0698131700798	-1,55140377955	19,3925472443
15,27	0,0523598775599	-1,11507146655	12,1203420276
15,28	0,0523598775599	-1,11507146655	-12,2550124948
15,29	0,0349065850398	-1,55140377955	-20,3352405131
15,3	0,0174532925199	-1,69684788388	-11,7163306267
15,31	0	-1,74532925199	-3,63610260837
15,32	-0,0174532925199	-1,745329252	3,63610260827
15,33	-0,0349065850399	-1,69684788388	11,7163306269
15,34	-0,0523598775599	-1,55140377955	20,3352405133
15,35	-0,0698131700798	-1,11507146655	12,3896829617
15,36	-0,0698131700798	-1,11507146655	-11,312319226
15,37	-0,0872664625997	-1,55140377955	-15,7564446361
15,38	-0,10471975512	-1,64836651577	7,98250354706E-011
15,39	-0,12217304764	-1,55140377955	15,8911151031
15,4	-0,13962634016	-1,11507146655	12,2550124947
15,41	-0,13962634016	-1,11507146655	-7,81088708458
15,42	-0,157079632679	-1,50292241144	-8,34956895256
15,43	-0,174532925199	-1,50292241144	9,42693268815
15,44	-0,191986217719	-1,11507146655	12,3896829618
15,45	-0,191986217719	-1,06659009844	-0,404011400792
15,46	-0,209439510239	-1,35747830711	4,44412541024
15,47	-0,226892802759	-1,01810873033	12,3896829617
15,48	-0,226892802759	-0,921145994107	4,44412541009
15,49	-0,244346095279	-0,921145994108	-4,30945494332
15,5	-0,244346095279	-1,01810873033	-11,312319226
15,51	-0,261799387799	-1,35747830711	0,942693268903
15,52	-0,279252680319	-1,01810873033	16,0257855701
15,53	-0,279252680319	-0,872664625996	16,295126504
15,54	-0,296705972839	-0,727220521663	16,8338083719
15,55	-0,296705972839	-0,387850944887	4,57879587714
15,56	-0,296705972839	-0,678739153552	-3,90544354229
15,57	-0,314159265359	-0,678739153553	5,11747774496
15,58	-0,314159265359	-0,387850944888	0,94269326869
15,59	-0,314159265359	-0,678739153556	-0,269340934029
15,6	-0,331612557879	-0,630257785446	16,8338083719
15,61	-0,331612557879	-0,193925472445	21,2779337821
15,62	-0,331612557879	-0,0484813681112	11,9856715608
15,63	-0,331612557879	0	4,57879587717
15,64	-0,331612557879	0	0,942693268829
15,65	-0,331612557879	0	0,134670466976
15,66	-0,331612557879	0	0
15,67	-0,331612557879	0	0
15,68	-0,331612557879	0	0,134670466976
15,69	-0,331612557879	0	0,942693268829
15,7	-0,331612557879	0	4,57879587717
15,71	-0,331612557879	0,0484813681112	11,8510010938
15,72	-0,331612557879	0,193925472445	20,4699109803
15,73	-0,331612557879	0,630257785446	13,1977057636
15,74	-0,314159265359	0,630257785446	-7,54154615066
15,75	-0,314159265359	0,242406840556	-7,54154615071
15,76	-0,314159265359	0,242406840555	13,1977057634
15,77	-0,314159265359	0,678739153552	20,4699109801
15,78	-0,296705972839	0,824183257885	11,8510010938
15,79	-0,296705972839	0,872664625996	4,57879587714
15,8	-0,279252680319	0,872664625996	0,942693268853
15,81	-0,279252680319	0,872664625996	0,134670467052
15,82	-0,261799387799	0,872664625997	1,3245731672E-010
15,83	-0,261799387799	0,872664626	0,134670467055
15,84	-0,244346095279	0,872664626	0,808022801768
15,85	-0,244346095279	0,872664625997	3,77077307516
15,86	-0,226892802759	0,921145994107	8,21489848538
15,87	-0,226892802759	1,01810873033	13,1977057635
15,88	-0,209439510239	1,35747830711	4,57879587721
15,89	-0,191986217719	1,06659009844	-0,404011400792
15,9	-0,191986217719	1,11507146655	12,3896829618
15,91	-0,174532925199	1,50292241144	9,42693268815
15,92	-0,157079632679	1,50292241144	-8,48423941953
15,93	-0,13962634016	1,11507146655	-8,61890988643
15,94	-0,13962634016	1,11507146655	8,61890988643
15,95	-0,12217304764	1,50292241144	8,61890988651
15,96	-0,10471975512	1,50292241144	-8,48423941932
15,97	-0,0872664625997	1,11507146655	-7,81088708461
15,98	-0,0872664625997	1,11507146655	12,2550124946
15,99	-0,0698131700798	1,55140377955	15,891115103
16	-0,0523598775599	1,64836651577	9,7467712913E-011
16,01	-0,0349065850399	1,55140377955	-15,756444636
16,02	-0,0174532925199	1,11507146655	-11,3123192259
16,03	-0,0174532925199	1,11507146655	12,2550124946
16,04	0	1,55140377955	19,3925472443
16,05	0,0174532925199	1,69684788388	7,27220521673
16,06	0,0349065850398	1,69684788388	-7,27220521656
16,07	0,0523598775599	1,55140377955	-19,5272177114
16,08	0,0698131700798	1,11507146655	-13,0630352967
16,09	0,0698131700798	1,11507146655	7,67621661748
16,1	0,0872664625997	1,50292241144	8,4842394194
16,11	0,10471975512	1,50292241144	-8,61890988631
16,12	0,12217304764	1,11507146655	-8,61890988624
16,13	0,12217304764	1,11507146655	8,61890988646
16,14	0,13962634016	1,50292241144	8,48423941933
16,15	0,157079632679	1,50292241144	-9,42693268833
16,16	0,174532925199	1,11507146655	-12,2550124947
16,17	0,174532925199	1,06659009844	1,21203420287
16,18	0,191986217719	1,35747830711	-0,808022801774
16,19	0,209439510239	1,06659009844	-5,11747774512
16,2	0,209439510239	1,06659009844	4,04011400911
16,21	0,226892802759	1,3574783071	-3,77077307537
16,22	0,244346095279	1,01810873033	-13,0630352966
16,23	0,244346095279	0,921145994107	-8,21489848545
16,24	0,261799387799	0,872664625996	-3,90544354224
16,25	0,261799387799	0,872664625996	-1,61604560362
16,26	0,279252680319	0,872664625997	-3,90544354213
16,27	0,279252680319	0,824183257889	-8,21489848537
16,28	0,296705972839	0,727220521667	-13,0630352966
16,29	0,296705972839	0,387850944888	-3,77077307542
16,3	0,296705972839	0,678739153553	4,04011400916
16,31	0,314159265359	0,678739153552	-5,11747774507
16,32	0,314159265359	0,387850944887	-0,942693268829
16,33	0,314159265359	0,678739153552	0,404011400923
16,34	0,331612557879	0,630257785441	-15,891115103
16,35	0,331612557879	0,193925472443	-16,6991379049
16,36	0,331612557879	0,0969627362217	-0,134670466975
16,37	0,331612557879	0,193925472443	15,756444636
16,38	0,331612557879	0,630257785441	11,3123192259
16,39	0,349065850399	0,630257785441	-12,5243534286
16,4	0,349065850399	0,193925472443	-21,277933782
16,41	0,349065850399	0,0484813681109	-16,4297969709
16,42	0,349065850399	-0,0484813681109	-16,4297969709
16,43	0,349065850399	-0,193925472443	-21,277933782
16,44	0,349065850399	-0,630257785441	-12,5243534286
16,45	0,331612557879	-0,630257785441	11,3123192259
16,46	0,331612557879	-0,193925472443	15,756444636
16,47	0,331612557879	-0,0969627362217	-0,134670466975
16,48	0,331612557879	-0,193925472443	-16,6991379049
16,49	0,331612557879	-0,630257785441	-15,891115103
16,5	0,314159265359	-0,678739153552	0,404011400923
16,51	0,314159265359	-0,387850944887	-0,942693268829
16,52	0,314159265359	-0,678739153552	-5,11747774507
16,53	0,296705972839	-0,678739153553	4,04011400916
16,54	0,296705972839	-0,387850944888	-3,77077307542
16,55	0,296705972839	-0,727220521667	-13,1977057636
16,56	0,279252680319	-0,824183257889	-9,02292128722
16,57	0,279252680319	-0,872664625997	-7,54154615045
16,58	0,261799387799	-0,921145994107	-9,02292128722
16,59	0,261799387799	-1,01810873033	-13,1977057635
16,6	0,244346095279	-1,3574783071	-3,77077307531
16,61	0,226892802759	-1,06659009844	4,04011400916
16,62	0,226892802759	-1,06659009844	-4,98280727819
16,63	0,209439510239	-1,35747830711	-7,98275026328E-011
16,64	0,191986217719	-1,06659009844	4,84813681117
16,65	0,191986217719	-1,06659009844	-4,98280727793
16,66	0,174532925199	-1,3574783071	-0,8080228018
16,67	0,157079632679	-1,06659009844	1,21203420272
16,68	0,157079632679	-1,11507146655	-12,2550124948
16,69	0,13962634016	-1,50292241144	-9,4269326883
16,7	0,12217304764	-1,50292241144	8,34956895251
16,71	0,10471975512	-1,11507146655	7,81088708465
16,72	0,10471975512	-1,11507146655	-12,2550124946
16,73	0,0872664625997	-1,55140377955	-15,8911151031
16,74	0,0698131700798	-1,64836651577	-1,26315624627E-010
16,75	0,0523598775599	-1,55140377955	15,756444636
16,76	0,0349065850398	-1,11507146655	11,4469896929
16,77	0,0349065850398	-1,11507146655	-11,4469896927
16,78	0,0174532925199	-1,55140377955	-15,756444636
16,79	0	-1,64836651577	-1,02637034674E-010
16,8	-0,0174532925199	-1,55140377955	15,8911151029
16,81	-0,0349065850399	-1,11507146655	12,2550124948
16,82	-0,0349065850399	-1,11507146655	-7,8108870844
16,83	-0,0523598775599	-1,50292241144	-8,48423941935
16,84	-0,0698131700798	-1,50292241144	8,61890988633
16,85	-0,0872664625997	-1,11507146655	8,61890988625
16,86	-0,0872664625997	-1,11507146655	-8,61890988646
16,87	-0,10471975512	-1,50292241144	-8,48423941932
16,88	-0,12217304764	-1,50292241144	9,42693268836
16,89	-0,13962634016	-1,11507146655	12,2550124948
16,9	-0,13962634016	-1,06659009844	-1,21203420277
16,91	-0,157079632679	-1,3574783071	0,808022801777
16,92	-0,174532925199	-1,06659009844	5,1174777449
16,93	-0,174532925199	-1,06659009844	-4,04011400932
16,94	-0,191986217719	-1,35747830711	3,77077307537
16,95	-0,209439510239	-1,01810873033	13,0630352967
16,96	-0,209439510239	-0,921145994107	8,21489848552
16,97	-0,226892802759	-0,872664625996	3,77077307529
16,98	-0,226892802759	-0,872664625996	0,808022801777
16,99	-0,244346095279	-0,872664625997	0,269340933818
17	-0,244346095279	-0,872664626	0,808022801768
17,01	-0,261799387799	-0,872664626	3,77077307537
17,02	-0,261799387799	-0,824183257886	8,21489848558
17,03	-0,279252680319	-0,727220521663	13,1977057636
17,04	-0,279252680319	-0,387850944887	4,57879587717
17,05	-0,279252680319	-0,678739153552	-0,404011400918
17,06	-0,296705972839	-0,630257785441	12,3896829617
17,07	-0,296705972839	-0,242406840554	9,42693268822
17,08	-0,296705972839	-0,242406840554	-8,34956895243
17,09	-0,296705972839	-0,630257785441	-7,67621661755
17,1	-0,314159265359	-0,630257785441	13,1977057635
17,11	-0,314159265359	-0,193925472443	20,4699109801
17,12	-0,314159265359	-0,0484813681109	11,8510010938
17,13	-0,314159265359	0	4,57879587714
17,14	-0,314159265359	0	1,0773637358
17,15	-0,314159265359	0	1,0773637358
17,16	-0,314159265359	0	4,57879587714
17,17	-0,314159265359	0,0484813681109	11,8510010938
17,18	-0,314159265359	0,193925472443	20,3352405132
17,19	-0,314159265359	0,630257785441	12,3896829617
17,2	-0,296705972839	0,630257785441	-11,3123192259
17,21	-0,296705972839	0,193925472443	-15,756444636
17,22	-0,296705972839	0,0969627362217	0,134670466975
17,23	-0,296705972839	0,193925472443	16,6991379049
17,24	-0,296705972839	0,630257785441	16,02578557
17,25	-0,279252680319	0,678739153552	0,40401140093
17,26	-0,279252680319	0,387850944887	4,71346634414
17,27	-0,279252680319	0,727220521663	13,1977057636
17,28	-0,261799387799	0,824183257886	8,21489848558
17,29	-0,261799387799	0,872664626	3,77077307537
17,3	-0,244346095279	0,872664626	0,808022801768
17,31	-0,244346095279	0,872664625997	0,269340933818
17,32	-0,226892802759	0,872664625996	0,808022801777
17,33	-0,226892802759	0,872664625996	3,77077307529
17,34	-0,209439510239	0,921145994107	8,08022801855
17,35	-0,209439510239	1,01810873033	12,2550124948
17,36	-0,191986217719	1,35747830711	0,134670467054
17,37	-0,174532925199	1,01810873033	-11,3123192259
17,38	-0,174532925199	0,921145994108	-3,50143214147
17,39	-0,157079632679	0,921145994107	8,0802280184
17,4	-0,157079632679	1,06659009844	19,6618881783
17,41	-0,13962634016	1,50292241144	12,9283648296
17,42	-0,12217304764	1,50292241144	-8,48423941933
17,43	-0,10471975512	1,11507146655	-12,1203420276
17,44	-0,10471975512	1,06659009844	1,34670466983
17,45	-0,0872664625997	1,35747830711	-7,36873525161E-011
17,46	-0,0698131700798	1,06659009844	-1,34670466985
17,47	-0,0698131700798	1,11507146655	12,2550124947
17,48	-0,0523598775599	1,50292241144	9,42693268833
17,49	-0,0349065850399	1,50292241144	-8,48423941933
17,5	-0,0174532925199	1,11507146655	-8,61890988646
17,51	-0,0174532925199	1,11507146655	8,61890988625
17,52	0	1,50292241144	8,61890988633
17,53	0,0174532925199	1,50292241144	-8,61890988633
17,54	0,0349065850398	1,11507146655	-8,61890988625
17,55	0,0349065850398	1,11507146655	8,61890988646
17,56	0,0523598775599	1,50292241144	8,6189098863
17,57	0,0698131700798	1,50292241144	-8,6189098865
17,58	0,0872664625997	1,11507146655	-8,61890988642
17,59	0,0872664625997	1,11507146655	8,61890988642
17,6	0,10471975512	1,50292241144	8,48423941953
17,61	0,12217304764	1,50292241144	-9,42693268815
17,62	0,13962634016	1,11507146655	-12,3896829617
17,63	0,13962634016	1,06659009844	0,404011400792
17,64	0,157079632679	1,3574783071	-4,44412541023
17,65	0,174532925199	1,01810873033	-12,3896829617
17,66	0,174532925199	0,921145994107	-4,44412541009
17,67	0,191986217719	0,921145994108	4,30945494332
17,68	0,191986217719	1,01810873033	11,4469896929
17,69	0,209439510239	1,35747830711	-0,134670467054
17,7	0,226892802759	1,01810873033	-12,3896829618
17,71	0,226892802759	0,921145994107	-8,8882508204
17,72	0,244346095279	0,872664625996	-7,54154615061
17,73	0,244346095279	0,824183257885	-8,88825082033
17,74	0,261799387799	0,727220521663	-12,3896829617
17,75	0,261799387799	0,387850944887	-0,134670466945
17,76	0,261799387799	0,727220521663	11,3123192259
17,77	0,279252680319	0,824183257886	3,50143214147
17,78	0,279252680319	0,824183257889	-8,0802280184
17,79	0,296705972839	0,678739153556	-19,6618881784
17,8	0,296705972839	0,242406840556	-13,0630352967
17,81	0,296705972839	0,242406840555	7,5415461505
17,82	0,296705972839	0,630257785441	7,54154615055
17,83	0,314159265359	0,630257785441	-13,1977057635
17,84	0,314159265359	0,193925472443	-20,4699109801
17,85	0,314159265359	0,0484813681109	-11,8510010938
17,86	0,314159265359	0	-4,57879587714
17,87	0,314159265359	0	-0,942693268822
17,88	0,314159265359	0	-0,134670466975
17,89	0,314159265359	0	0
17,9	0,314159265359	0	-0,134670466975
17,91	0,314159265359	0	-0,942693268822
17,92	0,314159265359	0	-4,57879587714
17,93	0,314159265359	-0,0484813681109	-11,8510010938
17,94	0,314159265359	-0,193925472443	-20,4699109801
17,95	0,314159265359	-0,630257785441	-13,1977057635
17,96	0,296705972839	-0,630257785441	7,67621661752
17,97	0,296705972839	-0,242406840555	8,34956895235
17,98	0,296705972839	-0,242406840556	-9,42693268836
17,99	0,296705972839	-0,630257785445	-12,3896829617
18	0,279252680319	-0,678739153556	0,404011401004
18,01	0,279252680319	-0,387850944888	-4,578795877
18,02	0,279252680319	-0,727220521663	-13,1977057634
18,03	0,261799387799	-0,824183257885	-8,21489848542
18,04	0,261799387799	-0,872664625996	-3,77077307528
18,05	0,244346095279	-0,872664625996	-0,808022801848
18,06	0,244346095279	-0,872664625996	-0,134670466981
18,07	0,226892802759	-0,872664625996	-2,98270667424E-011
18,08	0,226892802759	-0,872664625996	-0,134670467052
18,09	0,209439510239	-0,872664625997	-0,80802280198
18,1	0,209439510239	-0,872664626	-3,77077307537
18,11	0,191986217719	-0,921145994111	-8,21489848537
18,12	0,191986217719	-1,01810873033	-13,0630352964
18,13	0,174532925199	-1,3574783071	-3,77077307524
18,14	0,157079632679	-1,06659009844	4,04011400919
18,15	0,157079632679	-1,06659009844	-4,98280727819
18,16	0,13962634016	-1,35747830711	-7,89498096528E-011
18,17	0,12217304764	-1,06659009844	4,84813681117
18,18	0,12217304764	-1,06659009844	-4,98280727793
18,19	0,10471975512	-1,3574783071	-0,808022801777
18,2	0,0872664625997	-1,06659009844	1,21203420277
18,21	0,0872664625997	-1,11507146655	-12,2550124948
18,22	0,0698131700798	-1,50292241144	-9,42693268836
18,23	0,0523598775599	-1,50292241144	8,48423941932
18,24	0,0349065850398	-1,11507146655	8,61890988646
18,25	0,0349065850398	-1,11507146655	-8,61890988625
18,26	0,0174532925199	-1,50292241144	-8,61890988633
18,27	0	-1,50292241144	8,61890988633
18,28	-0,0174532925199	-1,11507146655	8,61890988625
18,29	-0,0174532925199	-1,11507146655	-8,61890988646
18,3	-0,0349065850399	-1,50292241144	-8,48423941933
18,31	-0,0523598775599	-1,50292241144	9,42693268833
18,32	-0,0698131700798	-1,11507146655	12,2550124947
18,33	-0,0698131700798	-1,06659009844	-1,21203420287
18,34	-0,0872664625997	-1,35747830711	0,808022801774
18,35	-0,10471975512	-1,06659009844	4,98280727814
18,36	-0,10471975512	-1,06659009844	-4,84813681095
18,37	-0,12217304764	-1,3574783071	7,63185810844E-011
18,38	-0,13962634016	-1,06659009844	4,98280727808
18,39	-0,13962634016	-1,06659009844	-4,04011400926
18,4	-0,157079632679	-1,3574783071	3,77077307521
18,41	-0,174532925199	-1,01810873033	13,0630352964
18,42	-0,174532925199	-0,921145994111	8,21489848537
18,43	-0,191986217719	-0,872664626	3,77077307537
18,44	-0,191986217719	-0,872664625997	0,80802280198
18,45	-0,209439510239	-0,872664625996	0,134670467051
18,46	-0,209439510239	-0,872664625996	2,36859914398E-011
18,47	-0,226892802759	-0,872664625996	0,134670466951
18,48	-0,226892802759	-0,872664625996	0,942693268746
18,49	-0,244346095279	-0,872664625997	4,578795877
18,5	-0,244346095279	-0,824183257889	11,8510010937
18,51	-0,261799387799	-0,678739153556	20,4699109802
18,52	-0,261799387799	-0,242406840556	13,1977057636
18,53	-0,261799387799	-0,242406840555	-7,5415461505
18,54	-0,261799387799	-0,630257785441	-7,67621661752
18,55	-0,279252680319	-0,630257785441	12,2550124947
18,56	-0,279252680319	-0,193925472443	15,891115103
18,57	-0,279252680319	-0,0969627362217	0
18,58	-0,279252680319	-0,193925472443	-15,756444636
18,59	-0,279252680319	-0,630257785441	-11,3123192259
18,6	-0,296705972839	-0,630257785441	12,3896829617
18,61	-0,296705972839	-0,193925472443	20,4699109801
18,62	-0,296705972839	-0,0484813681109	12,7936943626
18,63	-0,296705972839	0	9,15759175427
18,64	-0,296705972839	0,0484813681109	12,7936943626
18,65	-0,296705972839	0,193925472443	20,4699109801
18,66	-0,296705972839	0,630257785441	12,3896829617
18,67	-0,279252680319	0,630257785441	-11,3123192259
18,68	-0,279252680319	0,193925472443	-15,756444636
18,69	-0,279252680319	0,0969627362217	0,134670466976
18,7	-0,279252680319	0,193925472443	16,6991379049
18,71	-0,279252680319	0,630257785441	15,891115103
18,72	-0,261799387799	0,678739153553	-0,404011400847
18,73	-0,261799387799	0,387850944888	0,942693268955
18,74	-0,261799387799	0,678739153556	5,11747774512
18,75	-0,244346095279	0,678739153556	-4,04011400932
18,76	-0,244346095279	0,387850944888	3,77077307516
18,77	-0,244346095279	0,727220521663	13,0630352965
18,78	-0,226892802759	0,824183257885	8,21489848542
18,79	-0,226892802759	0,872664625996	3,77077307529
18,8	-0,209439510239	0,872664625996	0,808022801877
18,81	-0,209439510239	0,872664625996	0,269340934026
18,82	-0,191986217719	0,872664625997	0,80802280198
18,83	-0,191986217719	0,872664626	3,77077307537
18,84	-0,174532925199	0,921145994111	8,0802280184
18,85	-0,174532925199	1,01810873033	12,2550124946
18,86	-0,157079632679	1,3574783071	0,134670466898
18,87	-0,13962634016	1,01810873033	-11,4469896929
18,88	-0,13962634016	0,921145994107	-4,30945494316
18,89	-0,12217304764	0,921145994107	4,44412541024
18,9	-0,12217304764	1,01810873033	12,3896829618
18,91	-0,10471975512	1,35747830711	4,44412541024
18,92	-0,0872664625997	1,06659009844	-0,404011401003
18,93	-0,0872664625997	1,11507146655	12,3896829615
18,94	-0,0698131700798	1,50292241144	9,2922622212
18,95	-0,0523598775599	1,50292241144	-9,2922622212
18,96	-0,0349065850399	1,11507146655	-12,2550124946
18,97	-0,0349065850399	1,06659009844	1,21203420285
18,98	-0,0174532925199	1,35747830711	-0,808022801927
18,99	0	1,06659009844	-4,98280727819
19	0	1,06659009844	4,98280727801
19,01	0,0174532925199	1,3574783071	0,808022801895
19,02	0,0349065850398	1,06659009844	-1,21203420265
19,03	0,0349065850398	1,11507146655	12,2550124948
19,04	0,0523598775599	1,50292241144	9,29226222117
19,05	0,0698131700798	1,50292241144	-9,29226222138
19,06	0,0872664625997	1,11507146655	-12,3896829617
19,07	0,0872664625997	1,06659009844	0,404011400924
19,08	0,10471975512	1,3574783071	-4,44412541009
19,09	0,12217304764	1,01810873033	-12,3896829615
19,1	0,12217304764	0,921145994111	-4,44412541008
19,11	0,13962634016	0,921145994111	4,30945494311
19,12	0,13962634016	1,01810873033	11,4469896927
19,13	0,157079632679	1,3574783071	-0,134670467046
19,14	0,174532925199	1,01810873033	-12,2550124947
19,15	0,174532925199	0,921145994107	-8,08022801841
19,16	0,191986217719	0,872664625997	-3,77077307516
19,17	0,191986217719	0,872664626	-0,808022801768
19,18	0,209439510239	0,872664626	-0,269340934029
19,19	0,209439510239	0,872664625997	-0,80802280198
19,2	0,226892802759	0,872664625996	-3,77077307537
19,21	0,226892802759	0,824183257885	-8,21489848548
19,22	0,244346095279	0,727220521663	-13,0630352965
19,23	0,244346095279	0,387850944887	-3,77077307529
19,24	0,244346095279	0,678739153552	4,04011400924
19,25	0,261799387799	0,678739153552	-5,11747774504
19,26	0,261799387799	0,387850944887	-0,808022801847
19,27	0,261799387799	0,678739153552	1,21203420278
19,28	0,279252680319	0,630257785441	-12,2550124947
19,29	0,279252680319	0,242406840555	-9,42693268815
19,3	0,279252680319	0,242406840556	8,34956895256
19,31	0,279252680319	0,630257785445	7,67621661763
19,32	0,296705972839	0,630257785445	-13,1977057636
19,33	0,296705972839	0,193925472445	-20,4699109803
19,34	0,296705972839	0,0484813681112	-11,8510010938
19,35	0,296705972839	0	-4,57879587717
19,36	0,296705972839	0	-0,942693268829
19,37	0,296705972839	0	-0,269340933951
19,38	0,296705972839	0	-0,942693268829
19,39	0,296705972839	0	-4,57879587717
19,4	0,296705972839	-0,0484813681112	-11,8510010938
19,41	0,296705972839	-0,193925472445	-20,3352405133
19,42	0,296705972839	-0,630257785445	-12,3896829617
19,43	0,279252680319	-0,630257785445	11,3123192259
19,44	0,279252680319	-0,193925472445	15,7564446362
19,45	0,279252680319	-0,0969627362221	-0,134670466897
19,46	0,279252680319	-0,193925472443	-16,6991379048
19,47	0,279252680319	-0,630257785441	-16,02578557
19,48	0,261799387799	-0,678739153552	-0,404011400923
19,49	0,261799387799	-0,387850944887	-4,71346634411
19,5	0,261799387799	-0,727220521663	-13,1977057635
19,51	0,244346095279	-0,824183257885	-8,21489848545
19,52	0,244346095279	-0,872664625996	-3,7707730753
19,53	0,226892802759	-0,872664625996	-0,808022801878
19,54	0,226892802759	-0,872664625996	-0,134670467052
19,55	0,209439510239	-0,872664625997	-1,32458550301E-010
19,56	0,209439510239	-0,872664626	-7,98262690517E-011
19,57	0,191986217719	-0,872664626	7,98262690517E-011
19,58	0,191986217719	-0,872664625997	-0,134670466843
19,59	0,174532925199	-0,872664625996	-0,808022801777
19,6	0,174532925199	-0,872664625996	-3,77077307529
19,61	0,157079632679	-0,921145994107	-8,21489848552
19,62	0,157079632679	-1,01810873033	-13,0630352967
19,63	0,13962634016	-1,35747830711	-3,77077307537
19,64	0,12217304764	-1,06659009844	4,04011400932
19,65	0,12217304764	-1,06659009844	-4,98280727793
19,66	0,10471975512	-1,3574783071	7,63185810844E-011
19,67	0,0872664625997	-1,06659009844	4,84813681111
19,68	0,0872664625997	-1,06659009844	-4,84813681111
19,69	0,0698131700798	-1,3574783071	-7,63185810844E-011
19,7	0,0523598775599	-1,06659009844	4,84813681095
19,71	0,0523598775599	-1,06659009844	-4,84813681117
19,72	0,0349065850398	-1,35747830711	7,89498096528E-011
19,73	0,0174532925199	-1,06659009844	4,84813681121
19,74	0,0174532925199	-1,06659009844	-4,84813681104
19,75	0	-1,3574783071	-4,7371366089E-011
19,76	-0,0174532925199	-1,06659009844	4,84813681096
19,77	-0,0174532925199	-1,06659009844	-4,84813681117
19,78	-0,0349065850399	-1,35747830711	7,89498096528E-011
19,79	-0,0523598775599	-1,06659009844	4,84813681121
19,8	-0,0523598775599	-1,06659009844	-4,84813681104
19,81	-0,0698131700798	-1,3574783071	-4,7371366089E-011
19,82	-0,0872664625997	-1,06659009844	4,98280727793
19,83	-0,0872664625997	-1,06659009844	-4,04011400932
19,84	-0,10471975512	-1,35747830711	3,63610260839
19,85	-0,12217304764	-1,01810873033	12,2550124948
19,86	-0,12217304764	-0,921145994107	4,44412541024
19,87	-0,13962634016	-0,921145994107	-4,30945494316
19,88	-0,13962634016	-1,01810873033	-11,4469896929
19,89	-0,157079632679	-1,3574783071	0,134670466898
19,9	-0,174532925199	-1,01810873033	12,3896829615
19,91	-0,174532925199	-0,921145994111	8,88825082025
19,92	-0,191986217719	-0,872664626	7,54154615066
19,93	-0,191986217719	-0,824183257886	9,02292128743
19,94	-0,209439510239	-0,727220521663	13,1977057636
19,95	-0,209439510239	-0,387850944887	3,71690488852
19,96	-0,209439510239	-0,678739153552	-4,47105950362
19,97	-0,226892802759	-0,678739153553	2,07392519114
19,98	-0,226892802759	-0,407243492134	-10,181087304
19,99	-0,226892802759	-0,775701889784	-30,2200527908
20	-0,244346095279	-1,26051557092	-41,6939765783
