Vernier Format 2
Файл.gmbl 07.12.2019 14:28:09 ,
Новый
Время	Угол	Скорость	Ускорение
t	Угол	v	a
с	rad	rad/с	rad/с²

0	0	0	0
0,01	0	0	0
0,02	0	0	0
0,03	0	0	0
0,04	0	0	0
0,05	0	0	0
0,06	0	0	0
0,07	0	0	0
0,08	0	0	0
0,09	0	0	0
0,1	0	0	0
0,11	0	0	0
0,12	0	0	0
0,13	0	0	0
0,14	0	0	0
0,15	0	0	0
0,16	0	0	0
0,17	0	0	0
0,18	0	0	0
0,19	0	0	0
0,2	0	0	0
0,21	0	0	0
0,22	0	0	0
0,23	0	0	0
0,24	0	0	0
0,25	0	0	0
0,26	0	0	0
0,27	0	0	0
0,28	0	0	0
0,29	0	0	0
0,3	0	0	0
0,31	0	0	0
0,32	0	0	0
0,33	0	0	0
0,34	0	0	0
0,35	0	0	0
0,36	0	0	0
0,37	0	0	0
0,38	0	0	0
0,39	0	0	0
0,4	0	0	0
0,41	0	0	0
0,42	0	0	0
0,43	0	0	0
0,44	0	0	0
0,45	0	0	0
0,46	0	0	0
0,47	0	0	0
0,48	0	0	0
0,49	0	0	0
0,5	0	0	0
0,51	0	0	0
0,52	0	0	0
0,53	0	0	0
0,54	0	0	0
0,55	0	0	0
0,56	0	0	0
0,57	0	0	0
0,58	0	0	0
0,59	0	0	0
0,6	0	0	0
0,61	0	0	0
0,62	0	0	0
0,63	0	0	0
0,64	0	0	0
0,65	0	0	0
0,66	0	0	0
0,67	0	0	0
0,68	0	0	0
0,69	0	0	0
0,7	0	0	0
0,71	0	0	-0,134670466975
0,72	0	0	-0,942693268823
0,73	0	0	-4,71346634411
0,74	0	-0,0484813681109	-12,7936943626
0,75	0	-0,193925472444	-25,0487068573
0,76	0	-0,678739153553	-25,0487068574
0,77	-0,0174532925199	-0,824183257886	-12,7936943627
0,78	-0,0174532925199	-0,872664626	-4,71346634419
0,79	-0,0349065850399	-0,872664626	-0,942693268743
0,8	-0,0349065850399	-0,872664625997	-0,134670466842
0,81	-0,0523598775599	-0,872664625996	7,63185810844E-011
0,82	-0,0523598775599	-0,872664625996	-0,134670466951
0,83	-0,0698131700798	-0,872664625996	-0,808022801872
0,84	-0,0698131700798	-0,872664625996	-3,77077307537
0,85	-0,0872664625997	-0,921145994108	-8,21489848559
0,86	-0,0872664625997	-1,01810873033	-13,0630352966
0,87	-0,10471975512	-1,35747830711	-3,77077307521
0,88	-0,12217304764	-1,06659009844	4,04011400937
0,89	-0,12217304764	-1,06659009844	-5,11747774497
0,9	-0,13962634016	-1,3574783071	-0,942693268823
0,91	-0,157079632679	-1,06659009844	0,269340933878
0,92	-0,157079632679	-1,11507146655	-16,833808372
0,93	-0,174532925199	-1,55140377955	-21,2779337821
0,94	-0,191986217719	-1,69684788388	-11,9856715607
0,95	-0,209439510239	-1,74532925199	-4,57879587708
0,96	-0,226892802759	-1,74532925199	-0,942693268879
0,97	-0,244346095279	-1,745329252	-0,134670467031
0,98	-0,261799387799	-1,745329252	5,61476790987E-011
0,99	-0,279252680319	-1,74532925199	5,61476790987E-011
1	-0,296705972839	-1,74532925199	-5,52712196998E-011
1,01	-0,314159265359	-1,745329252	-5,08864555431E-011
1,02	-0,331612557879	-1,745329252	7,98262690517E-011
1,03	-0,349065850399	-1,74532925199	-0,134670466871
1,04	-0,366519142919	-1,74532925199	-0,942693268824
1,05	-0,383972435439	-1,74532925199	-4,57879587725
1,06	-0,401425727959	-1,79381062011	-11,8510010939
1,07	-0,418879020479	-1,93925472444	-20,3352405132
1,08	-0,436332312999	-2,37558703744	-12,2550124947
1,09	-0,471238898038	-2,37558703744	12,2550124947
1,1	-0,488692190558	-1,93925472444	20,3352405133
1,11	-0,506145483078	-1,7938106201	11,8510010939
1,12	-0,523598775598	-1,74532925199	4,57879587714
1,13	-0,541052068118	-1,74532925199	0,942693268719
1,14	-0,558505360638	-1,745329252	0,26934093387
1,15	-0,575958653158	-1,745329252	0,942693268874
1,16	-0,593411945678	-1,74532925199	4,57879587719
1,17	-0,610865238198	-1,69684788388	11,8510010937
1,18	-0,628318530718	-1,55140377955	20,3352405131
1,19	-0,645771823238	-1,11507146655	12,3896829617
1,2	-0,645771823238	-1,11507146655	-11,3123192258
1,21	-0,663225115758	-1,55140377955	-15,756444636
1,22	-0,680678408278	-1,64836651577	0,134670466872
1,23	-0,698131700798	-1,55140377955	16,6991379048
1,24	-0,715584993318	-1,11507146655	16,0257855701
1,25	-0,715584993318	-1,06659009844	0,404011401056
1,26	-0,733038285838	-1,3574783071	4,71346634419
1,27	-0,750491578358	-1,01810873033	13,3323762305
1,28	-0,750491578358	-0,921145994107	9,15759175428
1,29	-0,767944870877	-0,872664625996	8,48423941941
1,3	-0,767944870877	-0,824183257885	13,6017171644
1,31	-0,785398163397	-0,678739153552	25,1833773243
1,32	-0,785398163397	-0,193925472444	25,0487068573
1,33	-0,785398163397	-0,0484813681109	12,7936943626
1,34	-0,785398163397	0	4,71346634411
1,35	-0,785398163397	0	1,0773637358
1,36	-0,785398163397	0	1,0773637358
1,37	-0,785398163397	0	4,71346634411
1,38	-0,785398163397	0,0484813681109	12,7936943626
1,39	-0,785398163397	0,193925472444	25,0487068573
1,4	-0,785398163397	0,678739153552	25,1833773243
1,41	-0,767944870877	0,824183257885	13,7363876314
1,42	-0,767944870877	0,872664625996	9,42693268823
1,43	-0,750491578358	0,921145994107	13,6017171645
1,44	-0,750491578358	1,06659009844	24,2406840555
1,45	-0,733038285838	1,55140377955	20,6045814473
1,46	-0,715584993318	1,64836651577	1,88538653773
1,47	-0,698131700798	1,55140377955	-11,042978292
1,48	-0,680678408278	1,16355283466	0,538681867843
1,49	-0,680678408278	1,308996939	32,7249234749
1,5	-0,663225115758	2,18166156499	32,7249234749
1,51	-0,628318530718	2,32710566933	0,538681867843
1,52	-0,610865238198	1,93925472444	-11,042978292
1,53	-0,593411945678	1,84229198822	1,88538653771
1,54	-0,575958653158	1,93925472444	20,6045814472
1,55	-0,558505360638	2,42406840555	24,1060135885
1,56	-0,523598775598	2,56951250988	12,6590238956
1,57	-0,506145483078	2,61799387799	4,71346634415
1,58	-0,471238898038	2,61799387799	0,942693268791
1,59	-0,453785605519	2,61799387799	0,269340933949
1,6	-0,418879020479	2,61799387799	0,942693268855
1,61	-0,401425727959	2,61799387799	4,57879587711
1,62	-0,366519142919	2,6664752461	11,8510010938
1,63	-0,349065850399	2,81191935044	20,4699109802
1,64	-0,314159265359	3,24825166343	13,1977057635
1,65	-0,279252680319	3,24825166343	-7,54154615061
1,66	-0,244346095279	2,86040071855	-7,54154615066
1,67	-0,226892802759	2,86040071854	13,0630352965
1,68	-0,191986217719	3,29673303154	19,5272177114
1,69	-0,157079632679	3,44217713588	7,27220521666
1,7	-0,12217304764	3,44217713588	-7,27220521666
1,71	-0,0872664625997	3,29673303154	-19,3925472444
1,72	-0,0523598775599	2,86040071854	-12,1203420277
1,73	-0,0349065850399	2,86040071855	12,2550124948
1,74	0	3,29673303155	20,2005700463
1,75	0,0349065850398	3,44217713588	10,908307825
1,76	0,0698131700798	3,49065850399	-1,92993769114E-011
1,77	0,10471975512	3,44217713588	-10,908307825
1,78	0,13962634016	3,29673303154	-20,3352405133
1,79	0,174532925199	2,86040071854	-13,1977057635
1,8	0,191986217719	2,86040071855	7,67621661763
1,81	0,226892802759	3,24825166343	8,34956895246
1,82	0,261799387799	3,24825166343	-9,42693268826
1,83	0,296705972839	2,86040071855	-12,2550124948
1,84	0,314159265359	2,81191935043	1,21203420277
1,85	0,349065850399	3,1028075591	-0,942693268749
1,86	0,383972435439	2,81191935044	-5,92550054686
1,87	0,401425727959	2,81191935044	0,269340933897
1,88	0,436332312999	3,05432619099	-11,9856715609
1,89	0,471238898038	2,61799387799	-26,1260705932
1,9	0,488692190558	2,18166156499	-11,9856715607
1,91	0,506145483078	2,42406840555	0,269340934028
1,92	0,541052068118	2,42406840555	-5,92550054689
1,93	0,558505360638	2,13318019688	-1,07736373579
1,94	0,575958653158	2,42406840555	0,269340933982
1,95	0,610865238198	2,37558703744	-16,8338083719
1,96	0,628318530718	1,93925472444	-21,277933782
1,97	0,645771823238	1,79381062011	-12,1203420277
1,98	0,663225115758	1,745329252	-5,52148914607
1,99	0,680678408278	1,74532925199	-5,52148914609
2	0,698131700798	1,69684788388	-12,1203420278
2,01	0,715584993318	1,55140377955	-21,4126042489
2,02	0,733038285838	1,11507146655	-17,7765016405
2,03	0,733038285838	1,06659009844	-4,30945494311
2,04	0,750491578358	1,308996939	-12,9283648296
2,05	0,767944870877	0,872664625997	-26,2607410602
2,06	0,767944870877	0,436332312998	-11,9856715608
2,07	0,767944870877	0,678739153552	0,26934093392
2,08	0,785398163397	0,678739153552	-5,92550054689
2,09	0,785398163397	0,387850944887	-1,21203420277
2,1	0,785398163397	0,678739153552	-0,673352334873
2,11	0,802851455917	0,630257785441	-21,412604249
2,12	0,802851455917	0,145444104333	-33,2636053427
2,13	0,802851455917	-0,145444104333	-33,2636053427
2,14	0,802851455917	-0,630257785441	-21,412604249
2,15	0,785398163397	-0,678739153552	-0,673352334873
2,16	0,785398163397	-0,387850944887	-1,21203420277
2,17	0,785398163397	-0,678739153552	-5,92550054689
2,18	0,767944870877	-0,678739153552	0,26934093392
2,19	0,767944870877	-0,436332312998	-11,9856715608
2,2	0,767944870877	-0,872664625997	-26,2607410602
2,21	0,750491578358	-1,308996939	-12,9283648296
2,22	0,733038285838	-1,06659009844	-4,30945494311
2,23	0,733038285838	-1,11507146655	-17,7765016405
2,24	0,715584993318	-1,55140377955	-21,4126042489
2,25	0,698131700798	-1,69684788388	-11,9856715608
2,26	0,680678408278	-1,74532925199	-4,71346634424
2,27	0,663225115758	-1,745329252	-1,88538653773
2,28	0,645771823238	-1,745329252	-4,71346634406
2,29	0,628318530718	-1,7938106201	-11,9856715607
2,3	0,610865238198	-1,93925472444	-21,2779337821
2,31	0,593411945678	-2,37558703744	-16,9684788389
2,32	0,558505360638	-2,42406840555	-0,673352334866
2,33	0,541052068118	-2,13318019688	-5,52148914597
2,34	0,523598775598	-2,47254977366	-16,9684788388
2,35	0,488692190558	-2,61799387799	-16,2951265039
2,36	0,471238898038	-2,76343798232	-16,02578557
2,37	0,436332312999	-3,1028075591	-0,942693268903
2,38	0,401425727959	-2,76343798233	11,1776487589
2,39	0,383972435439	-2,6664752461	3,50143214137
2,4	0,349065850399	-2,6664752461	-8,0802280184
2,41	0,331612557879	-2,81191935043	-19,6618881783
2,42	0,296705972839	-3,24825166343	-13,0630352966
2,43	0,261799387799	-3,24825166343	7,54154615061
2,44	0,226892802759	-2,86040071854	7,54154615056
2,45	0,209439510239	-2,86040071855	-13,1977057636
2,46	0,174532925199	-3,29673303155	-20,3352405132
2,47	0,13962634016	-3,44217713588	-10,908307825
2,48	0,10471975512	-3,49065850399	1,93104791416E-011
2,49	0,0698131700798	-3,44217713588	10,908307825
2,5	0,0349065850398	-3,29673303154	20,2005700463
2,51	0	-2,86040071854	12,2550124947
2,52	-0,0174532925199	-2,86040071855	-12,1203420278
2,53	-0,0523598775599	-3,29673303155	-19,3925472444
2,54	-0,0872664625997	-3,44217713588	-7,27220521665
2,55	-0,12217304764	-3,44217713588	7,27220521665
2,56	-0,157079632679	-3,29673303155	19,5272177114
2,57	-0,191986217719	-2,86040071855	13,0630352966
2,58	-0,209439510239	-2,86040071854	-7,54154615058
2,59	-0,244346095279	-3,24825166343	-7,54154615066
2,6	-0,279252680319	-3,24825166343	13,1977057635
2,61	-0,314159265359	-2,81191935044	20,4699109802
2,62	-0,331612557879	-2,6664752461	11,8510010939
2,63	-0,366519142919	-2,61799387799	4,57879587716
2,64	-0,383972435439	-2,61799387799	0,942693268796
2,65	-0,418879020479	-2,61799387799	0,269340933983
2,66	-0,436332312999	-2,61799387799	0,942693268828
2,67	-0,471238898038	-2,61799387799	4,57879587713
2,68	-0,488692190558	-2,56951250988	11,8510010939
2,69	-0,523598775598	-2,42406840555	20,4699109802
2,7	-0,541052068118	-1,98773609255	13,1977057635
2,71	-0,558505360638	-1,98773609255	-7,40687568369
2,72	-0,575958653158	-2,37558703744	-6,59885288175
2,73	-0,610865238198	-2,37558703744	17,7765016407
2,74	-0,628318530718	-1,89077335633	32,3209120739
2,75	-0,645771823238	-1,59988514766	32,320912074
2,76	-0,663225115758	-1,11507146655	17,7765016408
2,77	-0,663225115758	-1,11507146655	-6,59885288176
2,78	-0,680678408278	-1,50292241144	-7,27220521674
2,79	-0,698131700798	-1,50292241144	14,0057285653
2,8	-0,715584993318	-1,06659009844	24,2406840555
2,81	-0,715584993318	-0,872664625997	20,0658995794
2,82	-0,733038285838	-0,727220521664	17,7765016407
2,83	-0,733038285838	-0,387850944887	5,65615961297
2,84	-0,733038285838	-0,678739153552	0,67335233488
2,85	-0,750491578358	-0,630257785441	16,9684788388
2,86	-0,750491578358	-0,193925472444	21,277933782
2,87	-0,750491578358	-0,0484813681109	12,1203420277
2,88	-0,750491578358	0	5,52148914596
2,89	-0,750491578358	0	5,52148914596
2,9	-0,750491578358	0,0484813681109	12,1203420277
2,91	-0,750491578358	0,193925472444	21,277933782
2,92	-0,750491578358	0,630257785441	16,9684788388
2,93	-0,733038285838	0,678739153552	0,67335233488
2,94	-0,733038285838	0,387850944887	5,52148914599
2,95	-0,733038285838	0,727220521664	16,9684788389
2,96	-0,715584993318	0,872664625997	16,429796971
2,97	-0,715584993318	1,01810873033	16,9684788389
2,98	-0,698131700798	1,35747830711	5,52148914589
2,99	-0,680678408278	1,06659009844	0,673352334771
3	-0,680678408278	1,11507146655	16,9684788388
3,01	-0,663225115758	1,55140377955	21,2779337821
3,02	-0,645771823238	1,69684788388	12,1203420278
3,03	-0,628318530718	1,745329252	5,52148914591
3,04	-0,610865238198	1,74532925199	5,52148914591
3,05	-0,593411945678	1,7938106201	12,1203420278
3,06	-0,575958653158	1,93925472444	21,2779337821
3,07	-0,558505360638	2,37558703744	16,9684788388
3,08	-0,523598775598	2,42406840555	0,538681867849
3,09	-0,506145483078	2,13318019688	4,7134663442
3,1	-0,488692190558	2,47254977366	13,1977057636
3,11	-0,453785605519	2,56951250988	8,2148984855
3,12	-0,436332312999	2,61799387799	3,77077307524
3,13	-0,401425727959	2,61799387799	0,808022801722
3,14	-0,383972435439	2,61799387799	0,26934093387
3,15	-0,349065850399	2,61799387799	0,942693268903
3,16	-0,331612557879	2,61799387799	4,57879587727
3,17	-0,296705972839	2,6664752461	11,8510010938
3,18	-0,279252680319	2,81191935044	20,4699109802
3,19	-0,244346095279	3,24825166343	13,1977057635
3,2	-0,209439510239	3,24825166343	-7,67621661761
3,21	-0,174532925199	2,86040071855	-8,48423941949
3,22	-0,157079632679	2,86040071854	8,61890988635
3,23	-0,12217304764	3,24825166343	8,61890988641
3,24	-0,0872664625997	3,24825166343	-8,61890988641
3,25	-0,0523598775599	2,86040071854	-8,61890988636
3,26	-0,0349065850399	2,86040071855	8,61890988646
3,27	0	3,24825166343	8,61890988641
3,28	0,0349065850398	3,24825166343	-8,61890988641
3,29	0,0698131700798	2,86040071855	-8,61890988645
3,3	0,0872664625997	2,86040071854	8,61890988638
3,31	0,12217304764	3,24825166343	8,61890988645
3,32	0,157079632679	3,24825166343	-8,61890988635
3,33	0,191986217719	2,86040071855	-8,61890988641
3,34	0,209439510239	2,86040071855	8,48423941933
3,35	0,244346095279	3,24825166343	7,67621661756
3,36	0,279252680319	3,24825166343	-13,1977057634
3,37	0,314159265359	2,81191935044	-20,4699109801
3,38	0,331612557879	2,6664752461	-11,8510010938
3,39	0,366519142919	2,61799387799	-4,71346634419
3,4	0,383972435439	2,61799387799	-1,7507160707
3,41	0,418879020479	2,61799387799	-3,90544354226
3,42	0,436332312999	2,56951250988	-8,21489848554
3,43	0,471238898038	2,47254977366	-13,1977057636
3,44	0,488692190558	2,13318019688	-4,71346634405
3,45	0,506145483078	2,42406840555	-0,538681867819
3,46	0,541052068118	2,37558703744	-16,9684788388
3,47	0,558505360638	1,93925472444	-21,277933782
3,48	0,575958653158	1,79381062011	-11,9856715607
3,49	0,593411945678	1,745329252	-4,57879587722
3,5	0,610865238198	1,74532925199	-1,07736373586
3,51	0,628318530718	1,74532925199	-1,07736373574
3,52	0,645771823238	1,745329252	-4,71346634406
3,53	0,663225115758	1,69684788388	-12,7936943627
3,54	0,680678408278	1,55140377955	-25,0487068574
3,55	0,698131700798	1,06659009844	-25,0487068574
3,56	0,698131700798	0,921145994107	-12,7936943626
3,57	0,715584993318	0,872664625996	-4,84813681106
3,58	0,715584993318	0,872664625996	-1,88538653757
3,59	0,733038285838	0,872664625997	-4,84813681096
3,6	0,733038285838	0,824183257889	-12,7936943625
3,61	0,750491578358	0,678739153556	-25,0487068574
3,62	0,750491578358	0,193925472445	-25,0487068574
3,63	0,750491578358	0,0484813681112	-12,7936943627
3,64	0,750491578358	0	-4,71346634414
3,65	0,750491578358	0	-1,0773637358
3,66	0,750491578358	0	-1,0773637358
3,67	0,750491578358	0	-4,71346634414
3,68	0,750491578358	-0,0484813681112	-12,7936943627
3,69	0,750491578358	-0,193925472445	-25,0487068574
3,7	0,750491578358	-0,678739153556	-25,0487068574
3,71	0,733038285838	-0,824183257889	-12,7936943625
3,72	0,733038285838	-0,872664625997	-4,84813681096
3,73	0,715584993318	-0,872664625996	-1,88538653757
3,74	0,715584993318	-0,872664625996	-4,84813681106
3,75	0,698131700798	-0,921145994107	-12,7936943626
3,76	0,698131700798	-1,06659009844	-25,0487068574
3,77	0,680678408278	-1,55140377955	-25,0487068574
3,78	0,663225115758	-1,69684788388	-12,7936943627
3,79	0,645771823238	-1,745329252	-4,71346634406
3,8	0,628318530718	-1,74532925199	-1,07736373574
3,81	0,610865238198	-1,74532925199	-1,07736373586
3,82	0,593411945678	-1,745329252	-4,57879587722
3,83	0,575958653158	-1,79381062011	-11,9856715607
3,84	0,558505360638	-1,93925472444	-21,277933782
3,85	0,541052068118	-2,37558703744	-16,9684788388
3,86	0,506145483078	-2,42406840555	-0,538681867819
3,87	0,488692190558	-2,13318019688	-4,71346634405
3,88	0,471238898038	-2,47254977366	-13,3323762306
3,89	0,436332312999	-2,56951250988	-9,02292128738
3,9	0,418879020479	-2,61799387799	-7,54154615058
3,91	0,383972435439	-2,6664752461	-9,02292128733
3,92	0,366519142919	-2,76343798233	-13,1977057636
3,93	0,331612557879	-3,1028075591	-3,77077307532
3,94	0,296705972839	-2,81191935044	4,04011400927
3,95	0,279252680319	-2,81191935044	-5,11747774496
3,96	0,244346095279	-3,1028075591	-0,808022801848
3,97	0,209439510239	-2,81191935044	1,2120342027
3,98	0,191986217719	-2,86040071855	-12,2550124947
3,99	0,157079632679	-3,24825166343	-9,4269326882
4	0,12217304764	-3,24825166343	8,48423941948
4,01	0,0872664625997	-2,86040071854	8,61890988638
4,02	0,0698131700798	-2,86040071855	-8,61890988646
4,03	0,0349065850398	-3,24825166343	-8,61890988641
4,04	0	-3,24825166343	8,61890988641
4,05	-0,0349065850399	-2,86040071855	8,61890988646
4,06	-0,0523598775599	-2,86040071854	-8,61890988636
4,07	-0,0872664625997	-3,24825166343	-8,48423941943
4,08	-0,12217304764	-3,24825166343	9,42693268825
4,09	-0,157079632679	-2,86040071854	12,2550124947
4,1	-0,174532925199	-2,81191935044	-1,21203420286
4,11	-0,209439510239	-3,1028075591	0,808022801795
4,12	-0,244346095279	-2,81191935044	5,11747774502
4,13	-0,261799387799	-2,81191935044	-4,04011400922
4,14	-0,296705972839	-3,1028075591	3,77077307537
4,15	-0,331612557879	-2,76343798232	13,1977057637
4,16	-0,349065850399	-2,6664752461	9,02292128739
4,17	-0,383972435439	-2,61799387799	7,54154615053
4,18	-0,401425727959	-2,56951250988	9,02292128722
4,19	-0,436332312999	-2,47254977366	13,3323762305
4,2	-0,453785605519	-2,13318019688	4,71346634411
4,21	-0,471238898038	-2,42406840555	0,53868186789
4,22	-0,506145483078	-2,37558703744	16,9684788389
4,23	-0,523598775598	-1,93925472444	21,2779337821
4,24	-0,541052068118	-1,7938106201	11,9856715607
4,25	-0,558505360638	-1,745329252	4,71346634406
4,26	-0,575958653158	-1,745329252	1,8853865377
4,27	-0,593411945678	-1,74532925199	4,71346634417
4,28	-0,610865238198	-1,69684788388	11,9856715607
4,29	-0,628318530718	-1,55140377955	21,2779337819
4,3	-0,645771823238	-1,11507146655	16,9684788389
4,31	-0,645771823238	-1,06659009844	0,673352335007
4,32	-0,663225115758	-1,35747830711	5,52148914604
4,33	-0,680678408278	-1,01810873033	16,9684788388
4,34	-0,680678408278	-0,872664625996	16,4297969709
4,35	-0,698131700798	-0,727220521664	16,9684788387
4,36	-0,698131700798	-0,387850944888	5,52148914583
4,37	-0,698131700798	-0,678739153556	0,673352334794
4,38	-0,715584993318	-0,630257785446	16,9684788389
4,39	-0,715584993318	-0,193925472445	21,4126042491
4,4	-0,715584993318	-0,0484813681112	12,9283648297
4,41	-0,715584993318	0	9,15759175434
4,42	-0,715584993318	0,0484813681112	12,9283648297
4,43	-0,715584993318	0,193925472445	21,4126042491
4,44	-0,715584993318	0,630257785446	16,9684788389
4,45	-0,698131700798	0,678739153556	0,538681867819
4,46	-0,698131700798	0,387850944888	4,71346634398
4,47	-0,698131700798	0,727220521664	13,3323762304
4,48	-0,680678408278	0,824183257885	9,15759175425
4,49	-0,680678408278	0,872664625996	8,34956895245
4,5	-0,663225115758	0,921145994107	12,6590238957
4,51	-0,663225115758	1,06659009844	20,6045814473
4,52	-0,645771823238	1,50292241144	13,1977057636
4,53	-0,628318530718	1,50292241144	-7,54154615066
4,54	-0,610865238198	1,11507146655	-7,40687568371
4,55	-0,610865238198	1,11507146655	14,1403990323
4,56	-0,593411945678	1,55140377955	25,0487068574
4,57	-0,575958653158	1,745329252	23,7020021876
4,58	-0,558505360638	1,93925472444	25,0487068572
4,59	-0,541052068118	2,37558703743	14,1403990323
4,6	-0,506145483078	2,37558703743	-7,54154615052
4,61	-0,488692190558	1,98773609255	-8,34956895235
4,62	-0,471238898038	1,98773609255	9,42693268822
4,63	-0,453785605519	2,37558703744	12,3896829617
4,64	-0,418879020479	2,42406840555	-0,404011400915
4,65	-0,401425727959	2,13318019688	4,57879587706
4,66	-0,383972435439	2,47254977366	13,3323762304
4,67	-0,349065850399	2,56951250988	9,02292128739
4,68	-0,331612557879	2,61799387799	7,54154615071
4,69	-0,296705972839	2,6664752461	9,02292128736
4,7	-0,279252680319	2,76343798233	13,1977057635
4,71	-0,244346095279	3,1028075591	3,77077307521
4,72	-0,209439510239	2,81191935043	-4,04011400926
4,73	-0,191986217719	2,81191935044	4,98280727809
4,74	-0,157079632679	3,1028075591	-2,72004641033E-011
4,75	-0,12217304764	2,81191935043	-4,84813681106
4,76	-0,10471975512	2,81191935044	4,84813681117
4,77	-0,0698131700798	3,1028075591	5,2640607922E-011
4,78	-0,0349065850399	2,81191935044	-4,84813681107
4,79	-0,0174532925199	2,81191935044	4,84813681107
4,8	0,0174532925199	3,1028075591	-5,2640607922E-011
4,81	0,0523598775599	2,81191935044	-4,84813681117
4,82	0,0698131700798	2,81191935043	4,84813681106
4,83	0,10471975512	3,1028075591	2,63221543327E-011
4,84	0,13962634016	2,81191935044	-4,84813681112
4,85	0,157079632679	2,81191935043	4,84813681109
4,86	0,191986217719	3,1028075591	3,24604540778E-011
4,87	0,226892802759	2,81191935044	-4,98280727809
4,88	0,244346095279	2,81191935043	3,90544354229
4,89	0,279252680319	3,1028075591	-4,57879587706
4,9	0,314159265359	2,76343798233	-16,8338083718
4,91	0,331612557879	2,61799387799	-16,4297969709
4,92	0,366519142919	2,47254977366	-16,8338083719
4,93	0,383972435439	2,13318019688	-4,57879587717
4,94	0,401425727959	2,42406840555	3,90544354227
4,95	0,436332312999	2,42406840555	-5,11747774512
4,96	0,453785605519	2,13318019688	-0,942693268884
4,97	0,471238898038	2,42406840555	0,269340934005
4,98	0,506145483078	2,37558703744	-16,8338083718
4,99	0,523598775598	1,93925472444	-21,2779337821
5	0,541052068118	1,7938106201	-11,9856715608
5,01	0,558505360638	1,74532925199	-4,71346634406
5,02	0,575958653158	1,745329252	-1,88538653759
5,03	0,593411945678	1,745329252	-4,71346634419
5,04	0,610865238198	1,69684788388	-11,9856715608
5,05	0,628318530718	1,55140377955	-21,277933782
5,06	0,645771823238	1,11507146655	-16,9684788387
5,07	0,645771823238	1,06659009844	-0,6733523348
5,08	0,663225115758	1,35747830711	-5,52148914604
5,09	0,680678408278	1,01810873033	-16,9684788389
5,1	0,680678408278	0,872664625996	-16,429796971
5,11	0,698131700798	0,727220521663	-16,9684788388
5,12	0,698131700798	0,387850944887	-5,52148914597
5,13	0,698131700798	0,678739153552	-0,673352334874
5,14	0,715584993318	0,630257785441	-16,9684788388
5,15	0,715584993318	0,193925472444	-21,277933782
5,16	0,715584993318	0,0484813681109	-11,9856715607
5,17	0,715584993318	0	-4,71346634411
5,18	0,715584993318	0	-1,88538653765
5,19	0,715584993318	0	-4,84813681109
5,2	0,715584993318	-0,0484813681109	-12,7936943626
5,21	0,715584993318	-0,193925472444	-25,0487068573
5,22	0,715584993318	-0,678739153552	-25,0487068573
5,23	0,698131700798	-0,824183257885	-12,7936943626
5,24	0,698131700798	-0,872664625996	-4,84813681109
5,25	0,680678408278	-0,872664625996	-1,88538653768
5,26	0,680678408278	-0,872664625996	-4,71346634419
5,27	0,663225115758	-0,921145994108	-11,8510010939
5,28	0,663225115758	-1,06659009844	-20,4699109802
5,29	0,645771823238	-1,50292241144	-13,1977057634
5,3	0,628318530718	-1,50292241144	7,40687568371
5,31	0,610865238198	-1,11507146655	6,59885288176
5,32	0,610865238198	-1,11507146655	-17,7765016408
5,33	0,593411945678	-1,59988514766	-32,320912074
5,34	0,575958653158	-1,89077335633	-32,1862416069
5,35	0,558505360638	-2,37558703744	-16,9684788388
5,36	0,523598775598	-2,37558703744	10,369625957
5,37	0,506145483078	-1,93925472444	15,4871037022
5,38	0,488692190558	-1,84229198822	-0,942693268762
5,39	0,471238898038	-1,93925472444	-20,4699109802
5,4	0,453785605519	-2,42406840555	-24,1060135885
5,41	0,418879020479	-2,56951250988	-12,6590238956
5,42	0,401425727959	-2,61799387799	-4,71346634412
5,43	0,366519142919	-2,61799387799	-0,942693268855
5,44	0,349065850399	-2,61799387799	-0,269340933918
5,45	0,314159265359	-2,61799387799	-0,808022801848
5,46	0,296705972839	-2,61799387799	-3,77077307532
5,47	0,261799387799	-2,6664752461	-8,21489848543
5,48	0,244346095279	-2,76343798232	-13,0630352966
5,49	0,209439510239	-3,1028075591	-3,77077307537
5,5	0,174532925199	-2,81191935044	4,04011400921
5,51	0,157079632679	-2,81191935044	-4,98280727803
5,52	0,12217304764	-3,1028075591	7,98262690517E-011
5,53	0,0872664625997	-2,81191935043	4,84813681111
5,54	0,0698131700798	-2,81191935044	-4,84813681112
5,55	0,0349065850398	-3,1028075591	2,72004641033E-011
5,56	0	-2,81191935043	4,84813681106
5,57	-0,0174532925199	-2,81191935044	-4,84813681117
5,58	-0,0523598775599	-3,1028075591	-2,89546164822E-011
5,59	-0,0872664625997	-2,81191935044	4,98280727809
5,6	-0,10471975512	-2,81191935044	-4,04011400916
5,61	-0,13962634016	-3,1028075591	3,77077307531
5,62	-0,174532925199	-2,76343798232	13,0630352965
5,63	-0,191986217719	-2,6664752461	8,21489848548
5,64	-0,226892802759	-2,61799387799	3,77077307527
5,65	-0,244346095279	-2,61799387799	0,808022801769
5,66	-0,279252680319	-2,61799387799	0,269340933926
5,67	-0,296705972839	-2,61799387799	0,808022801901
5,68	-0,331612557879	-2,61799387799	3,77077307542
5,69	-0,349065850399	-2,56951250988	8,21489848554
5,7	-0,383972435439	-2,47254977366	13,1977057635
5,71	-0,401425727959	-2,13318019688	4,71346634403
5,72	-0,418879020479	-2,42406840555	0,538681867907
5,73	-0,453785605519	-2,37558703744	16,9684788388
5,74	-0,471238898038	-1,93925472444	21,277933782
5,75	-0,488692190558	-1,79381062011	11,9856715608
5,76	-0,506145483078	-1,74532925199	4,57879587725
5,77	-0,523598775598	-1,74532925199	1,0773637358
5,78	-0,541052068118	-1,74532925199	1,07736373569
5,79	-0,558505360638	-1,745329252	4,57879587706
5,8	-0,575958653158	-1,69684788388	11,9856715608
5,81	-0,593411945678	-1,55140377955	21,2779337821
5,82	-0,610865238198	-1,11507146655	16,9684788388
5,83	-0,610865238198	-1,06659009844	0,673352334771
5,84	-0,628318530718	-1,35747830711	5,52148914589
5,85	-0,645771823238	-1,01810873033	16,9684788389
5,86	-0,645771823238	-0,872664625997	16,429796971
5,87	-0,663225115758	-0,727220521664	16,9684788389
5,88	-0,663225115758	-0,387850944887	5,52148914599
5,89	-0,663225115758	-0,678739153552	0,67335233488
5,9	-0,680678408278	-0,630257785441	16,9684788388
5,91	-0,680678408278	-0,193925472444	21,412604249
5,92	-0,680678408278	-0,0484813681109	12,9283648296
5,93	-0,680678408278	0	9,15759175428
5,94	-0,680678408278	0,0484813681109	12,9283648296
5,95	-0,680678408278	0,193925472444	21,412604249
5,96	-0,680678408278	0,630257785441	16,9684788388
5,97	-0,663225115758	0,678739153552	0,538681867905
5,98	-0,663225115758	0,387850944887	4,71346634414
5,99	-0,663225115758	0,727220521664	13,3323762306
6	-0,645771823238	0,824183257886	9,15759175441
6,01	-0,645771823238	0,872664626	8,34956895251
6,02	-0,628318530718	0,921145994111	12,6590238955
6,03	-0,628318530718	1,06659009844	20,604581447
6,04	-0,610865238198	1,50292241144	13,1977057635
6,05	-0,593411945678	1,50292241144	-7,54154615053
6,06	-0,575958653158	1,11507146655	-7,54154615046
6,07	-0,575958653158	1,11507146655	13,1977057636
6,08	-0,558505360638	1,55140377955	20,6045814471
6,09	-0,541052068118	1,69684788388	12,7936943625
6,1	-0,523598775598	1,74532925199	9,15759175428
6,11	-0,506145483078	1,7938106201	12,7936943627
6,12	-0,488692190558	1,93925472444	20,6045814472
6,13	-0,471238898038	2,37558703744	13,1977057635
6,14	-0,436332312999	2,37558703744	-7,54154615058
6,15	-0,418879020479	1,98773609255	-7,54154615057
6,16	-0,401425727959	1,98773609255	13,1977057634
6,17	-0,383972435439	2,42406840555	20,4699109801
6,18	-0,349065850399	2,56951250988	11,8510010939
6,19	-0,331612557879	2,61799387799	4,57879587727
6,2	-0,296705972839	2,61799387799	0,942693268875
6,21	-0,279252680319	2,61799387799	0,134670466951
6,22	-0,244346095279	2,61799387799	-7,89516600245E-011
6,23	-0,226892802759	2,61799387799	-2,36859914398E-011
6,24	-0,191986217719	2,61799387799	2,63110521025E-011
6,25	-0,174532925199	2,61799387799	0,134670466942
6,26	-0,13962634016	2,61799387799	0,808022801848
6,27	-0,12217304764	2,61799387799	3,77077307532
6,28	-0,0872664625997	2,6664752461	8,21489848543
6,29	-0,0698131700798	2,76343798232	13,0630352966
6,3	-0,0349065850399	3,1028075591	3,77077307537
6,31	0	2,81191935044	-4,17478447619
6,32	0,0174532925199	2,81191935044	4,17478447619
6,33	0,0523598775599	3,1028075591	-3,77077307537
6,34	0,0872664625997	2,76343798232	-13,0630352966
6,35	0,10471975512	2,6664752461	-8,21489848543
6,36	0,13962634016	2,61799387799	-3,77077307532
6,37	0,157079632679	2,61799387799	-0,808022801848
6,38	0,191986217719	2,61799387799	-0,134670466943
6,39	0,209439510239	2,61799387799	-3,15747428203E-011
6,4	0,244346095279	2,61799387799	-0,134670466975
6,41	0,261799387799	2,61799387799	-0,808022801816
6,42	0,296705972839	2,61799387799	-3,77077307532
6,43	0,314159265359	2,56951250988	-8,21489848546
6,44	0,349065850399	2,47254977366	-13,1977057635
6,45	0,366519142919	2,13318019688	-4,71346634415
6,46	0,383972435439	2,42406840555	-0,404011400929
6,47	0,418879020479	2,37558703744	-16,02578557
6,48	0,436332312999	1,93925472444	-16,6991379049
6,49	0,453785605519	1,84229198822	-0,269340934011
6,5	0,471238898038	1,93925472444	14,8137513673
6,51	0,488692190558	2,37558703744	6,73352334878
6,52	0,523598775598	2,32710566933	-24,2406840555
6,53	0,541052068118	1,74532925199	-40,6704810265
6,54	0,558505360638	1,16355283466	-24,2406840554
6,55	0,558505360638	1,11507146655	6,73352334884
6,56	0,575958653158	1,55140377955	14,6790809003
6,57	0,593411945678	1,64836651577	-1,07736373588
6,58	0,610865238198	1,55140377955	-20,4699109803
6,59	0,628318530718	1,06659009844	-24,2406840555
6,6	0,628318530718	0,921145994107	-13,4670466974
6,61	0,645771823238	0,872664625997	-8,48423941928
6,62	0,645771823238	0,824183257889	-9,1575917542
6,63	0,663225115758	0,727220521667	-13,3323762306
6,64	0,663225115758	0,387850944888	-4,71346634425
6,65	0,663225115758	0,678739153553	-0,538681867976
6,66	0,680678408278	0,630257785441	-16,9684788388
6,67	0,680678408278	0,193925472444	-21,277933782
6,68	0,680678408278	0,0484813681109	-12,1203420277
6,69	0,680678408278	0	-5,52148914596
6,7	0,680678408278	0	-5,52148914596
6,71	0,680678408278	-0,0484813681109	-12,1203420277
6,72	0,680678408278	-0,193925472444	-21,277933782
6,73	0,680678408278	-0,630257785441	-16,9684788388
6,74	0,663225115758	-0,678739153553	-0,673352334951
6,75	0,663225115758	-0,387850944888	-5,52148914609
6,76	0,663225115758	-0,727220521667	-16,9684788389
6,77	0,645771823238	-0,872664626	-16,4297969708
6,78	0,645771823238	-1,01810873033	-16,9684788387
6,79	0,628318530718	-1,35747830711	-5,52148914591
6,8	0,610865238198	-1,06659009844	-0,538681867946
6,81	0,610865238198	-1,11507146655	-16,1604560371
6,82	0,593411945678	-1,55140377955	-17,6418311738
6,83	0,575958653158	-1,64836651577	-4,71346634406
6,84	0,558505360638	-1,59988514766	3,90544354232
6,85	0,541052068118	-1,308996939	-9,02292128736
6,86	0,541052068118	-1,745329252	-24,6446954564
6,87	0,506145483078	-2,18166156499	-8,21489848538
6,88	0,488692190558	-1,89077335633	7,54154615069
6,89	0,471238898038	-1,7938106201	2,69340933949
6,9	0,453785605519	-1,7938106201	-8,34956895254
6,91	0,436332312999	-1,93925472444	-20,4699109803
6,92	0,418879020479	-2,37558703744	-16,8338083718
6,93	0,383972435439	-2,42406840555	-0,538681867905
6,94	0,366519142919	-2,13318019688	-4,71346634415
6,95	0,349065850399	-2,47254977366	-13,1977057635
6,96	0,314159265359	-2,56951250988	-8,21489848546
6,97	0,296705972839	-2,61799387799	-3,77077307532
6,98	0,261799387799	-2,61799387799	-0,808022801816
6,99	0,244346095279	-2,61799387799	-0,134670466975
7	0,209439510239	-2,61799387799	-3,15747428203E-011
7,01	0,191986217719	-2,61799387799	-0,134670466943
7,02	0,157079632679	-2,61799387799	-0,808022801848
7,03	0,13962634016	-2,61799387799	-3,77077307532
7,04	0,10471975512	-2,6664752461	-8,08022801845
7,05	0,0872664625997	-2,76343798232	-12,2550124947
7,06	0,0523598775599	-3,1028075591	-0,134670467055
7,07	0,0174532925199	-2,76343798233	11,4469896928
7,08	0	-2,6664752461	4,30945494322
7,09	-0,0349065850399	-2,6664752461	-4,30945494311
7,1	-0,0523598775599	-2,76343798232	-11,4469896928
7,11	-0,0872664625997	-3,1028075591	0,134670466948
7,12	-0,12217304764	-2,76343798232	12,2550124947
7,13	-0,13962634016	-2,6664752461	8,08022801848
7,14	-0,174532925199	-2,61799387799	3,77077307526
7,15	-0,191986217719	-2,61799387799	0,808022801874
7,16	-0,226892802759	-2,61799387799	0,269340933926
7,17	-0,244346095279	-2,61799387799	0,942693268744
7,18	-0,279252680319	-2,61799387799	4,57879587712
7,19	-0,296705972839	-2,56951250988	11,8510010938
7,2	-0,331612557879	-2,42406840555	20,4699109803
7,21	-0,349065850399	-1,98773609255	13,1977057636
7,22	-0,366519142919	-1,98773609255	-7,54154615063
7,23	-0,383972435439	-2,37558703744	-7,54154615064
7,24	-0,418879020479	-2,37558703744	13,1977057636
7,25	-0,436332312999	-1,93925472444	20,4699109802
7,26	-0,453785605519	-1,7938106201	11,8510010937
7,27	-0,471238898038	-1,745329252	4,71346634406
7,28	-0,488692190558	-1,745329252	1,88538653773
7,29	-0,506145483078	-1,74532925199	4,71346634424
7,3	-0,523598775598	-1,69684788388	11,9856715608
7,31	-0,541052068118	-1,55140377955	21,277933782
7,32	-0,558505360638	-1,11507146655	16,9684788387
7,33	-0,558505360638	-1,06659009844	0,53868186782
7,34	-0,575958653158	-1,35747830711	4,71346634419
7,35	-0,593411945678	-1,01810873033	13,3323762306
7,36	-0,593411945678	-0,921145994107	9,15759175436
7,37	-0,610865238198	-0,872664625996	8,34956895246
7,38	-0,610865238198	-0,824183257885	12,6590238956
7,39	-0,628318530718	-0,678739153552	20,6045814471
7,4	-0,628318530718	-0,242406840555	13,1977057634
7,41	-0,628318530718	-0,242406840556	-7,54154615071
7,42	-0,628318530718	-0,630257785446	-7,40687568369
7,43	-0,645771823238	-0,630257785446	14,1403990324
7,44	-0,645771823238	-0,193925472445	25,0487068575
7,45	-0,645771823238	0	23,8366726547
7,46	-0,645771823238	0,193925472445	25,8567296593
7,47	-0,645771823238	0,630257785446	17,9111721077
7,48	-0,628318530718	0,678739153556	0,673352334794
7,49	-0,628318530718	0,387850944888	4,71346634398
7,5	-0,628318530718	0,727220521664	13,1977057634
7,51	-0,610865238198	0,824183257885	8,21489848543
7,52	-0,610865238198	0,872664625996	3,90544354227
7,53	-0,593411945678	0,872664625996	1,7507160707
7,54	-0,593411945678	0,872664625996	4,84813681117
7,55	-0,575958653158	0,921145994108	12,6590238958
7,56	-0,575958653158	1,06659009844	24,1060135885
7,57	-0,558505360638	1,55140377955	20,4699109801
7,58	-0,541052068118	1,64836651577	1,07736373567
7,59	-0,523598775598	1,55140377955	-14,6790809003
7,6	-0,506145483078	1,11507146655	-6,73352334869
7,61	-0,506145483078	1,16355283466	24,2406840556
7,62	-0,488692190558	1,745329252	40,6704810265
7,63	-0,471238898038	2,32710566933	24,1060135885
7,64	-0,436332312999	2,37558703744	-7,54154615058
7,65	-0,418879020479	1,93925472444	-18,4498539755
7,66	-0,401425727959	1,79381062011	-7,13753474974
7,67	-0,383972435439	1,7938106201	7,40687568355
7,68	-0,366519142919	1,93925472444	20,3352405132
7,69	-0,349065850399	2,37558703744	16,8338083719
7,7	-0,314159265359	2,42406840555	0,538681867891
7,71	-0,296705972839	2,13318019688	4,71346634412
7,72	-0,279252680319	2,47254977366	13,1977057636
7,73	-0,244346095279	2,56951250988	8,21489848542
7,74	-0,226892802759	2,61799387799	3,77077307529
7,75	-0,191986217719	2,61799387799	0,80802280188
7,76	-0,174532925199	2,61799387799	0,134670466943
7,77	-0,13962634016	2,61799387799	0
7,78	-0,12217304764	2,61799387799	3,15747428203E-011
7,79	-0,0872664625997	2,61799387799	-3,15747428203E-011
7,8	-0,0698131700798	2,61799387799	0
7,81	-0,0349065850399	2,61799387799	3,15747428203E-011
7,82	-0,0174532925199	2,61799387799	-3,15747428203E-011
7,83	0,0174532925199	2,61799387799	0
7,84	0,0349065850398	2,61799387799	3,15747428203E-011
7,85	0,0698131700798	2,61799387799	-3,15747428203E-011
7,86	0,0872664625997	2,61799387799	0
7,87	0,12217304764	2,61799387799	3,15747428203E-011
7,88	0,13962634016	2,61799387799	-3,15747428203E-011
7,89	0,174532925199	2,61799387799	-0,134670466975
7,9	0,191986217719	2,61799387799	-0,808022801816
7,91	0,226892802759	2,61799387799	-3,77077307532
7,92	0,244346095279	2,56951250988	-8,21489848546
7,93	0,279252680319	2,47254977366	-13,1977057635
7,94	0,296705972839	2,13318019688	-4,71346634415
7,95	0,314159265359	2,42406840555	-0,404011400929
7,96	0,349065850399	2,37558703744	-16,02578557
7,97	0,366519142919	1,93925472444	-16,6991379049
7,98	0,383972435439	1,84229198822	-0,134670467036
7,99	0,401425727959	1,93925472444	15,7564446361
8	0,418879020479	2,37558703744	11,177648759
8,01	0,453785605519	2,37558703744	-13,3323762305
8,02	0,471238898038	1,93925472444	-24,9140363904
8,03	0,488692190558	1,74532925199	-23,7020021875
8,04	0,506145483078	1,55140377955	-25,0487068572
8,05	0,523598775598	1,11507146655	-14,1403990324
8,06	0,523598775598	1,11507146655	7,54154615045
8,07	0,541052068118	1,50292241144	8,34956895238
8,08	0,558505360638	1,50292241144	-9,42693268818
8,09	0,575958653158	1,11507146655	-12,3896829615
8,1	0,575958653158	1,06659009844	0,269340934028
8,11	0,593411945678	1,35747830711	-5,52148914604
8,12	0,610865238198	1,01810873033	-17,7765016408
8,13	0,610865238198	0,872664625996	-20,0658995793
8,14	0,628318530718	0,678739153552	-24,2406840555
8,15	0,628318530718	0,242406840554	-14,0057285654
8,16	0,628318530718	0,242406840554	7,40687568361
8,17	0,628318530718	0,630257785441	7,54154615058
8,18	0,645771823238	0,630257785441	-13,1977057635
8,19	0,645771823238	0,193925472444	-20,6045814471
8,2	0,645771823238	0,0484813681109	-12,7936943626
8,21	0,645771823238	0	-9,15759175428
8,22	0,645771823238	-0,0484813681109	-12,9283648296
8,23	0,645771823238	-0,193925472444	-21,412604249
8,24	0,645771823238	-0,630257785441	-16,9684788388
8,25	0,628318530718	-0,678739153552	-0,538681867899
8,26	0,628318530718	-0,387850944887	-4,71346634411
8,27	0,628318530718	-0,727220521663	-13,3323762305
8,28	0,610865238198	-0,824183257885	-9,02292128733
8,29	0,610865238198	-0,872664625996	-7,54154615066
8,3	0,593411945678	-0,921145994108	-9,02292128744
8,31	0,593411945678	-1,01810873033	-13,3323762306
8,32	0,575958653158	-1,35747830711	-4,71346634404
8,33	0,558505360638	-1,06659009844	-0,538681867796
8,34	0,558505360638	-1,11507146655	-16,9684788388
8,35	0,541052068118	-1,55140377955	-21,2779337821
8,36	0,523598775598	-1,69684788388	-11,9856715608
8,37	0,506145483078	-1,745329252	-4,57879587706
8,38	0,488692190558	-1,74532925199	-1,07736373569
8,39	0,471238898038	-1,74532925199	-1,0773637358
8,4	0,453785605519	-1,74532925199	-4,57879587725
8,41	0,436332312999	-1,79381062011	-11,9856715608
8,42	0,418879020479	-1,93925472444	-21,277933782
8,43	0,401425727959	-2,37558703744	-16,8338083718
8,44	0,366519142919	-2,42406840555	0,269340933917
8,45	0,349065850399	-2,13318019688	-0,94269326879
8,46	0,331612557879	-2,42406840555	-5,11747774503
8,47	0,296705972839	-2,42406840555	4,04011400923
8,48	0,279252680319	-2,13318019688	-3,77077307521
8,49	0,261799387799	-2,47254977366	-13,0630352965
8,5	0,226892802759	-2,56951250988	-8,21489848554
8,51	0,209439510239	-2,61799387799	-3,77077307542
8,52	0,174532925199	-2,61799387799	-0,808022801895
8,53	0,157079632679	-2,61799387799	-0,134670466927
8,54	0,12217304764	-2,61799387799	1,26328577229E-010
8,55	0,10471975512	-2,61799387799	7,89516600245E-011
8,56	0,0698131700798	-2,61799387799	-7,89516600245E-011
8,57	0,0523598775599	-2,61799387799	-1,27205653418E-010
8,58	0,0174532925199	-2,61799387799	-5,2640607922E-011
8,59	0	-2,61799387799	2,36909257644E-011
8,6	-0,0349065850399	-2,61799387799	0,134670467055
8,61	-0,0523598775599	-2,61799387799	0,808022801877
8,62	-0,0872664625997	-2,61799387799	3,77077307529
8,63	-0,10471975512	-2,56951250988	8,08022801856
8,64	-0,13962634016	-2,47254977366	12,2550124948
8,65	-0,157079632679	-2,13318019688	0,13467046689
8,66	-0,174532925199	-2,47254977366	-11,446989693
8,67	-0,209439510239	-2,56951250988	-4,30945494324
8,68	-0,226892802759	-2,56951250988	4,44412541019
8,69	-0,261799387799	-2,47254977366	12,3896829618
8,7	-0,279252680319	-2,13318019688	4,57879587717
8,71	-0,296705972839	-2,42406840555	0,404011400927
8,72	-0,331612557879	-2,37558703744	16,0257855701
8,73	-0,349065850399	-1,93925472444	16,699137905
8,74	-0,366519142919	-1,84229198821	0,26934093395
8,75	-0,383972435439	-1,93925472444	-14,8137513673
8,76	-0,401425727959	-2,37558703744	-6,73352334881
8,77	-0,436332312999	-2,32710566933	24,2406840555
8,78	-0,453785605519	-1,74532925199	40,6704810264
8,79	-0,471238898038	-1,16355283466	24,2406840554
8,8	-0,471238898038	-1,11507146655	-6,73352334878
8,81	-0,488692190558	-1,55140377955	-14,8137513671
8,82	-0,506145483078	-1,64836651577	0,269340934077
8,83	-0,523598775598	-1,55140377955	16,8338083719
8,84	-0,541052068118	-1,11507146655	16,8338083718
8,85	-0,541052068118	-1,06659009844	4,17478447609
8,86	-0,558505360638	-1,308996939	12,9283648295
8,87	-0,575958653158	-0,872664626	26,2607410601
8,88	-0,575958653158	-0,436332312999	11,9856715609
8,89	-0,575958653158	-0,678739153553	-0,269340933872
8,9	-0,593411945678	-0,678739153552	5,92550054692
8,91	-0,593411945678	-0,387850944887	1,0773637358
8,92	-0,593411945678	-0,678739153552	-0,269340933948
8,93	-0,610865238198	-0,630257785441	16,9684788388
8,94	-0,610865238198	-0,193925472444	22,2206270508
8,95	-0,610865238198	-0,0484813681109	16,5644674379
8,96	-0,610865238198	0,0484813681109	16,5644674379
8,97	-0,610865238198	0,193925472444	22,2206270508
8,98	-0,610865238198	0,630257785441	16,9684788388
8,99	-0,593411945678	0,678739153552	-0,269340933948
9	-0,593411945678	0,387850944887	1,0773637358
9,01	-0,593411945678	0,678739153552	5,92550054692
9,02	-0,575958653158	0,678739153553	-0,269340933872
9,03	-0,575958653158	0,436332312999	11,9856715609
9,04	-0,575958653158	0,872664626	26,1260705932
9,05	-0,558505360638	1,308996939	11,9856715607
9,06	-0,541052068118	1,06659009844	-0,269340934081
9,07	-0,541052068118	1,06659009844	5,92550054681
9,08	-0,523598775598	1,3574783071	1,0773637358
9,09	-0,506145483078	1,06659009844	-0,269340933878
9,1	-0,506145483078	1,11507146655	16,833808372
9,11	-0,488692190558	1,55140377955	21,2779337821
9,12	-0,471238898038	1,69684788388	11,9856715607
9,13	-0,453785605519	1,74532925199	4,57879587708
9,14	-0,436332312999	1,74532925199	0,942693268878
9,15	-0,418879020479	1,745329252	0,269340934
9,16	-0,401425727959	1,745329252	0,942693268743
9,17	-0,383972435439	1,74532925199	4,57879587704
9,18	-0,366519142919	1,7938106201	11,9856715607
9,19	-0,349065850399	1,93925472444	21,2779337821
9,2	-0,331612557879	2,37558703744	16,8338083719
9,21	-0,296705972839	2,42406840555	-0,269340933952
9,22	-0,279252680319	2,13318019688	0,942693268829
9,23	-0,261799387799	2,42406840555	5,11747774507
9,24	-0,226892802759	2,42406840555	-4,04011400927
9,25	-0,209439510239	2,13318019688	3,63610260832
9,26	-0,191986217719	2,47254977366	12,2550124947
9,27	-0,157079632679	2,56951250988	4,44412541013
9,28	-0,13962634016	2,56951250988	-4,30945494319
9,29	-0,10471975512	2,47254977366	-11,4469896928
9,3	-0,0872664625997	2,13318019688	0,134670466943
9,31	-0,0698131700798	2,47254977366	12,2550124947
9,32	-0,0349065850399	2,56951250988	8,08022801851
9,33	-0,0174532925199	2,61799387799	3,77077307526
9,34	0,0174532925199	2,61799387799	0,673352334873
9,35	0,0349065850398	2,61799387799	-0,673352334842
9,36	0,0698131700798	2,61799387799	-3,77077307532
9,37	0,0872664625997	2,56951250988	-8,08022801848
9,38	0,12217304764	2,47254977366	-12,2550124947
9,39	0,13962634016	2,13318019688	-0,134670467007
9,4	0,157079632679	2,47254977366	11,3123192259
9,41	0,191986217719	2,56951250988	3,50143214135
9,42	0,209439510239	2,56951250988	-8,08022801856
9,43	0,244346095279	2,42406840555	-19,6618881784
9,44	0,261799387799	1,98773609255	-13,0630352965
9,45	0,279252680319	1,98773609255	7,54154615066
9,46	0,296705972839	2,37558703744	7,54154615057
9,47	0,331612557879	2,37558703744	-13,1977057635
9,48	0,349065850399	1,93925472444	-20,4699109801
9,49	0,366519142919	1,79381062011	-11,8510010939
9,5	0,383972435439	1,74532925199	-4,5787958772
9,51	0,401425727959	1,74532925199	-0,942693268768
9,52	0,418879020479	1,745329252	-0,134670466924
9,53	0,436332312999	1,745329252	-0,134670467055
9,54	0,453785605519	1,74532925199	-0,942693268926
9,55	0,471238898038	1,74532925199	-4,57879587714
9,56	0,488692190558	1,69684788388	-11,9856715606
9,57	0,506145483078	1,55140377955	-21,2779337819
9,58	0,523598775598	1,11507146655	-16,9684788389
9,59	0,523598775598	1,06659009844	-0,53868186803
9,6	0,541052068118	1,35747830711	-4,71346634418
9,61	0,558505360638	1,01810873033	-13,3323762305
9,62	0,558505360638	0,921145994107	-9,02292128723
9,63	0,575958653158	0,872664625997	-7,54154615045
9,64	0,575958653158	0,824183257889	-9,02292128722
9,65	0,593411945678	0,727220521667	-13,3323762306
9,66	0,593411945678	0,387850944888	-4,71346634425
9,67	0,593411945678	0,678739153553	-0,538681867976
9,68	0,610865238198	0,630257785441	-16,9684788388
9,69	0,610865238198	0,193925472444	-21,277933782
9,7	0,610865238198	0,0484813681109	-12,1203420277
9,71	0,610865238198	0	-5,52148914596
9,72	0,610865238198	0	-5,52148914596
9,73	0,610865238198	-0,0484813681109	-12,1203420277
9,74	0,610865238198	-0,193925472444	-21,277933782
9,75	0,610865238198	-0,630257785441	-16,9684788388
9,76	0,593411945678	-0,678739153553	-0,538681867976
9,77	0,593411945678	-0,387850944888	-4,71346634425
9,78	0,593411945678	-0,727220521667	-13,3323762306
9,79	0,575958653158	-0,824183257889	-9,02292128722
9,8	0,575958653158	-0,872664625997	-7,54154615045
9,81	0,558505360638	-0,921145994107	-9,02292128723
9,82	0,558505360638	-1,01810873033	-13,3323762305
9,83	0,541052068118	-1,35747830711	-4,71346634418
9,84	0,523598775598	-1,06659009844	-0,53868186803
9,85	0,523598775598	-1,11507146655	-16,9684788389
9,86	0,506145483078	-1,55140377955	-21,2779337819
9,87	0,488692190558	-1,69684788388	-11,9856715606
9,88	0,471238898038	-1,74532925199	-4,57879587714
9,89	0,453785605519	-1,74532925199	-0,942693268926
9,9	0,436332312999	-1,745329252	-0,134670467055
9,91	0,418879020479	-1,745329252	-0,134670466924
9,92	0,401425727959	-1,74532925199	-0,942693268768
9,93	0,383972435439	-1,74532925199	-4,5787958772
9,94	0,366519142919	-1,79381062011	-11,8510010939
9,95	0,349065850399	-1,93925472444	-20,4699109801
9,96	0,331612557879	-2,37558703744	-13,1977057635
9,97	0,296705972839	-2,37558703744	7,54154615057
9,98	0,279252680319	-1,98773609255	7,54154615066
9,99	0,261799387799	-1,98773609255	-13,0630352965
10	0,244346095279	-2,42406840555	-19,6618881784
10,01	0,209439510239	-2,56951250988	-8,08022801856
10,02	0,191986217719	-2,56951250988	3,50143214135
10,03	0,157079632679	-2,47254977366	11,3123192259
10,04	0,13962634016	-2,13318019688	-3,24481182664E-011
10,05	0,12217304764	-2,47254977366	-11,4469896928
10,06	0,0872664625997	-2,56951250988	-4,30945494319
10,07	0,0698131700798	-2,56951250988	4,30945494316
10,08	0,0349065850398	-2,47254977366	11,4469896929
10,09	0,0174532925199	-2,13318019688	-0,134670466975
10,1	0	-2,47254977366	-12,2550124947
10,11	-0,0349065850399	-2,56951250988	-7,94555755147
10,12	-0,0523598775599	-2,61799387799	-2,96275027344
10,13	-0,0872664625997	-2,61799387799	2,96275027343
10,14	-0,10471975512	-2,56951250988	8,08022801856
10,15	-0,13962634016	-2,47254977366	13,0630352966
10,16	-0,157079632679	-2,13318019688	3,77077307523
10,17	-0,174532925199	-2,42406840555	-4,04011400932
10,18	-0,209439510239	-2,42406840555	5,11747774505
10,19	-0,226892802759	-2,13318019688	0,942693268817
10,2	-0,244346095279	-2,42406840555	-0,269340933982
10,21	-0,279252680319	-2,37558703744	16,8338083719
10,22	-0,296705972839	-1,93925472444	21,277933782
10,23	-0,314159265359	-1,79381062011	11,9856715607
10,24	-0,331612557879	-1,745329252	4,57879587724
10,25	-0,349065850399	-1,74532925199	0,942693268932
10,26	-0,366519142919	-1,74532925199	0,134670466976
10,27	-0,383972435439	-1,74532925199	-1,03514110863E-010
10,28	-0,401425727959	-1,745329252	0,134670466895
10,29	-0,418879020479	-1,745329252	0,942693268874
10,3	-0,436332312999	-1,74532925199	4,57879587719
10,31	-0,453785605519	-1,69684788388	11,9856715607
10,32	-0,471238898038	-1,55140377955	21,2779337819
10,33	-0,488692190558	-1,11507146655	16,9684788389
10,34	-0,488692190558	-1,06659009844	0,538681868032
10,35	-0,506145483078	-1,35747830711	4,71346634419
10,36	-0,523598775598	-1,01810873033	13,3323762305
10,37	-0,523598775598	-0,921145994107	9,15759175428
10,38	-0,541052068118	-0,872664625996	8,34956895243
10,39	-0,541052068118	-0,824183257885	12,6590238956
10,4	-0,558505360638	-0,678739153552	20,6045814471
10,41	-0,558505360638	-0,242406840555	13,1977057634
10,42	-0,558505360638	-0,242406840556	-7,54154615071
10,43	-0,558505360638	-0,630257785446	-7,40687568369
10,44	-0,575958653158	-0,630257785446	14,1403990324
10,45	-0,575958653158	-0,193925472445	25,0487068575
10,46	-0,575958653158	0	23,7020021877
10,47	-0,575958653158	0,193925472445	25,0487068575
10,48	-0,575958653158	0,630257785446	14,1403990324
10,49	-0,558505360638	0,630257785446	-7,40687568369
10,5	-0,558505360638	0,242406840556	-7,54154615071
10,51	-0,558505360638	0,242406840555	13,1977057634
10,52	-0,558505360638	0,678739153552	20,4699109801
10,53	-0,541052068118	0,824183257885	11,8510010938
10,54	-0,541052068118	0,872664625996	4,71346634411
10,55	-0,523598775598	0,872664625996	1,75071607068
10,56	-0,523598775598	0,872664625996	3,9054435423
10,57	-0,506145483078	0,921145994107	8,21489848553
10,58	-0,506145483078	1,01810873033	13,1977057637
10,59	-0,488692190558	1,35747830711	4,71346634419
10,6	-0,471238898038	1,06659009844	0,538681867825
10,61	-0,471238898038	1,11507146655	16,9684788387
10,62	-0,453785605519	1,55140377955	21,277933782
10,63	-0,436332312999	1,69684788388	11,9856715608
10,64	-0,418879020479	1,745329252	4,57879587721
10,65	-0,401425727959	1,745329252	0,942693268748
10,66	-0,383972435439	1,74532925199	0,134670466872
10,67	-0,366519142919	1,74532925199	0,134670466976
10,68	-0,349065850399	1,74532925199	0,942693268932
10,69	-0,331612557879	1,745329252	4,57879587724
10,7	-0,314159265359	1,79381062011	11,9856715607
10,71	-0,296705972839	1,93925472444	21,277933782
10,72	-0,279252680319	2,37558703744	16,8338083719
10,73	-0,244346095279	2,42406840555	-0,404011400956
10,74	-0,226892802759	2,13318019688	0,134670466969
10,75	-0,209439510239	2,42406840555	1,34670466975
10,76	-0,174532925199	2,37558703744	-12,1203420278
10,77	-0,157079632679	1,98773609255	-8,48423941947
10,78	-0,13962634016	1,98773609255	12,9283648296
10,79	-0,12217304764	2,42406840555	19,6618881784
10,8	-0,0872664625997	2,56951250988	8,08022801847
10,81	-0,0698131700798	2,56951250988	-3,63610260831
10,82	-0,0349065850399	2,47254977366	-12,1203420277
10,83	-0,0174532925199	2,13318019688	-3,63610260835
10,84	0	2,42406840555	4,04011400924
10,85	0,0349065850398	2,42406840555	-4,98280727806
10,86	0,0523598775599	2,13318019688	-7,98250354706E-011
10,87	0,0698131700798	2,42406840555	4,84813681103
10,88	0,10471975512	2,42406840555	-4,982807278
10,89	0,12217304764	2,13318019688	-0,808022801768
10,9	0,13962634016	2,42406840555	1,21203420276
10,91	0,174532925199	2,37558703744	-12,2550124947
10,92	0,191986217719	1,98773609255	-9,42693268822
10,93	0,209439510239	1,98773609255	8,34956895235
10,94	0,226892802759	2,37558703743	7,6762166175
10,95	0,261799387799	2,37558703743	-13,0630352965
10,96	0,279252680319	1,93925472444	-19,5272177113
10,97	0,296705972839	1,79381062011	-7,40687568366
10,98	0,314159265359	1,7938106201	6,32951194775
10,99	0,331612557879	1,93925472444	14,8137513673
11	0,349065850399	2,32710566933	0,269340934005
11,01	0,383972435439	2,18166156499	-32,5902530079
11,02	0,401425727959	1,308996939	-32,5902530079
11,03	0,401425727959	1,16355283466	0,269340934005
11,04	0,418879020479	1,55140377955	14,8137513673
11,05	0,436332312999	1,69684788388	6,32951194772
11,06	0,453785605519	1,69684788388	-7,54154615071
11,07	0,471238898038	1,55140377955	-20,3352405132
11,08	0,488692190558	1,11507146655	-16,8338083718
11,09	0,488692190558	1,06659009844	-0,538681867772
11,1	0,506145483078	1,35747830711	-4,71346634403
11,11	0,523598775598	1,01810873033	-13,3323762306
11,12	0,523598775598	0,921145994108	-9,15759175441
11,13	0,541052068118	0,872664625996	-8,34956895251
11,14	0,541052068118	0,824183257885	-12,6590238956
11,15	0,558505360638	0,678739153552	-20,6045814471
11,16	0,558505360638	0,242406840554	-13,1977057635
11,17	0,558505360638	0,242406840554	7,54154615058
11,18	0,558505360638	0,630257785441	7,54154615058
11,19	0,575958653158	0,630257785441	-13,1977057635
11,2	0,575958653158	0,193925472444	-20,6045814471
11,21	0,575958653158	0,0484813681109	-12,7936943626
11,22	0,575958653158	0	-9,15759175428
11,23	0,575958653158	-0,0484813681109	-12,9283648296
11,24	0,575958653158	-0,193925472444	-21,412604249
11,25	0,575958653158	-0,630257785441	-16,8338083718
11,26	0,558505360638	-0,678739153552	0,269340933949
11,27	0,558505360638	-0,387850944887	-1,0773637358
11,28	0,558505360638	-0,678739153552	-5,92550054689
11,29	0,541052068118	-0,678739153552	0,26934093392
11,3	0,541052068118	-0,436332312998	-11,9856715608
11,31	0,541052068118	-0,872664625997	-26,1260705932
11,32	0,523598775598	-1,308996939	-11,9856715608
11,33	0,506145483078	-1,06659009844	0,269340934029
11,34	0,506145483078	-1,06659009844	-5,92550054675
11,35	0,488692190558	-1,35747830711	-1,07736373573
11,36	0,471238898038	-1,06659009844	0,269340933949
11,37	0,471238898038	-1,11507146655	-16,8338083719
11,38	0,453785605519	-1,55140377955	-21,2779337821
11,39	0,436332312999	-1,69684788388	-11,9856715608
11,4	0,418879020479	-1,745329252	-4,57879587709
11,41	0,401425727959	-1,74532925199	-0,942693268767
11,42	0,383972435439	-1,74532925199	-0,134670467031
11,43	0,366519142919	-1,745329252	-0,134670467031
11,44	0,349065850399	-1,745329252	-0,942693268767
11,45	0,331612557879	-1,74532925199	-4,57879587708
11,46	0,314159265359	-1,7938106201	-11,8510010938
11,47	0,296705972839	-1,93925472444	-20,4699109802
11,48	0,279252680319	-2,37558703744	-13,1977057635
11,49	0,244346095279	-2,37558703743	7,67621661761
11,5	0,226892802759	-1,98773609255	8,34956895237
11,51	0,209439510239	-1,98773609255	-9,42693268831
11,52	0,191986217719	-2,37558703744	-12,2550124947
11,53	0,157079632679	-2,42406840555	1,21203420277
11,54	0,13962634016	-2,13318019688	-0,808022801857
11,55	0,12217304764	-2,42406840555	-4,98280727798
11,56	0,0872664625997	-2,42406840555	4,84813681115
11,57	0,0698131700798	-2,13318019688	-6,05293593026E-011
11,58	0,0523598775599	-2,42406840555	-4,84813681117
11,59	0,0174532925199	-2,42406840555	4,8481368111
11,6	0	-2,13318019688	-5,26369071786E-012
11,61	-0,0174532925199	-2,42406840555	-4,84813681112
11,62	-0,0523598775599	-2,42406840555	4,84813681112
11,63	-0,0698131700798	-2,13318019688	0
11,64	-0,0872664625997	-2,42406840555	-4,84813681112
11,65	-0,12217304764	-2,42406840555	4,9828072781
11,66	-0,13962634016	-2,13318019688	0,808022801853
11,67	-0,157079632679	-2,42406840555	-1,21203420278
11,68	-0,191986217719	-2,37558703744	12,2550124948
11,69	-0,209439510239	-1,98773609255	9,42693268829
11,7	-0,226892802759	-1,98773609255	-8,34956895249
11,71	-0,244346095279	-2,37558703744	-7,67621661764
11,72	-0,279252680319	-2,37558703744	13,1977057635
11,73	-0,296705972839	-1,93925472444	20,4699109802
11,74	-0,314159265359	-1,79381062011	11,8510010938
11,75	-0,331612557879	-1,745329252	4,71346634422
11,76	-0,349065850399	-1,74532925199	1,88538653775
11,77	-0,366519142919	-1,74532925199	4,71346634411
11,78	-0,383972435439	-1,69684788388	11,8510010937
11,79	-0,401425727959	-1,55140377955	20,4699109801
11,8	-0,418879020479	-1,11507146655	13,1977057636
11,81	-0,418879020479	-1,11507146655	-7,54154615046
11,82	-0,436332312999	-1,50292241144	-7,54154615053
11,83	-0,453785605519	-1,50292241144	13,1977057635
11,84	-0,471238898038	-1,06659009844	20,46991098
11,85	-0,471238898038	-0,921145994111	11,8510010937
11,86	-0,488692190558	-0,872664626	4,71346634419
11,87	-0,488692190558	-0,872664625997	1,88538653778
11,88	-0,506145483078	-0,872664625996	4,71346634419
11,89	-0,506145483078	-0,824183257885	11,8510010938
11,9	-0,523598775598	-0,678739153552	20,4699109802
11,91	-0,523598775598	-0,242406840554	13,1977057635
11,92	-0,523598775598	-0,242406840554	-7,54154615058
11,93	-0,523598775598	-0,630257785441	-7,40687568361
11,94	-0,541052068118	-0,630257785441	14,1403990323
11,95	-0,541052068118	-0,193925472444	25,0487068573
11,96	-0,541052068118	0	23,7020021875
11,97	-0,541052068118	0,193925472444	25,0487068573
11,98	-0,541052068118	0,630257785441	14,1403990323
11,99	-0,523598775598	0,630257785441	-7,54154615058
12	-0,523598775598	0,242406840554	-8,34956895243
12,01	-0,523598775598	0,242406840554	9,42693268823
12,02	-0,523598775598	0,630257785441	12,3896829617
12,03	-0,506145483078	0,678739153552	-0,269340933943
12,04	-0,506145483078	0,387850944887	5,38681867902
12,05	-0,506145483078	0,727220521664	16,9684788389
12,06	-0,488692190558	0,872664625997	16,429796971
12,07	-0,488692190558	1,01810873033	16,9684788389
12,08	-0,471238898038	1,35747830711	5,38681867891
12,09	-0,453785605519	1,06659009844	-0,269340934052
12,1	-0,453785605519	1,11507146655	12,3896829617
12,11	-0,436332312999	1,50292241144	9,42693268833
12,12	-0,418879020479	1,50292241144	-8,34956895236
12,13	-0,401425727959	1,11507146655	-7,67621661764
12,14	-0,401425727959	1,11507146655	13,1977057634
12,15	-0,383972435439	1,55140377955	20,4699109801
12,16	-0,366519142919	1,69684788388	11,8510010938
12,17	-0,349065850399	1,74532925199	4,71346634424
12,18	-0,331612557879	1,745329252	1,88538653773
12,19	-0,314159265359	1,745329252	4,71346634406
12,2	-0,296705972839	1,7938106201	11,8510010937
12,21	-0,279252680319	1,93925472444	20,3352405132
12,22	-0,261799387799	2,37558703744	12,3896829618
12,23	-0,226892802759	2,37558703744	-11,3123192259
12,24	-0,209439510239	1,93925472444	-15,756444636
12,25	-0,191986217719	1,84229198822	8,77261226625E-012
12,26	-0,174532925199	1,93925472444	15,8911151029
12,27	-0,157079632679	2,37558703743	12,2550124946
12,28	-0,12217304764	2,37558703743	-7,81088708447
12,29	-0,10471975512	1,98773609255	-8,34956895235
12,3	-0,0872664625997	1,98773609255	9,42693268822
12,31	-0,0698131700798	2,37558703744	12,2550124947
12,32	-0,0349065850399	2,42406840555	-1,34670466971
12,33	-0,0174532925199	2,13318019688	-3,24598372872E-011
12,34	0	2,42406840555	1,34670466974
12,35	0,0349065850398	2,37558703744	-12,2550124947
12,36	0,0523598775599	1,98773609255	-9,42693268831
12,37	0,0698131700798	1,98773609255	8,48423941934
12,38	0,0872664625997	2,37558703743	8,61890988644
12,39	0,12217304764	2,37558703744	-8,6189098863
12,4	0,13962634016	1,98773609255	-8,61890988639
12,41	0,157079632679	1,98773609255	8,4842394194
12,42	0,174532925199	2,37558703744	7,67621661756
12,43	0,209439510239	2,37558703744	-13,1977057636
12,44	0,226892802759	1,93925472444	-20,4699109803
12,45	0,244346095279	1,7938106201	-11,8510010938
12,46	0,261799387799	1,74532925199	-4,57879587704
12,47	0,279252680319	1,745329252	-0,942693268743
12,48	0,296705972839	1,745329252	-0,134670467026
12,49	0,314159265359	1,74532925199	-5,52656685847E-011
12,5	0,331612557879	1,74532925199	5,61427447742E-011
12,51	0,349065850399	1,745329252	-0,134670466919
12,52	0,366519142919	1,745329252	-0,942693268879
12,53	0,383972435439	1,74532925199	-4,5787958772
12,54	0,401425727959	1,69684788388	-11,9856715607
12,55	0,418879020479	1,55140377955	-21,2779337819
12,56	0,436332312999	1,11507146655	-16,9684788389
12,57	0,436332312999	1,06659009844	-0,538681868032
12,58	0,453785605519	1,35747830711	-4,71346634419
12,59	0,471238898038	1,01810873033	-13,1977057635
12,6	0,471238898038	0,921145994107	-8,21489848546
12,61	0,488692190558	0,872664625996	-3,90544354224
12,62	0,488692190558	0,872664625996	-1,75071607059
12,63	0,506145483078	0,872664625997	-4,71346634398
12,64	0,506145483078	0,824183257889	-11,8510010937
12,65	0,523598775598	0,678739153556	-20,4699109802
12,66	0,523598775598	0,242406840556	-13,1977057637
12,67	0,523598775598	0,242406840555	7,5415461505
12,68	0,523598775598	0,630257785441	7,54154615055
12,69	0,541052068118	0,630257785441	-13,1977057635
12,7	0,541052068118	0,193925472444	-20,6045814471
12,71	0,541052068118	0,0484813681109	-12,7936943626
12,72	0,541052068118	0	-9,15759175428
12,73	0,541052068118	-0,0484813681109	-12,9283648296
12,74	0,541052068118	-0,193925472444	-21,412604249
12,75	0,541052068118	-0,630257785441	-16,8338083719
12,76	0,523598775598	-0,678739153553	0,269340933872
12,77	0,523598775598	-0,387850944888	-0,942693268955
12,78	0,523598775598	-0,678739153556	-5,11747774512
12,79	0,506145483078	-0,678739153556	3,90544354235
12,8	0,506145483078	-0,387850944888	-4,57879587701
12,81	0,506145483078	-0,727220521664	-16,8338083718
12,82	0,488692190558	-0,872664625996	-16,4297969709
12,83	0,488692190558	-1,01810873033	-16,9684788388
12,84	0,471238898038	-1,3574783071	-5,52148914599
12,85	0,453785605519	-1,06659009844	-0,538681867976
12,86	0,453785605519	-1,11507146655	-16,0257855701
12,87	0,436332312999	-1,55140377955	-16,6991379049
12,88	0,418879020479	-1,64836651577	-0,134670466901
12,89	0,401425727959	-1,55140377955	15,7564446361
12,9	0,383972435439	-1,11507146655	11,3123192259
12,91	0,383972435439	-1,11507146655	-12,3896829618
12,92	0,366519142919	-1,55140377955	-20,4699109802
12,93	0,349065850399	-1,69684788388	-12,7936943625
12,94	0,331612557879	-1,74532925199	-9,15759175422
12,95	0,314159265359	-1,7938106201	-12,7936943627
12,96	0,296705972839	-1,93925472444	-20,4699109802
12,97	0,279252680319	-2,37558703744	-12,3896829616
12,98	0,244346095279	-2,37558703743	11,3123192259
12,99	0,226892802759	-1,93925472444	15,756444636
13	0,209439510239	-1,84229198822	-7,98262690517E-011
13,01	0,191986217719	-1,93925472444	-15,891115103
13,02	0,174532925199	-2,37558703744	-12,2550124947
13,03	0,13962634016	-2,37558703744	7,81088708452
13,04	0,12217304764	-1,98773609255	8,48423941948
13,05	0,10471975512	-1,98773609255	-8,61890988632
13,06	0,0872664625997	-2,37558703743	-8,61890988644
13,07	0,0523598775599	-2,37558703744	8,6189098863
13,08	0,0349065850398	-1,98773609255	8,61890988639
13,09	0,0174532925199	-1,98773609255	-8,61890988638
13,1	0	-2,37558703744	-8,61890988639
13,11	-0,0349065850399	-2,37558703744	8,61890988646
13,12	-0,0523598775599	-1,98773609255	8,61890988644
13,13	-0,0698131700798	-1,98773609255	-8,48423941946
13,14	-0,0872664625997	-2,37558703744	-7,81088708459
13,15	-0,12217304764	-2,37558703744	12,2550124948
13,16	-0,13962634016	-1,93925472444	15,8911151031
13,17	-0,157079632679	-1,84229198822	-6,14101362354E-011
13,18	-0,174532925199	-1,93925472444	-15,7564446361
13,19	-0,191986217719	-2,37558703744	-11,3123192259
13,2	-0,226892802759	-2,37558703744	12,3896829617
13,21	-0,244346095279	-1,93925472444	20,3352405132
13,22	-0,261799387799	-1,79381062011	11,8510010939
13,23	-0,279252680319	-1,74532925199	4,5787958772
13,24	-0,296705972839	-1,74532925199	1,07736373574
13,25	-0,314159265359	-1,745329252	1,07736373575
13,26	-0,331612557879	-1,745329252	4,57879587722
13,27	-0,349065850399	-1,69684788388	11,9856715609
13,28	-0,366519142919	-1,55140377955	21,277933782
13,29	-0,383972435439	-1,11507146655	16,8338083718
13,3	-0,383972435439	-1,06659009844	-0,269340934076
13,31	-0,401425727959	-1,35747830711	0,942693268744
13,32	-0,418879020479	-1,06659009844	5,11747774512
13,33	-0,418879020479	-1,06659009844	-3,90544354213
13,34	-0,436332312999	-1,35747830711	4,57879587722
13,35	-0,453785605519	-1,01810873033	16,8338083719
13,36	-0,453785605519	-0,872664625996	16,4297969709
13,37	-0,471238898038	-0,727220521664	16,9684788387
13,38	-0,471238898038	-0,387850944888	5,38681867885
13,39	-0,471238898038	-0,678739153556	-0,269340934029
13,4	-0,488692190558	-0,630257785446	12,3896829618
13,41	-0,488692190558	-0,242406840556	9,42693268836
13,42	-0,488692190558	-0,242406840555	-8,34956895235
13,43	-0,488692190558	-0,630257785441	-7,54154615055
13,44	-0,506145483078	-0,630257785441	14,1403990323
13,45	-0,506145483078	-0,193925472444	25,0487068573
13,46	-0,506145483078	0	23,7020021875
13,47	-0,506145483078	0,193925472444	25,0487068573
13,48	-0,506145483078	0,630257785441	14,1403990323
13,49	-0,488692190558	0,630257785441	-7,54154615055
13,5	-0,488692190558	0,242406840555	-8,34956895235
13,51	-0,488692190558	0,242406840556	9,42693268836
13,52	-0,488692190558	0,630257785446	12,3896829618
13,53	-0,471238898038	0,678739153556	-0,269340934029
13,54	-0,471238898038	0,387850944888	5,38681867885
13,55	-0,471238898038	0,727220521664	16,9684788387
13,56	-0,453785605519	0,872664625996	16,4297969709
13,57	-0,453785605519	1,01810873033	16,8338083719
13,58	-0,436332312999	1,35747830711	4,57879587722
13,59	-0,418879020479	1,06659009844	-3,90544354213
13,6	-0,418879020479	1,06659009844	5,11747774512
13,61	-0,401425727959	1,35747830711	0,942693268744
13,62	-0,383972435439	1,06659009844	-0,269340934076
13,63	-0,383972435439	1,11507146655	16,8338083718
13,64	-0,366519142919	1,55140377955	21,277933782
13,65	-0,349065850399	1,69684788388	11,9856715609
13,66	-0,331612557879	1,745329252	4,57879587722
13,67	-0,314159265359	1,745329252	0,942693268773
13,68	-0,296705972839	1,74532925199	0,134670466919
13,69	-0,279252680319	1,74532925199	5,61427447742E-011
13,7	-0,261799387799	1,745329252	5,61427447742E-011
13,71	-0,244346095279	1,745329252	-5,61427447742E-011
13,72	-0,226892802759	1,74532925199	0,134670466919
13,73	-0,209439510239	1,74532925199	0,942693268879
13,74	-0,191986217719	1,745329252	4,5787958772
13,75	-0,174532925199	1,79381062011	11,8510010937
13,76	-0,157079632679	1,93925472444	20,3352405131
13,77	-0,13962634016	2,37558703743	12,3896829617
13,78	-0,10471975512	2,37558703744	-11,3123192258
13,79	-0,0872664625997	1,93925472444	-15,7564446361
13,8	-0,0698131700798	1,84229198822	-5,52656685847E-011
13,81	-0,0523598775599	1,93925472444	15,7564446361
13,82	-0,0349065850399	2,37558703744	11,4469896929
13,83	0	2,37558703744	-11,4469896929
13,84	0,0174532925199	1,93925472444	-15,756444636
13,85	0,0349065850398	1,84229198822	8,77261226625E-012
13,86	0,0523598775599	1,93925472444	15,756444636
13,87	0,0698131700798	2,37558703743	11,3123192258
13,88	0,10471975512	2,37558703743	-12,3896829616
13,89	0,12217304764	1,93925472444	-20,3352405131
13,9	0,13962634016	1,79381062011	-11,7163306269
13,91	0,157079632679	1,74532925199	-3,63610260837
13,92	0,174532925199	1,74532925199	3,63610260837
13,93	0,191986217719	1,79381062011	11,7163306269
13,94	0,209439510239	1,93925472444	20,2005700461
13,95	0,226892802759	2,37558703743	11,3123192258
13,96	0,261799387799	2,37558703743	-16,8338083718
13,97	0,279252680319	1,89077335633	-32,1862416069
13,98	0,296705972839	1,59988514766	-32,186241607
13,99	0,314159265359	1,11507146655	-16,8338083719
14	0,314159265359	1,11507146655	11,1776487589
14,01	0,331612557879	1,55140377955	19,2578767775
14,02	0,349065850399	1,69684788388	7,27220521671
14,03	0,366519142919	1,69684788388	-7,40687568368
14,04	0,383972435439	1,55140377955	-20,3352405133
14,05	0,401425727959	1,11507146655	-16,8338083718
14,06	0,401425727959	1,06659009844	-0,538681867796
14,07	0,418879020479	1,35747830711	-4,71346634404
14,08	0,436332312999	1,01810873033	-13,1977057636
14,09	0,436332312999	0,921145994108	-8,21489848559
14,1	0,453785605519	0,872664625996	-3,90544354234
14,11	0,453785605519	0,872664625996	-1,7507160707
14,12	0,471238898038	0,872664625996	-4,71346634412
14,13	0,471238898038	0,824183257885	-11,8510010938
14,14	0,488692190558	0,678739153552	-20,4699109802
14,15	0,488692190558	0,242406840554	-13,1977057635
14,16	0,488692190558	0,242406840554	7,54154615058
14,17	0,488692190558	0,630257785441	7,54154615058
14,18	0,506145483078	0,630257785441	-13,1977057635
14,19	0,506145483078	0,193925472444	-20,4699109802
14,2	0,506145483078	0,0484813681109	-11,9856715607
14,21	0,506145483078	0	-5,52148914596
14,22	0,506145483078	0	-5,52148914596
14,23	0,506145483078	-0,0484813681109	-12,1203420277
14,24	0,506145483078	-0,193925472444	-21,277933782
14,25	0,506145483078	-0,630257785441	-16,8338083718
14,26	0,488692190558	-0,678739153552	0,269340933949
14,27	0,488692190558	-0,387850944887	-0,942693268823
14,28	0,488692190558	-0,678739153552	-5,11747774504
14,29	0,471238898038	-0,678739153552	3,90544354226
14,3	0,471238898038	-0,387850944887	-4,57879587715
14,31	0,471238898038	-0,727220521663	-16,8338083719
14,32	0,453785605519	-0,872664625996	-16,429796971
14,33	0,453785605519	-1,01810873033	-16,9684788389
14,34	0,436332312999	-1,35747830711	-5,38681867907
14,35	0,418879020479	-1,06659009844	0,269340934028
14,36	0,418879020479	-1,11507146655	-12,3896829615
14,37	0,401425727959	-1,50292241144	-9,42693268818
14,38	0,383972435439	-1,50292241144	8,34956895238
14,39	0,366519142919	-1,11507146655	7,67621661743
14,4	0,366519142919	-1,11507146655	-13,1977057636
14,41	0,349065850399	-1,55140377955	-20,4699109801
14,42	0,331612557879	-1,69684788388	-11,8510010937
14,43	0,314159265359	-1,74532925199	-4,57879587719
14,44	0,296705972839	-1,745329252	-0,942693268874
14,45	0,279252680319	-1,745329252	-0,134670466895
14,46	0,261799387799	-1,74532925199	-0,134670466871
14,47	0,244346095279	-1,74532925199	-0,942693268824
14,48	0,226892802759	-1,74532925199	-4,57879587725
14,49	0,209439510239	-1,79381062011	-11,8510010939
14,5	0,191986217719	-1,93925472444	-20,3352405132
14,51	0,174532925199	-2,37558703744	-12,2550124947
14,52	0,13962634016	-2,37558703744	12,1203420277
14,53	0,12217304764	-1,93925472444	19,3925472445
14,54	0,10471975512	-1,7938106201	7,27220521674
14,55	0,0872664625997	-1,7938106201	-7,27220521663
14,56	0,0698131700798	-1,93925472444	-19,3925472445
14,57	0,0523598775599	-2,37558703744	-12,2550124948
14,58	0,0174532925199	-2,37558703744	11,3123192259
14,59	0	-1,93925472444	15,756444636
14,6	-0,0174532925199	-1,84229198822	-3,24549029626E-011
14,61	-0,0349065850399	-1,93925472444	-15,756444636
14,62	-0,0523598775599	-2,37558703744	-11,3123192259
14,63	-0,0872664625997	-2,37558703744	12,3896829617
14,64	-0,10471975512	-1,93925472444	20,3352405133
14,65	-0,12217304764	-1,7938106201	11,8510010939
14,66	-0,13962634016	-1,74532925199	4,57879587714
14,67	-0,157079632679	-1,74532925199	0,942693268719
14,68	-0,174532925199	-1,745329252	0,134670466895
14,69	-0,191986217719	-1,745329252	5,08796708469E-011
14,7	-0,209439510239	-1,74532925199	5,52656685847E-011
14,71	-0,226892802759	-1,74532925199	-5,61427447742E-011
14,72	-0,244346095279	-1,745329252	-5,61427447742E-011
14,73	-0,261799387799	-1,745329252	5,61427447742E-011
14,74	-0,279252680319	-1,74532925199	0,134670467031
14,75	-0,296705972839	-1,74532925199	0,942693268767
14,76	-0,314159265359	-1,745329252	4,57879587709
14,77	-0,331612557879	-1,69684788388	11,9856715608
14,78	-0,349065850399	-1,55140377955	21,2779337821
14,79	-0,366519142919	-1,11507146655	16,9684788389
14,8	-0,366519142919	-1,06659009844	0,538681867899
14,81	-0,383972435439	-1,35747830711	4,71346634404
14,82	-0,401425727959	-1,01810873033	13,3323762304
14,83	-0,401425727959	-0,921145994111	9,02292128722
14,84	-0,418879020479	-0,872664626	7,54154615066
14,85	-0,418879020479	-0,824183257886	9,02292128744
14,86	-0,436332312999	-0,727220521664	13,3323762306
14,87	-0,436332312999	-0,387850944887	4,57879587717
14,88	-0,436332312999	-0,678739153552	-0,404011400918
14,89	-0,453785605519	-0,630257785441	12,3896829617
14,9	-0,453785605519	-0,242406840554	9,42693268823
14,91	-0,453785605519	-0,242406840554	-8,34956895243
14,92	-0,453785605519	-0,630257785441	-7,54154615058
14,93	-0,471238898038	-0,630257785441	14,1403990323
14,94	-0,471238898038	-0,193925472444	25,0487068573
14,95	-0,471238898038	0	23,7020021875
14,96	-0,471238898038	0,193925472444	25,0487068573
14,97	-0,471238898038	0,630257785441	14,1403990323
14,98	-0,453785605519	0,630257785441	-7,54154615058
14,99	-0,453785605519	0,242406840554	-8,34956895243
15	-0,453785605519	0,242406840554	9,42693268823
15,01	-0,453785605519	0,630257785441	12,3896829617
15,02	-0,436332312999	0,678739153552	-0,404011400918
15,03	-0,436332312999	0,387850944887	4,57879587717
15,04	-0,436332312999	0,727220521664	13,1977057636
15,05	-0,418879020479	0,824183257886	8,21489848559
15,06	-0,418879020479	0,872664626	3,90544354235
15,07	-0,401425727959	0,872664626	1,61604560362
15,08	-0,401425727959	0,872664625997	3,90544354213
15,09	-0,383972435439	0,921145994107	8,21489848538
15,1	-0,383972435439	1,01810873033	13,1977057635
15,11	-0,366519142919	1,3574783071	4,71346634414
15,12	-0,349065850399	1,06659009844	0,538681867975
15,13	-0,349065850399	1,11507146655	16,9684788389
15,14	-0,331612557879	1,55140377955	21,2779337821
15,15	-0,314159265359	1,69684788388	11,9856715607
15,16	-0,296705972839	1,74532925199	4,57879587708
15,17	-0,279252680319	1,74532925199	0,942693268879
15,18	-0,261799387799	1,745329252	0,134670467031
15,19	-0,244346095279	1,745329252	-5,61427447742E-011
15,2	-0,226892802759	1,74532925199	-5,61427447742E-011
15,21	-0,209439510239	1,74532925199	5,52656685847E-011
15,22	-0,191986217719	1,745329252	5,08796708469E-011
15,23	-0,174532925199	1,745329252	-7,98268858423E-011
15,24	-0,157079632679	1,74532925199	-1,03514110863E-010
15,25	-0,13962634016	1,74532925199	0
15,26	-0,12217304764	1,74532925199	1,03514110863E-010
15,27	-0,10471975512	1,745329252	0,134670467055
15,28	-0,0872664625997	1,745329252	0,942693268772
15,29	-0,0698131700798	1,74532925199	4,57879587708
15,3	-0,0523598775599	1,7938106201	11,8510010938
15,31	-0,0349065850399	1,93925472444	20,3352405133
15,32	-0,0174532925199	2,37558703744	12,2550124947
15,33	0,0174532925199	2,37558703744	-12,2550124947
15,34	0,0349065850398	1,93925472444	-20,3352405132
15,35	0,0523598775599	1,79381062011	-11,8510010939
15,36	0,0698131700798	1,74532925199	-4,57879587725
15,37	0,0872664625997	1,74532925199	-0,942693268824
15,38	0,10471975512	1,74532925199	-0,134670466871
15,39	0,12217304764	1,745329252	7,98268858423E-011
15,4	0,13962634016	1,745329252	-5,08796708469E-011
15,41	0,157079632679	1,74532925199	-5,52656685847E-011
15,42	0,174532925199	1,74532925199	5,52656685847E-011
15,43	0,191986217719	1,745329252	5,08796708469E-011
15,44	0,209439510239	1,745329252	-7,98268858423E-011
15,45	0,226892802759	1,74532925199	-1,03514110863E-010
15,46	0,244346095279	1,74532925199	-0,134670466975
15,47	0,261799387799	1,74532925199	-0,94269326872
15,48	0,279252680319	1,745329252	-4,57879587706
15,49	0,296705972839	1,69684788388	-11,8510010938
15,5	0,314159265359	1,55140377955	-20,4699109803
15,51	0,331612557879	1,11507146655	-13,1977057635
15,52	0,331612557879	1,11507146655	7,54154615068
15,53	0,349065850399	1,50292241144	7,54154615066
15,54	0,366519142919	1,50292241144	-13,1977057636
15,55	0,383972435439	1,06659009844	-20,4699109803
15,56	0,383972435439	0,921145994107	-11,8510010938
15,57	0,401425727959	0,872664625996	-4,57879587714
15,58	0,401425727959	0,872664625996	-0,942693268752
15,59	0,418879020479	0,872664625997	-0,269340933818
15,6	0,418879020479	0,872664626	-0,942693268743
15,61	0,436332312999	0,872664626	-4,57879587722
15,62	0,436332312999	0,824183257886	-11,8510010939
15,63	0,453785605519	0,678739153553	-20,4699109802
15,64	0,453785605519	0,242406840554	-13,1977057635
15,65	0,453785605519	0,242406840554	7,54154615058
15,66	0,453785605519	0,630257785441	7,54154615058
15,67	0,471238898038	0,630257785441	-13,1977057635
15,68	0,471238898038	0,193925472444	-20,4699109802
15,69	0,471238898038	0,0484813681109	-11,9856715607
15,7	0,471238898038	0	-5,52148914596
15,71	0,471238898038	0	-5,52148914596
15,72	0,471238898038	-0,0484813681109	-11,9856715607
15,73	0,471238898038	-0,193925472444	-20,4699109802
15,74	0,471238898038	-0,630257785441	-13,1977057635
15,75	0,453785605519	-0,630257785441	7,54154615058
15,76	0,453785605519	-0,242406840554	7,54154615058
15,77	0,453785605519	-0,242406840554	-13,1977057635
15,78	0,453785605519	-0,678739153553	-20,4699109802
15,79	0,436332312999	-0,824183257886	-11,8510010939
15,8	0,436332312999	-0,872664626	-4,71346634419
15,81	0,418879020479	-0,872664626	-1,75071607059
15,82	0,418879020479	-0,872664625997	-3,90544354213
15,83	0,401425727959	-0,921145994107	-8,21489848538
15,84	0,401425727959	-1,01810873033	-13,1977057635
15,85	0,383972435439	-1,35747830711	-4,57879587721
15,86	0,366519142919	-1,06659009844	0,404011400792
15,87	0,366519142919	-1,11507146655	-12,3896829618
15,88	0,349065850399	-1,50292241144	-9,42693268815
15,89	0,331612557879	-1,50292241144	8,34956895253
15,9	0,314159265359	-1,11507146655	7,67621661756
15,91	0,314159265359	-1,11507146655	-13,1977057636
15,92	0,296705972839	-1,55140377955	-20,4699109802
15,93	0,279252680319	-1,69684788388	-11,8510010937
15,94	0,261799387799	-1,74532925199	-4,57879587704
15,95	0,244346095279	-1,74532925199	-0,942693268823
15,96	0,226892802759	-1,74532925199	-0,134670467078
15,97	0,209439510239	-1,745329252	-7,96350639752E-011
15,98	0,191986217719	-1,745329252	5,18868898464E-011
15,99	0,174532925199	-1,74532925199	5,83804609593E-011
16	0,157079632679	-1,74532925199	-0,134670467024
16,01	0,13962634016	-1,745329252	-0,94269326887
16,02	0,12217304764	-1,745329252	-4,57879587707
16,03	0,10471975512	-1,7938106201	-11,8510010937
16,04	0,0872664625997	-1,93925472444	-20,3352405132
16,05	0,0698131700798	-2,37558703744	-12,2550124947
16,06	0,0349065850398	-2,37558703744	12,2550124947
16,07	0,0174532925199	-1,93925472444	20,3352405132
16,08	0	-1,7938106201	11,8510010937
16,09	-0,0174532925199	-1,745329252	4,57879587708
16,1	-0,0349065850399	-1,745329252	0,942693268879
16,11	-0,0523598775599	-1,74532925199	0,134670467031
16,12	-0,0698131700798	-1,74532925199	-5,52601174696E-011
16,13	-0,0872664625997	-1,745329252	-5,08728861506E-011
16,14	-0,10471975512	-1,745329252	7,98275026328E-011
16,15	-0,12217304764	-1,74532925199	1,03509176539E-010
16,16	-0,13962634016	-1,74532925199	0
16,17	-0,157079632679	-1,74532925199	-1,03509176539E-010
16,18	-0,174532925199	-1,745329252	-7,98275026328E-011
16,19	-0,191986217719	-1,745329252	5,08728861506E-011
16,2	-0,209439510239	-1,74532925199	5,52601174696E-011
16,21	-0,226892802759	-1,74532925199	0,134670466919
16,22	-0,244346095279	-1,745329252	0,942693268772
16,23	-0,261799387799	-1,745329252	4,57879587722
16,24	-0,279252680319	-1,69684788388	11,9856715608
16,25	-0,296705972839	-1,55140377955	21,277933782
16,26	-0,314159265359	-1,11507146655	16,9684788387
16,27	-0,314159265359	-1,06659009844	0,538681867825
16,28	-0,331612557879	-1,35747830711	4,71346634419
16,29	-0,349065850399	-1,01810873033	13,1977057636
16,3	-0,349065850399	-0,921145994107	8,21489848553
16,31	-0,366519142919	-0,872664625996	3,77077307532
16,32	-0,366519142919	-0,872664625996	0,808022801848
16,33	-0,383972435439	-0,872664625996	0,26934093392
16,34	-0,383972435439	-0,872664625996	0,942693268745
16,35	-0,401425727959	-0,872664625997	4,71346634398
16,36	-0,401425727959	-0,824183257889	12,6590238955
16,37	-0,418879020479	-0,678739153556	24,1060135885
16,38	-0,418879020479	-0,193925472445	20,4699109803
16,39	-0,418879020479	-0,0969627362221	0,9426932689
16,4	-0,418879020479	-0,193925472443	-15,621774169
16,41	-0,418879020479	-0,630257785441	-11,1776487589
16,42	-0,436332312999	-0,630257785441	13,3323762305
16,43	-0,436332312999	-0,193925472443	24,9140363903
16,44	-0,436332312999	0	23,7020021875
16,45	-0,436332312999	0,193925472443	24,9140363903
16,46	-0,436332312999	0,630257785441	13,3323762305
16,47	-0,418879020479	0,630257785441	-11,1776487589
16,48	-0,418879020479	0,193925472443	-15,621774169
16,49	-0,418879020479	0,0969627362221	0,9426932689
16,5	-0,418879020479	0,193925472445	20,3352405133
16,51	-0,418879020479	0,678739153556	23,2979907867
16,52	-0,401425727959	0,824183257889	9,02292128722
16,53	-0,401425727959	0,824183257886	-2,55873887265
16,54	-0,383972435439	0,727220521663	-7,54154615066
16,55	-0,383972435439	0,436332312998	8,21489848542
16,56	-0,383972435439	0,872664625996	24,5100249894
16,57	-0,366519142919	1,30899693899	8,21489848546
16,58	-0,349065850399	1,01810873033	-7,54154615055
16,59	-0,349065850399	0,921145994107	-2,69340933942
16,6	-0,331612557879	0,921145994108	8,21489848558
16,61	-0,331612557879	1,06659009844	19,6618881784
16,62	-0,314159265359	1,50292241144	13,0630352965
16,63	-0,296705972839	1,50292241144	-7,54154615068
16,64	-0,279252680319	1,11507146655	-7,54154615058
16,65	-0,279252680319	1,11507146655	13,1977057636
16,66	-0,261799387799	1,55140377955	20,4699109802
16,67	-0,244346095279	1,69684788388	11,8510010937
16,68	-0,226892802759	1,74532925199	4,57879587708
16,69	-0,209439510239	1,74532925199	0,942693268878
16,7	-0,191986217719	1,745329252	0,134670467026
16,71	-0,174532925199	1,745329252	-7,98275026328E-011
16,72	-0,157079632679	1,74532925199	-1,03509176539E-010
16,73	-0,13962634016	1,74532925199	0
16,74	-0,12217304764	1,74532925199	1,03509176539E-010
16,75	-0,10471975512	1,745329252	7,98275026328E-011
16,76	-0,0872664625997	1,745329252	-5,08728861506E-011
16,77	-0,0698131700798	1,74532925199	-5,52601174696E-011
16,78	-0,0523598775599	1,74532925199	5,61378104496E-011
16,79	-0,0349065850399	1,745329252	5,61378104496E-011
16,8	-0,0174532925199	1,745329252	-5,61378104496E-011
16,81	0	1,74532925199	-5,61378104496E-011
16,82	0,0174532925199	1,74532925199	5,52601174696E-011
16,83	0,0349065850398	1,745329252	5,08728861506E-011
16,84	0,0523598775599	1,745329252	-7,98275026328E-011
16,85	0,0698131700798	1,74532925199	-1,03509176539E-010
16,86	0,0872664625997	1,74532925199	0
16,87	0,10471975512	1,74532925199	1,03509176539E-010
16,88	0,12217304764	1,745329252	7,98275026328E-011
16,89	0,13962634016	1,745329252	-5,08728861506E-011
16,9	0,157079632679	1,74532925199	-0,13467046703
16,91	0,174532925199	1,74532925199	-0,942693268767
16,92	0,191986217719	1,745329252	-4,57879587709
16,93	0,209439510239	1,69684788388	-11,8510010939
16,94	0,226892802759	1,55140377955	-20,3352405133
16,95	0,244346095279	1,11507146655	-12,3896829617
16,96	0,244346095279	1,11507146655	11,3123192259
16,97	0,261799387799	1,55140377955	15,7564446362
16,98	0,279252680319	1,64836651577	-0,134670466896
16,99	0,296705972839	1,55140377955	-16,6991379049
17	0,314159265359	1,11507146655	-16,0257855701
17,01	0,314159265359	1,06659009844	-0,404011400971
17,02	0,331612557879	1,3574783071	-4,71346634406
17,03	0,349065850399	1,01810873033	-13,1977057634
17,04	0,349065850399	0,921145994111	-8,21489848537
17,05	0,366519142919	0,872664626	-3,77077307537
17,06	0,366519142919	0,872664625997	-0,80802280198
17,07	0,383972435439	0,872664625996	-0,269340934026
17,08	0,383972435439	0,872664625996	-0,942693268852
17,09	0,401425727959	0,872664625996	-4,57879587714
17,1	0,401425727959	0,824183257885	-11,8510010938
17,11	0,418879020479	0,678739153552	-20,4699109801
17,12	0,418879020479	0,242406840555	-13,1977057634
17,13	0,418879020479	0,242406840556	7,54154615071
17,14	0,418879020479	0,630257785445	7,54154615066
17,15	0,436332312999	0,630257785445	-13,1977057636
17,16	0,436332312999	0,193925472445	-20,4699109803
17,17	0,436332312999	0,0484813681112	-11,8510010938
17,18	0,436332312999	0	-4,71346634414
17,19	0,436332312999	0	-1,88538653766
17,2	0,436332312999	0	-4,71346634414
17,21	0,436332312999	-0,0484813681112	-11,8510010938
17,22	0,436332312999	-0,193925472445	-20,4699109803
17,23	0,436332312999	-0,630257785445	-13,1977057636
17,24	0,418879020479	-0,630257785445	7,54154615066
17,25	0,418879020479	-0,242406840556	7,54154615071
17,26	0,418879020479	-0,242406840555	-13,1977057634
17,27	0,418879020479	-0,678739153552	-20,4699109801
17,28	0,401425727959	-0,824183257885	-11,8510010938
17,29	0,401425727959	-0,872664625996	-4,57879587714
17,3	0,383972435439	-0,872664625996	-0,942693268852
17,31	0,383972435439	-0,872664625996	-0,269340934026
17,32	0,366519142919	-0,872664625997	-0,942693268955
17,33	0,366519142919	-0,872664626	-4,57879587722
17,34	0,349065850399	-0,921145994111	-11,8510010937
17,35	0,349065850399	-1,06659009844	-20,46991098
17,36	0,331612557879	-1,50292241144	-13,1977057635
17,37	0,314159265359	-1,50292241144	7,54154615053
17,38	0,296705972839	-1,11507146655	7,67621661743
17,39	0,296705972839	-1,11507146655	-12,2550124948
17,4	0,279252680319	-1,55140377955	-15,8911151029
17,41	0,261799387799	-1,64836651577	1,26315624627E-010
17,42	0,244346095279	-1,55140377955	15,7564446361
17,43	0,226892802759	-1,11507146655	11,3123192258
17,44	0,226892802759	-1,11507146655	-12,3896829618
17,45	0,209439510239	-1,55140377955	-20,3352405133
17,46	0,191986217719	-1,69684788388	-11,8510010937
17,47	0,174532925199	-1,74532925199	-4,57879587708
17,48	0,157079632679	-1,74532925199	-0,942693268878
17,49	0,13962634016	-1,745329252	-0,134670467026
17,5	0,12217304764	-1,745329252	7,98275026328E-011
17,51	0,10471975512	-1,74532925199	1,03509176539E-010
17,52	0,0872664625997	-1,74532925199	0
17,53	0,0698131700798	-1,74532925199	-1,03509176539E-010
17,54	0,0523598775599	-1,745329252	-7,98275026328E-011
17,55	0,0349065850398	-1,745329252	5,08728861506E-011
17,56	0,0174532925199	-1,74532925199	5,52601174696E-011
17,57	0	-1,74532925199	-5,61378104496E-011
17,58	-0,0174532925199	-1,745329252	-5,61378104496E-011
17,59	-0,0349065850399	-1,745329252	5,61378104496E-011
17,6	-0,0523598775599	-1,74532925199	5,61378104496E-011
17,61	-0,0698131700798	-1,74532925199	-5,52601174696E-011
17,62	-0,0872664625997	-1,745329252	-5,08728861506E-011
17,63	-0,10471975512	-1,745329252	7,98275026328E-011
17,64	-0,12217304764	-1,74532925199	1,03509176539E-010
17,65	-0,13962634016	-1,74532925199	0,134670466975
17,66	-0,157079632679	-1,74532925199	0,94269326872
17,67	-0,174532925199	-1,745329252	4,57879587706
17,68	-0,191986217719	-1,69684788388	11,8510010938
17,69	-0,209439510239	-1,55140377955	20,3352405133
17,7	-0,226892802759	-1,11507146655	12,3896829617
17,71	-0,226892802759	-1,11507146655	-11,312319226
17,72	-0,244346095279	-1,55140377955	-15,6217741691
17,73	-0,261799387799	-1,64836651577	0,942693268902
17,74	-0,279252680319	-1,55140377955	20,3352405133
17,75	-0,296705972839	-1,06659009844	23,2979907867
17,76	-0,296705972839	-0,921145994107	8,88825082028
17,77	-0,314159265359	-0,921145994108	-3,36676167449
17,78	-0,314159265359	-1,01810873033	-11,177648759
17,79	-0,331612557879	-1,35747830711	0,942693268902
17,8	-0,349065850399	-1,01810873033	16,0257855701
17,81	-0,349065850399	-0,872664625996	16,295126504
17,82	-0,366519142919	-0,727220521663	16,9684788388
17,83	-0,366519142919	-0,387850944887	5,38681867899
17,84	-0,366519142919	-0,678739153552	-0,269340933948
17,85	-0,383972435439	-0,630257785441	12,3896829617
17,86	-0,383972435439	-0,242406840554	9,42693268822
17,87	-0,383972435439	-0,242406840554	-8,34956895243
17,88	-0,383972435439	-0,630257785441	-7,67621661755
17,89	-0,401425727959	-0,630257785441	13,1977057635
17,9	-0,401425727959	-0,193925472443	20,4699109801
17,91	-0,401425727959	-0,0484813681109	11,9856715607
17,92	-0,401425727959	0	5,52148914596
17,93	-0,401425727959	0	5,52148914596
17,94	-0,401425727959	0,0484813681109	11,9856715607
17,95	-0,401425727959	0,193925472443	20,4699109801
17,96	-0,401425727959	0,630257785441	13,1977057635
17,97	-0,383972435439	0,630257785441	-7,67621661755
17,98	-0,383972435439	0,242406840554	-8,34956895243
17,99	-0,383972435439	0,242406840554	9,42693268822
18	-0,383972435439	0,630257785441	12,3896829617
18,01	-0,366519142919	0,678739153552	-0,404011400924
18,02	-0,366519142919	0,387850944887	4,57879587714
18,03	-0,366519142919	0,727220521663	13,3323762305
18,04	-0,349065850399	0,824183257885	9,02292128733
18,05	-0,349065850399	0,872664625996	7,54154615066
18,06	-0,331612557879	0,921145994108	9,02292128743
18,07	-0,331612557879	1,01810873033	13,1977057636
18,08	-0,314159265359	1,35747830711	3,77077307521
18,09	-0,296705972839	1,06659009844	-4,04011400937
18,1	-0,296705972839	1,06659009844	5,11747774499
18,11	-0,279252680319	1,3574783071	0,808022801895
18,12	-0,261799387799	1,06659009844	-1,21203420265
18,13	-0,261799387799	1,11507146655	12,2550124948
18,14	-0,244346095279	1,50292241144	9,42693268815
18,15	-0,226892802759	1,50292241144	-8,34956895253
18,16	-0,209439510239	1,11507146655	-7,67621661755
18,17	-0,209439510239	1,11507146655	13,1977057636
18,18	-0,191986217719	1,55140377955	20,4699109802
18,19	-0,174532925199	1,69684788388	11,8510010937
18,2	-0,157079632679	1,74532925199	4,44412541006
18,21	-0,13962634016	1,74532925199	0
18,22	-0,12217304764	1,74532925199	-4,44412541006
18,23	-0,10471975512	1,69684788388	-11,8510010937
18,24	-0,0872664625997	1,55140377955	-20,3352405132
18,25	-0,0698131700798	1,11507146655	-12,2550124948
18,26	-0,0698131700798	1,11507146655	12,2550124947
18,27	-0,0523598775599	1,55140377955	20,3352405133
18,28	-0,0349065850399	1,69684788388	11,8510010938
18,29	-0,0174532925199	1,745329252	4,57879587709
18,3	0	1,74532925199	0,942693268767
18,31	0,0174532925199	1,74532925199	0,13467046703
18,32	0,0349065850398	1,745329252	5,08728861506E-011
18,33	0,0523598775599	1,745329252	-7,98275026328E-011
18,34	0,0698131700798	1,74532925199	-1,03509176539E-010
18,35	0,0872664625997	1,74532925199	-0,134670466975
18,36	0,10471975512	1,74532925199	-0,94269326872
18,37	0,12217304764	1,745329252	-4,57879587706
18,38	0,13962634016	1,69684788388	-11,8510010938
18,39	0,157079632679	1,55140377955	-20,3352405133
18,4	0,174532925199	1,11507146655	-12,3896829617
18,41	0,174532925199	1,11507146655	11,312319226
18,42	0,191986217719	1,55140377955	15,7564446361
18,43	0,209439510239	1,64836651577	-7,98268858422E-011
18,44	0,226892802759	1,55140377955	-15,8911151031
18,45	0,244346095279	1,11507146655	-12,2550124947
18,46	0,244346095279	1,11507146655	7,6762166176
18,47	0,261799387799	1,50292241144	7,54154615071
18,48	0,279252680319	1,50292241144	-13,0630352965
18,49	0,296705972839	1,06659009844	-19,6618881784
18,5	0,296705972839	0,921145994108	-8,21489848558
18,51	0,314159265359	0,921145994107	2,69340933942
18,52	0,314159265359	1,01810873033	7,54154615056
18,53	0,331612557879	1,30899693899	-8,21489848543
18,54	0,349065850399	0,872664625996	-24,5100249893
18,55	0,349065850399	0,436332312999	-8,21489848532
18,56	0,349065850399	0,727220521667	7,54154615066
18,57	0,366519142919	0,824183257889	2,69340933941
18,58	0,366519142919	0,824183257886	-8,21489848558
18,59	0,383972435439	0,678739153553	-19,6618881784
18,6	0,383972435439	0,242406840554	-13,0630352966
18,61	0,383972435439	0,242406840554	7,54154615057
18,62	0,383972435439	0,630257785441	7,54154615058
18,63	0,401425727959	0,630257785441	-13,1977057635
18,64	0,401425727959	0,193925472443	-20,4699109801
18,65	0,401425727959	0,0484813681109	-11,8510010938
18,66	0,401425727959	0	-4,57879587714
18,67	0,401425727959	0	-1,0773637358
18,68	0,401425727959	0	-1,0773637358
18,69	0,401425727959	0	-4,57879587714
18,7	0,401425727959	-0,0484813681109	-11,8510010938
18,71	0,401425727959	-0,193925472443	-20,4699109801
18,72	0,401425727959	-0,630257785441	-13,1977057635
18,73	0,383972435439	-0,630257785441	7,54154615058
18,74	0,383972435439	-0,242406840554	7,54154615057
18,75	0,383972435439	-0,242406840554	-13,1977057635
18,76	0,383972435439	-0,678739153553	-20,4699109802
18,77	0,366519142919	-0,824183257886	-11,8510010939
18,78	0,366519142919	-0,872664626	-4,57879587722
18,79	0,349065850399	-0,872664626	-0,942693268743
18,8	0,349065850399	-0,872664625997	-0,269340933818
18,81	0,331612557879	-0,872664625996	-0,808022801777
18,82	0,331612557879	-0,872664625996	-3,77077307529
18,83	0,314159265359	-0,921145994107	-8,21489848552
18,84	0,314159265359	-1,01810873033	-13,0630352967
18,85	0,296705972839	-1,35747830711	-3,77077307537
18,86	0,279252680319	-1,06659009844	4,04011400932
18,87	0,279252680319	-1,06659009844	-5,1174777449
18,88	0,261799387799	-1,3574783071	-0,942693268751
18,89	0,244346095279	-1,06659009844	0,269340933949
18,9	0,244346095279	-1,11507146655	-16,8338083719
18,91	0,226892802759	-1,55140377955	-21,1432633151
18,92	0,209439510239	-1,69684788388	-11,042978292
18,93	0,191986217719	-1,745329252	7,36867357255E-011
18,94	0,174532925199	-1,69684788388	10,908307825
18,95	0,157079632679	-1,55140377955	20,2005700462
18,96	0,13962634016	-1,11507146655	12,2550124946
18,97	0,13962634016	-1,11507146655	-12,2550124948
18,98	0,12217304764	-1,55140377955	-20,3352405131
18,99	0,10471975512	-1,69684788388	-11,8510010937
19	0,0872664625997	-1,74532925199	-4,57879587714
19,01	0,0698131700798	-1,74532925199	-0,942693268926
19,02	0,0523598775599	-1,745329252	-0,134670467054
19,03	0,0349065850398	-1,745329252	5,08728861506E-011
19,04	0,0174532925199	-1,74532925199	5,52601174696E-011
19,05	0	-1,74532925199	0,134670466919
19,06	-0,0174532925199	-1,745329252	0,942693268772
19,07	-0,0349065850399	-1,745329252	4,57879587722
19,08	-0,0523598775599	-1,69684788388	11,8510010939
19,09	-0,0698131700798	-1,55140377955	20,3352405132
19,1	-0,0872664625997	-1,11507146655	12,2550124946
19,11	-0,0872664625997	-1,11507146655	-12,2550124948
19,12	-0,10471975512	-1,55140377955	-20,2005700461
19,13	-0,12217304764	-1,69684788388	-10,9083078248
19,14	-0,13962634016	-1,74532925199	0
19,15	-0,157079632679	-1,69684788388	10,9083078248
19,16	-0,174532925199	-1,55140377955	20,3352405131
19,17	-0,191986217719	-1,11507146655	13,1977057636
19,18	-0,191986217719	-1,11507146655	-7,67621661743
19,19	-0,209439510239	-1,50292241144	-8,34956895238
19,2	-0,226892802759	-1,50292241144	9,42693268818
19,21	-0,244346095279	-1,11507146655	12,3896829615
19,22	-0,244346095279	-1,06659009844	-0,404011401003
19,23	-0,261799387799	-1,35747830711	4,57879587722
19,24	-0,279252680319	-1,01810873033	13,1977057636
19,25	-0,279252680319	-0,921145994107	8,21489848552
19,26	-0,296705972839	-0,872664625996	3,77077307529
19,27	-0,296705972839	-0,872664625996	0,808022801777
19,28	-0,314159265359	-0,872664625997	0,269340933818
19,29	-0,314159265359	-0,872664626	0,942693268743
19,3	-0,331612557879	-0,872664626	4,57879587722
19,31	-0,331612557879	-0,824183257886	11,8510010939
19,32	-0,349065850399	-0,678739153553	20,4699109802
19,33	-0,349065850399	-0,242406840554	13,1977057635
19,34	-0,349065850399	-0,242406840554	-7,54154615057
19,35	-0,349065850399	-0,630257785441	-7,54154615058
19,36	-0,366519142919	-0,630257785441	13,1977057635
19,37	-0,366519142919	-0,193925472443	20,4699109801
19,38	-0,366519142919	-0,0484813681109	11,8510010938
19,39	-0,366519142919	0	4,57879587714
19,4	-0,366519142919	0	1,0773637358
19,41	-0,366519142919	0	1,0773637358
19,42	-0,366519142919	0	4,57879587714
19,43	-0,366519142919	0,0484813681109	11,8510010938
19,44	-0,366519142919	0,193925472443	20,4699109801
19,45	-0,366519142919	0,630257785441	13,1977057635
19,46	-0,349065850399	0,630257785441	-7,67621661755
19,47	-0,349065850399	0,242406840554	-8,34956895243
19,48	-0,349065850399	0,242406840554	9,42693268823
19,49	-0,349065850399	0,630257785441	12,3896829617
19,5	-0,331612557879	0,678739153553	-0,404011400847
19,51	-0,331612557879	0,387850944888	4,57879587727
19,52	-0,331612557879	0,727220521667	13,1977057636
19,53	-0,314159265359	0,824183257889	8,21489848537
19,54	-0,314159265359	0,872664625997	3,90544354213
19,55	-0,296705972839	0,872664625996	1,61604560362
19,56	-0,296705972839	0,872664625996	3,90544354226
19,57	-0,279252680319	0,921145994107	8,21489848552
19,58	-0,279252680319	1,01810873033	13,1977057636
19,59	-0,261799387799	1,35747830711	4,57879587722
19,6	-0,244346095279	1,06659009844	-0,404011401003
19,61	-0,244346095279	1,11507146655	12,3896829615
19,62	-0,226892802759	1,50292241144	9,42693268818
19,63	-0,209439510239	1,50292241144	-8,48423941935
19,64	-0,191986217719	1,11507146655	-8,61890988625
19,65	-0,191986217719	1,11507146655	8,61890988646
19,66	-0,174532925199	1,50292241144	8,6189098863
19,67	-0,157079632679	1,50292241144	-8,48423941953
19,68	-0,13962634016	1,11507146655	-7,6762166176
19,69	-0,13962634016	1,11507146655	13,1977057636
19,7	-0,12217304764	1,55140377955	20,3352405133
19,71	-0,10471975512	1,69684788388	10,908307825
19,72	-0,0872664625997	1,745329252	-7,36867357255E-011
19,73	-0,0698131700798	1,69684788388	-10,908307825
19,74	-0,0523598775599	1,55140377955	-20,2005700462
19,75	-0,0349065850399	1,11507146655	-12,2550124946
19,76	-0,0349065850399	1,11507146655	12,2550124948
19,77	-0,0174532925199	1,55140377955	20,3352405131
19,78	0	1,69684788388	11,7163306267
19,79	0,0174532925199	1,74532925199	3,63610260837
19,8	0,0349065850398	1,745329252	-3,63610260826
19,81	0,0523598775599	1,69684788388	-11,7163306269
19,82	0,0698131700798	1,55140377955	-20,3352405133
19,83	0,0872664625997	1,11507146655	-12,2550124947
19,84	0,0872664625997	1,11507146655	12,1203420278
19,85	0,10471975512	1,55140377955	19,3925472445
19,86	0,12217304764	1,69684788388	7,27220521671
19,87	0,13962634016	1,69684788388	-7,2722052167
19,88	0,157079632679	1,55140377955	-19,5272177114
19,89	0,174532925199	1,11507146655	-13,0630352965
19,9	0,174532925199	1,11507146655	7,67621661766
19,91	0,191986217719	1,50292241144	8,3495689525
19,92	0,209439510239	1,50292241144	-9,4269326883
19,93	0,226892802759	1,11507146655	-12,3896829618
19,94	0,226892802759	1,06659009844	0,40401140085
19,95	0,244346095279	1,3574783071	-4,49799359696
19,96	0,261799387799	1,01810873033	-12,6859579889
19,97	0,261799387799	0,921145994108	-5,33295049181
19,98	0,279252680319	0,901753446867	4,04011401016
19,99	0,279252680319	0,969627362235	17,6552982222
20	0,296705972839	1,35747830715	29,4120299902
