Vernier Format 2
Файл.gmbl 07.12.2019 14:00:05 ,
Новый
Время	Угол	Скорость	Ускорение
t	Угол	v	a
с	rad	rad/с	rad/с²

0	0	0	0
0,01	0	0	0
0,02	0	0	0
0,03	0	0	0
0,04	0	0	0
0,05	0	0	0
0,06	0	0	0
0,07	0	0	0
0,08	0	0	0
0,09	0	0	0
0,1	0	0	0
0,11	0	0	0
0,12	0	0	0
0,13	0	0	0
0,14	0	0	0
0,15	0	0	0
0,16	0	0	0
0,17	0	0	0
0,18	0	0	0
0,19	0	0	0
0,2	0	0	0
0,21	0	0	0
0,22	0	0	0
0,23	0	0	0
0,24	0	0	0
0,25	0	0	0
0,26	0	0	0
0,27	0	0	0
0,28	0	0	0
0,29	0	0	0
0,3	0	0	0
0,31	0	0	0
0,32	0	0	0
0,33	0	0	0
0,34	0	0	0
0,35	0	0	0
0,36	0	0	0
0,37	0	0	0
0,38	0	0	0
0,39	0	0	0
0,4	0	0	0
0,41	0	0	0
0,42	0	0	0
0,43	0	0	0
0,44	0	0	0
0,45	0	0	0
0,46	0	0	0
0,47	0	0	0
0,48	0	0	0
0,49	0	0	0
0,5	0	0	0
0,51	0	0	0
0,52	0	0	0
0,53	0	0	0
0,54	0	0	0
0,55	0	0	0
0,56	0	0	0
0,57	0	0	0
0,58	0	0	0
0,59	0	0	0
0,6	0	0	0
0,61	0	0	0
0,62	0	0	0
0,63	0	0	0
0,64	0	0	0
0,65	0	0	0
0,66	0	0	0
0,67	0	0	0
0,68	0	0	0
0,69	0	0	0
0,7	0	0	0
0,71	0	0	0
0,72	0	0	0
0,73	0	0	0
0,74	0	0	0
0,75	0	0	0
0,76	0	0	0
0,77	0	0	0
0,78	0	0	0
0,79	0	0	0
0,8	0	0	0
0,81	0	0	0
0,82	0	0	0
0,83	0	0	0
0,84	0	0	0
0,85	0	0	0
0,86	0	0	0
0,87	0	0	0
0,88	0	0	0
0,89	0	0	0
0,9	0	0	0
0,91	0	0	0
0,92	0	0	0
0,93	0	0	0
0,94	0	0	0
0,95	0	0	0
0,96	0	0	0
0,97	0	0	0
0,98	0	0	0
0,99	0	0	0
1	0	0	0
1,01	0	0	0
1,02	0	0	0
1,03	0	0	0
1,04	0	0	0
1,05	0	0	0
1,06	0	0	0
1,07	0	0	0
1,08	0	0	0
1,09	0	0	0
1,1	0	0	0
1,11	0	0	0
1,12	0	0	-0,134670466975
1,13	0	0	-0,942693268824
1,14	0	0	-4,57879587715
1,15	0	-0,048481368111	-11,8510010938
1,16	0	-0,193925472444	-20,4699109802
1,17	0	-0,630257785442	-13,1977057635
1,18	-0,0174532925199	-0,630257785442	7,5415461506
1,19	-0,0174532925199	-0,242406840555	7,5415461506
1,2	-0,0174532925199	-0,242406840555	-13,1977057635
1,21	-0,0174532925199	-0,678739153553	-20,6045814472
1,22	-0,0349065850399	-0,824183257886	-12,7936943626
1,23	-0,0349065850399	-0,872664625997	-9,1575917543
1,24	-0,0523598775598	-0,921145994108	-12,7936943626
1,25	-0,0523598775598	-1,06659009844	-20,6045814472
1,26	-0,0698131700798	-1,50292241144	-13,1977057635
1,27	-0,0872664625997	-1,50292241144	7,54154615059
1,28	-0,10471975512	-1,11507146655	7,54154615059
1,29	-0,10471975512	-1,11507146655	-13,3323762305
1,3	-0,12217304764	-1,55140377955	-21,412604249
1,31	-0,13962634016	-1,69684788388	-16,4297969709
1,32	-0,157079632679	-1,79381062011	-16,4297969709
1,33	-0,174532925199	-1,93925472444	-21,412604249
1,34	-0,191986217719	-2,37558703744	-13,3323762305
1,35	-0,226892802759	-2,37558703744	7,67621661757
1,36	-0,244346095279	-1,98773609255	8,34956895244
1,37	-0,261799387799	-1,98773609255	-9,42693268824
1,38	-0,279252680319	-2,37558703744	-12,2550124947
1,39	-0,314159265359	-2,42406840555	1,21203420278
1,4	-0,331612557879	-2,13318019688	-0,808022801848
1,41	-0,349065850399	-2,42406840555	-5,11747774505
1,42	-0,383972435439	-2,42406840555	4,04011400925
1,43	-0,401425727959	-2,13318019688	-3,63610260832
1,44	-0,418879020479	-2,47254977366	-12,2550124947
1,45	-0,453785605519	-2,56951250988	-4,44412541017
1,46	-0,471238898038	-2,56951250988	4,44412541017
1,47	-0,506145483078	-2,47254977366	12,2550124947
1,48	-0,523598775598	-2,13318019688	3,63610260832
1,49	-0,541052068118	-2,42406840555	-4,04011400925
1,5	-0,575958653158	-2,42406840555	4,98280727807
1,51	-0,593411945678	-2,13318019688	-1,52840703057E-012
1,52	-0,610865238198	-2,42406840555	-4,8481368111
1,53	-0,645771823238	-2,42406840555	4,98280727807
1,54	-0,663225115758	-2,13318019688	0,942693268824
1,55	-0,680678408278	-2,42406840555	-0,269340933945
1,56	-0,715584993318	-2,37558703744	16,8338083719
1,57	-0,733038285838	-1,93925472444	21,277933782
1,58	-0,750491578358	-1,79381062011	11,9856715608
1,59	-0,767944870878	-1,74532925199	4,57879587714
1,6	-0,785398163397	-1,74532925199	0,942693268826
1,61	-0,802851455917	-1,74532925199	0,269340933948
1,62	-0,820304748437	-1,74532925199	0,942693268826
1,63	-0,837758040957	-1,74532925199	4,57879587715
1,64	-0,855211333477	-1,69684788388	11,9856715608
1,65	-0,872664625997	-1,55140377955	21,412604249
1,66	-0,890117918517	-1,11507146655	17,7765016407
1,67	-0,890117918517	-1,06659009844	4,30945494319
1,68	-0,907571211037	-1,308996939	12,7936943626
1,69	-0,925024503557	-0,872664625997	25,4527182583
1,7	-0,925024503557	-0,436332312999	8,34956895245
1,71	-0,925024503557	-0,727220521664	-7,54154615059
1,72	-0,942477796077	-0,824183257886	-2,55873887253
1,73	-0,942477796077	-0,824183257886	9,15759175428
1,74	-0,959931088597	-0,678739153553	24,2406840555
1,75	-0,959931088597	-0,193925472444	24,9140363904
1,76	-0,959931088597	-0,048481368111	12,7936943626
1,77	-0,959931088597	0	4,71346634412
1,78	-0,959931088597	0	0,942693268824
1,79	-0,959931088597	0	0,134670466975
1,8	-0,959931088597	0	0
1,81	-0,959931088597	0	0
1,82	-0,959931088597	0	0,134670466975
1,83	-0,959931088597	0	0,942693268824
1,84	-0,959931088597	0	4,57879587715
1,85	-0,959931088597	0,048481368111	11,9856715608
1,86	-0,959931088597	0,193925472444	21,277933782
1,87	-0,959931088597	0,630257785442	16,8338083719
1,88	-0,942477796077	0,678739153553	-0,269340933955
1,89	-0,942477796077	0,387850944888	1,07736373579
1,9	-0,942477796077	0,678739153553	5,92550054689
1,91	-0,925024503557	0,678739153553	-0,269340933945
1,92	-0,925024503557	0,436332312999	11,9856715608
1,93	-0,925024503557	0,872664625997	26,3954115271
1,94	-0,907571211037	1,308996939	13,8710580984
1,95	-0,890117918517	1,06659009844	8,88825082033
1,96	-0,890117918517	1,16355283466	29,7621732014
1,97	-0,872664625997	1,74532925199	42,825208498
1,98	-0,855211333477	2,32710566933	29,8968436684
1,99	-0,820304748437	2,42406840555	9,69627362219
2	-0,802851455917	2,18166156499	17,5071607067
2,01	-0,785398163397	2,6664752461	33,9369576777
2,02	-0,750491578358	3,19977029532	22,3552975178
2,03	-0,715584993318	3,24825166343	0,808022801848
2,04	-0,680678408278	2,90888208666	5,25214821202
2,05	-0,663225115758	3,05432619099	34,6103100125
2,06	-0,628318530718	3,92699081699	37,438389819
2,07	-0,575958653158	4,12091628943	12,3896829617
2,08	-0,541052068118	3,87850944888	9,29226222126
2,09	-0,506145483078	4,21787902565	14,2750694993
2,1	-0,453785605519	4,31484176187	9,15759175429
2,11	-0,418879020479	4,36332312999	7,54154615059
2,12	-0,366519142919	4,4118044981	9,02292128732
2,13	-0,331612557879	4,50876723432	13,3323762305
2,14	-0,279252680319	4,8481368111	4,71346634413
2,15	-0,226892802759	4,55724860243	0,538681867904
2,16	-0,191986217719	4,60572997054	16,8338083719
2,17	-0,13962634016	5,04206228354	20,3352405132
2,18	-0,0872664625997	5,18750638787	7,40687568361
2,19	-0,0349065850399	5,18750638787	-7,27220521665
2,2	0,0174532925199	5,04206228354	-19,5272177113
2,21	0,0698131700798	4,60572997054	-13,0630352966
2,22	0,10471975512	4,60572997054	7,54154615059
2,23	0,157079632679	4,99358091543	7,54154615059
2,24	0,209439510239	4,99358091543	-13,1977057635
2,25	0,261799387799	4,55724860243	-20,4699109802
2,26	0,296705972839	4,4118044981	-11,8510010938
2,27	0,349065850399	4,36332312999	-4,71346634412
2,28	0,383972435439	4,36332312999	-1,88538653765
2,29	0,436332312999	4,36332312999	-4,84813681109
2,3	0,471238898038	4,31484176187	-12,7936943626
2,31	0,523598775598	4,16939765754	-25,0487068573
2,32	0,558505360638	3,68458397643	-25,0487068573
2,33	0,593411945678	3,5391398721	-12,9283648296
2,34	0,628318530718	3,49065850399	-5,79083007992
2,35	0,663225115758	3,49065850399	-6,4641824148
2,36	0,698131700798	3,44217713588	-16,6991379049
2,37	0,733038285838	3,24825166343	-33,2636053428
2,38	0,767944870878	2,6664752461	-38,2464126209
2,39	0,785398163397	2,18166156499	-17,6418311737
2,4	0,802851455917	2,42406840555	-6,19484148084
2,41	0,837758040957	2,37558703744	-22,4899679848
2,42	0,855211333477	1,89077335633	-33,3982758098
2,43	0,872664625997	1,59988514766	-33,3982758098
2,44	0,890117918517	1,11507146655	-22,4899679848
2,45	0,890117918517	1,06659009844	-6,19484148085
2,46	0,907571211037	1,308996939	-17,6418311737
2,47	0,925024503557	0,824183257886	-38,3810830878
2,48	0,925024503557	0,242406840555	-34,2062986116
2,49	0,925024503557	0,0484813681109	-21,277933782
2,5	0,925024503557	-0,0484813681109	-18,4498539756
2,51	0,925024503557	-0,193925472444	-27,0687638619
2,52	0,925024503557	-0,678739153553	-29,8968436684
2,53	0,907571211037	-0,872664625997	-25,5873887252
2,54	0,907571211037	-1,06659009844	-29,7621732015
2,55	0,890117918517	-1,55140377955	-25,9914001261
2,56	0,872664625997	-1,69684788388	-13,0630352966
2,57	0,855211333477	-1,74532925199	-5,79083007992
2,58	0,837758040957	-1,74532925199	-6,4641824148
2,59	0,820304748437	-1,79381062011	-16,6991379049
2,6	0,802851455917	-1,98773609255	-33,2636053428
2,61	0,785398163397	-2,56951250988	-38,3810830878
2,62	0,750491578358	-3,05432619099	-18,4498539756
2,63	0,715584993318	-2,81191935044	-9,83094408917
2,64	0,698131700798	-2,90888208666	-29,7621732015
2,65	0,663225115758	-3,49065850399	-41,8825152292
2,66	0,628318530718	-4,07243492132	-25,1833773243
2,67	0,575958653158	-4,12091628943	2,96275027345
2,68	0,541052068118	-3,73306534454	6,46418241479
2,69	0,506145483078	-3,73306534454	-14,1403990324
2,7	0,471238898038	-4,16939765754	-24,2406840555
2,71	0,418879020479	-4,36332312999	-20,0658995793
2,72	0,383972435439	-4,50876723432	-17,7765016407
2,73	0,331612557879	-4,8481368111	-5,52148914597
2,74	0,279252680319	-4,55724860243	0,26934093395
2,75	0,244346095279	-4,60572997054	-12,3896829617
2,76	0,191986217719	-4,99358091543	-9,42693268824
2,77	0,13962634016	-4,99358091543	8,34956895244
2,78	0,0872664625997	-4,60572997054	7,81088708454
2,79	0,0523598775598	-4,60572997054	-12,2550124947
2,8	0	-5,04206228354	-15,891115103
2,81	-0,0523598775598	-5,13902501976	0,134670466975
2,82	-0,10471975512	-5,04206228354	16,6991379049
2,83	-0,157079632679	-4,60572997054	16,02578557
2,84	-0,191986217719	-4,55724860243	0,40401140092
2,85	-0,244346095279	-4,8481368111	4,71346634411
2,86	-0,296705972839	-4,50876723432	13,1977057635
2,87	-0,331612557879	-4,4118044981	8,21489848547
2,88	-0,383972435439	-4,36332312999	3,90544354228
2,89	-0,418879020479	-4,36332312999	1,75071607068
2,9	-0,471238898038	-4,36332312999	4,8481368111
2,91	-0,506145483078	-4,31484176187	12,9283648296
2,92	-0,558505360638	-4,16939765754	25,9914001261
2,93	-0,593411945678	-3,68458397643	29,7621732014
2,94	-0,628318530718	-3,49065850399	25,5873887252
2,95	-0,663225115758	-3,29673303154	29,7621732015
2,96	-0,698131700798	-2,81191935044	26,1260705931
2,97	-0,715584993318	-2,6664752461	13,8710580984
2,98	-0,750491578358	-2,61799387799	9,42693268824
2,99	-0,767944870878	-2,56951250988	13,7363876314
3	-0,802851455917	-2,42406840555	25,3180477913
3,01	-0,820304748437	-1,93925472444	25,9914001262
3,02	-0,837758040957	-1,79381062011	17,5071607067
3,03	-0,855211333477	-1,69684788388	17,6418311737
3,04	-0,872664625997	-1,55140377955	26,934093395
3,05	-0,890117918517	-1,06659009844	29,8968436684
3,06	-0,890117918517	-0,872664625997	25,5873887252
3,07	-0,907571211037	-0,678739153553	29,7621732014
3,08	-0,907571211037	-0,193925472444	26,1260705931
3,09	-0,907571211037	-0,048481368111	14,0057285654
3,1	-0,907571211037	0	10,2349554901
3,11	-0,907571211037	0,048481368111	17,5071607067
3,12	-0,907571211037	0,242406840555	33,3982758098
3,13	-0,907571211037	0,824183257886	38,3810830878
3,14	-0,890117918517	1,308996939	18,4498539756
3,15	-0,872664625997	1,06659009844	9,83094408917
3,16	-0,872664625997	1,16355283466	29,8968436684
3,17	-0,855211333477	1,74532925199	42,825208498
3,18	-0,837758040957	2,32710566933	29,7621732014
3,19	-0,802851455917	2,42406840555	8,88825082034
3,2	-0,785398163397	2,18166156499	13,8710580984
3,21	-0,767944870878	2,61799387799	26,5300819941
3,22	-0,733038285838	3,05432619099	12,9283648296
3,23	-0,698131700798	2,81191935044	4,44412541017
3,24	-0,680678408278	2,86040071855	18,7191949095
3,25	-0,645771823238	3,29673303154	26,1260705931
3,26	-0,610865238198	3,49065850399	24,7793659234
3,27	-0,575958653158	3,68458397643	29,6275027345
3,28	-0,541052068118	4,16939765754	25,9914001261
3,29	-0,488692190558	4,31484176187	12,9283648296
3,3	-0,453785605519	4,36332312999	4,84813681109
3,31	-0,401425727959	4,36332312999	1,75071607067
3,32	-0,366519142919	4,36332312999	3,90544354227
3,33	-0,314159265359	4,4118044981	8,21489848547
3,34	-0,279252680319	4,50876723432	13,1977057635
3,35	-0,226892802759	4,8481368111	4,71346634413
3,36	-0,174532925199	4,55724860243	0,404011400928
3,37	-0,13962634016	4,60572997054	16,02578557
3,38	-0,0872664625997	5,04206228354	16,6991379049
3,39	-0,0349065850399	5,13902501976	-4,99106928626E-012
3,4	0,0174532925199	5,04206228354	-16,6991379049
3,41	0,0698131700798	4,60572997054	-15,891115103
3,42	0,10471975512	4,55724860243	0,404011400924
3,43	0,157079632679	4,8481368111	-0,942693268831
3,44	0,209439510239	4,55724860243	-5,11747774505
3,45	0,244346095279	4,55724860243	3,90544354227
3,46	0,296705972839	4,8481368111	-4,57879587715
3,47	0,349065850399	4,50876723432	-16,8338083719
3,48	0,383972435439	4,36332312999	-16,4297969709
3,49	0,436332312999	4,21787902565	-16,9684788388
3,5	0,471238898038	3,87850944888	-5,52148914597
3,51	0,506145483078	4,16939765754	-0,808022801852
3,52	0,558505360638	4,12091628943	-17,9111721077
3,53	0,593411945678	3,68458397643	-25,9914001261
3,54	0,628318530718	3,49065850399	-24,7793659234
3,55	0,663225115758	3,29673303155	-29,6275027345
3,56	0,698131700798	2,81191935044	-26,1260705931
3,57	0,715584993318	2,6664752461	-13,8710580984
3,58	0,750491578358	2,61799387799	-9,42693268824
3,59	0,767944870878	2,56951250988	-13,7363876314
3,6	0,802851455917	2,42406840555	-25,3180477913
3,61	0,820304748437	1,93925472444	-25,9914001262
3,62	0,837758040957	1,79381062011	-17,5071607067
3,63	0,855211333477	1,69684788388	-17,6418311737
3,64	0,872664625997	1,55140377955	-26,934093395
3,65	0,890117918517	1,06659009844	-29,8968436684
3,66	0,890117918517	0,872664625997	-25,5873887252
3,67	0,907571211037	0,678739153553	-29,8968436684
3,68	0,907571211037	0,193925472444	-26,934093395
3,69	0,907571211037	0,048481368111	-17,6418311737
3,7	0,907571211037	-0,048481368111	-17,6418311737
3,71	0,907571211037	-0,193925472444	-26,799422928
3,72	0,907571211037	-0,678739153553	-28,9541503996
3,73	0,890117918517	-0,872664625997	-21,1432633151
3,74	0,890117918517	-1,01810873033	-18,8538653765
3,75	0,872664625997	-1,35747830711	-10,2349554901
3,76	0,855211333477	-1,11507146655	-12,6590238956
3,77	0,855211333477	-1,308996939	-38,3810830878
3,78	0,837758040957	-2,18166156499	-39,0544354227
3,79	0,802851455917	-2,37558703744	-16,295126504
3,8	0,785398163397	-2,18166156499	-17,5071607067
3,81	0,767944870878	-2,61799387799	-27,3381047959
3,82	0,733038285838	-3,05432619099	-13,0630352966
3,83	0,698131700798	-2,81191935044	-4,44412541017
3,84	0,680678408278	-2,86040071855	-18,7191949095
3,85	0,645771823238	-3,29673303154	-26,1260705931
3,86	0,610865238198	-3,49065850399	-24,7793659234
3,87	0,575958653158	-3,68458397643	-29,6275027345
3,88	0,541052068118	-4,16939765754	-25,9914001261
3,89	0,488692190558	-4,31484176187	-12,9283648296
3,9	0,453785605519	-4,36332312999	-4,71346634412
3,91	0,401425727959	-4,36332312999	-0,942693268829
3,92	0,366519142919	-4,36332312999	-0,269340933958
3,93	0,314159265359	-4,36332312999	-0,942693268829
3,94	0,279252680319	-4,36332312999	-4,57879587714
3,95	0,226892802759	-4,4118044981	-11,8510010938
3,96	0,191986217719	-4,55724860243	-20,4699109802
3,97	0,13962634016	-4,99358091543	-13,1977057635
3,98	0,0872664625997	-4,99358091543	7,67621661757
3,99	0,0349065850399	-4,60572997054	8,48423941942
4	0	-4,60572997054	-8,61890988639
4,01	-0,0523598775598	-4,99358091543	-8,48423941942
4,02	-0,10471975512	-4,99358091543	9,42693268824
4,03	-0,157079632679	-4,60572997054	12,3896829617
4,04	-0,191986217719	-4,55724860243	-0,40401140093
4,05	-0,244346095279	-4,8481368111	4,57879587714
4,06	-0,296705972839	-4,50876723432	13,3323762305
4,07	-0,331612557879	-4,4118044981	9,1575917543
4,08	-0,383972435439	-4,36332312999	8,48423941943
4,09	-0,418879020479	-4,31484176187	13,6017171645
4,1	-0,471238898038	-4,16939765754	25,1833773243
4,11	-0,506145483078	-3,68458397643	25,0487068573
4,12	-0,541052068118	-3,5391398721	12,9283648296
4,13	-0,575958653158	-3,49065850399	5,65615961295
4,14	-0,610865238198	-3,49065850399	5,65615961294
4,15	-0,645771823238	-3,44217713588	13,0630352966
4,16	-0,680678408278	-3,29673303155	25,8567296592
4,17	-0,715584993318	-2,81191935044	28,8194799326
4,18	-0,733038285838	-2,61799387799	21,1432633151
4,19	-0,767944870878	-2,47254977366	18,8538653765
4,2	-0,785398163397	-2,13318019688	10,2349554901
4,21	-0,802851455917	-2,37558703744	12,6590238956
4,22	-0,837758040957	-2,18166156499	38,3810830878
4,23	-0,855211333477	-1,308996939	39,1891058897
4,24	-0,855211333477	-1,11507146655	17,1031493058
4,25	-0,872664625997	-1,308996939	21,277933782
4,26	-0,890117918517	-0,824183257886	35,5530032814
4,27	-0,890117918517	-0,290888208666	26,1260705931
4,28	-0,890117918517	-0,193925472444	8,21489848546
4,29	-0,890117918517	-0,436332312999	14,5444104333
4,3	-0,907571211037	0	30,3008550693
4,31	-0,890117918517	0,48481368111	21,1432633151
4,32	-0,890117918517	0,339369576777	17,5071607067
4,33	-0,890117918517	0,727220521664	22,4899679848
4,34	-0,872664625997	0,872664625997	22,0859565839
4,35	-0,872664625997	1,06659009844	29,8968436684
4,36	-0,855211333477	1,55140377955	30,5701960033
4,37	-0,837758040957	1,74532925199	25,7220591922
4,38	-0,820304748437	1,93925472444	29,7621732015
4,39	-0,802851455917	2,42406840555	26,1260705931
4,4	-0,767944870878	2,56951250988	13,8710580984
4,41	-0,750491578358	2,61799387799	9,42693268824
4,42	-0,715584993318	2,6664752461	13,7363876314
4,43	-0,698131700798	2,81191935044	25,3180477913
4,44	-0,663225115758	3,29673303154	25,9914001262
4,45	-0,628318530718	3,44217713588	17,3724902398
4,46	-0,593411945678	3,5391398721	16,6991379049
4,47	-0,558505360638	3,68458397643	22,2206270509
4,48	-0,523598775598	4,12091628943	17,1031493058
4,49	-0,471238898038	4,16939765754	0,673352334881
4,5	-0,436332312999	3,87850944888	5,52148914598
4,51	-0,401425727959	4,21787902565	16,9684788388
4,52	-0,349065850399	4,36332312999	16,4297969709
4,53	-0,314159265359	4,50876723432	16,9684788388
4,54	-0,261799387799	4,8481368111	5,38681867899
4,55	-0,209439510239	4,55724860243	-0,26934093395
4,56	-0,174532925199	4,60572997054	12,3896829617
4,57	-0,12217304764	4,99358091543	9,29226222127
4,58	-0,0698131700798	4,99358091543	-9,29226222127
4,59	-0,0174532925199	4,60572997054	-12,2550124947
4,6	0,0174532925199	4,55724860243	1,21203420278
4,61	0,0698131700798	4,8481368111	-0,808022801841
4,62	0,12217304764	4,55724860243	-5,11747774504
4,63	0,157079632679	4,55724860243	4,04011400924
4,64	0,209439510239	4,8481368111	-3,77077307531
4,65	0,261799387799	4,50876723432	-13,1977057635
4,66	0,296705972839	4,4118044981	-9,02292128732
4,67	0,349065850399	4,36332312999	-7,54154615059
4,68	0,383972435439	4,31484176187	-9,02292128731
4,69	0,436332312999	4,21787902565	-13,3323762305
4,7	0,471238898038	3,87850944888	-4,84813681109
4,71	0,506145483078	4,16939765754	-1,48137513673
4,72	0,558505360638	4,12091628943	-21,547274716
4,73	0,593411945678	3,63610260832	-33,2636053428
4,74	0,628318530718	3,34521439966	-33,3982758098
4,75	0,663225115758	2,86040071855	-22,3552975178
4,76	0,680678408278	2,81191935044	-5,25214821202
4,77	0,715584993318	3,05432619099	-13,1977057635
4,78	0,750491578358	2,61799387799	-27,3381047959
4,79	0,767944870878	2,18166156499	-17,5071607067
4,8	0,785398163397	2,37558703744	-16,160456037
4,81	0,820304748437	2,18166156499	-38,2464126209
4,82	0,837758040957	1,308996939	-34,7449804795
4,83	0,837758040957	1,16355283466	-5,38681867899
4,84	0,855211333477	1,50292241144	-1,75071607067
4,85	0,872664625997	1,45444104333	-26,934093395
4,86	0,890117918517	0,872664625997	-45,6532883045
4,87	0,890117918517	0,242406840555	-36,8997079511
4,88	0,890117918517	0,048481368111	-17,5071607067
4,89	0,890117918517	0	-6,73352334874
4,9	0,890117918517	0	-6,59885288177
4,91	0,890117918517	-0,048481368111	-16,6991379049
4,92	0,890117918517	-0,242406840555	-33,2636053428
4,93	0,890117918517	-0,824183257886	-38,3810830878
4,94	0,872664625997	-1,308996939	-18,4498539756
4,95	0,855211333477	-1,06659009844	-9,83094408917
4,96	0,855211333477	-1,16355283466	-29,8968436684
4,97	0,837758040957	-1,74532925199	-42,825208498
4,98	0,820304748437	-2,32710566933	-29,7621732014
4,99	0,785398163397	-2,42406840555	-8,88825082034
5	0,767944870878	-2,18166156499	-13,8710580984
5,01	0,750491578358	-2,61799387799	-26,5300819941
5,02	0,715584993318	-3,05432619099	-13,0630352966
5,03	0,680678408278	-2,81191935044	-5,25214821202
5,04	0,663225115758	-2,86040071855	-22,3552975178
5,05	0,628318530718	-3,34521439966	-33,3982758098
5,06	0,593411945678	-3,63610260832	-33,2636053428
5,07	0,558505360638	-4,12091628943	-21,547274716
5,08	0,506145483078	-4,16939765754	-1,48137513673
5,09	0,471238898038	-3,87850944888	-4,84813681109
5,1	0,436332312999	-4,21787902565	-13,1977057635
5,11	0,383972435439	-4,31484176187	-8,21489848546
5,12	0,349065850399	-4,36332312999	-3,90544354227
5,13	0,296705972839	-4,36332312999	-1,75071607068
5,14	0,261799387799	-4,36332312999	-4,71346634413
5,15	0,209439510239	-4,4118044981	-11,8510010938
5,16	0,174532925199	-4,55724860243	-20,4699109802
5,17	0,12217304764	-4,99358091543	-13,0630352966
5,18	0,0698131700798	-4,99358091543	8,48423941942
5,19	0,0174532925199	-4,60572997054	12,1203420277
5,2	-0,0174532925199	-4,55724860243	-1,21203420277
5,21	-0,0698131700798	-4,8481368111	0,808022801849
5,22	-0,12217304764	-4,55724860243	5,11747774505
5,23	-0,157079632679	-4,55724860243	-4,04011400925
5,24	-0,209439510239	-4,8481368111	3,7707730753
5,25	-0,261799387799	-4,50876723432	13,1977057635
5,26	-0,296705972839	-4,4118044981	9,15759175428
5,27	-0,349065850399	-4,36332312999	8,48423941941
5,28	-0,383972435439	-4,31484176188	13,6017171645
5,29	-0,436332312999	-4,16939765754	25,1833773243
5,3	-0,471238898038	-3,68458397643	25,0487068573
5,31	-0,506145483078	-3,5391398721	12,7936943626
5,32	-0,541052068118	-3,49065850399	4,84813681109
5,33	-0,575958653158	-3,49065850399	1,88538653765
5,34	-0,610865238198	-3,49065850399	4,84813681109
5,35	-0,645771823238	-3,44217713588	12,9283648296
5,36	-0,680678408278	-3,29673303155	25,9914001262
5,37	-0,715584993318	-2,81191935044	29,7621732015
5,38	-0,733038285838	-2,61799387799	25,5873887252
5,39	-0,767944870878	-2,42406840555	29,8968436684
5,4	-0,785398163397	-1,93925472444	26,934093395
5,41	-0,802851455917	-1,79381062011	17,6418311737
5,42	-0,820304748437	-1,69684788388	17,5071607067
5,43	-0,837758040957	-1,55140377955	25,9914001262
5,44	-0,855211333477	-1,06659009844	25,3180477913
5,45	-0,855211333477	-0,921145994108	13,8710580984
5,46	-0,872664625997	-0,872664625997	10,3696259571
5,47	-0,872664625997	-0,824183257886	18,3151835086
5,48	-0,890117918517	-0,630257785442	37,1690488851
5,49	-0,890117918517	0	46,4613111063
5,5	-0,890117918517	0,581776417331	30,5701960033
5,51	-0,872664625997	0,678739153553	9,02292128732
5,52	-0,872664625997	0,436332312999	14,0057285654
5,53	-0,872664625997	0,872664625997	27,4727752629
5,54	-0,855211333477	1,308996939	17,5071607067
5,55	-0,837758040957	1,11507146655	16,295126504
5,56	-0,837758040957	1,308996939	39,0544354227
5,57	-0,820304748437	2,18166156499	38,3810830878
5,58	-0,785398163397	2,37558703744	12,6590238956
5,59	-0,767944870878	2,13318019688	10,2349554901
5,6	-0,750491578358	2,47254977366	18,8538653765
5,61	-0,715584993318	2,61799387799	21,1432633151
5,62	-0,698131700798	2,81191935044	28,8194799326
5,63	-0,663225115758	3,29673303154	25,8567296592
5,64	-0,628318530718	3,44217713588	12,9283648296
5,65	-0,593411945678	3,49065850399	4,84813681109
5,66	-0,558505360638	3,49065850399	1,88538653765
5,67	-0,523598775598	3,49065850399	4,8481368111
5,68	-0,488692190558	3,5391398721	12,7936943626
5,69	-0,453785605519	3,68458397643	25,0487068573
5,7	-0,418879020479	4,16939765754	25,1833773243
5,71	-0,366519142919	4,31484176187	13,6017171645
5,72	-0,331612557879	4,36332312999	8,48423941943
5,73	-0,279252680319	4,4118044981	9,1575917543
5,74	-0,244346095279	4,50876723432	13,3323762305
5,75	-0,191986217719	4,8481368111	4,57879587714
5,76	-0,13962634016	4,55724860243	-0,40401140093
5,77	-0,10471975512	4,60572997054	12,3896829617
5,78	-0,0523598775598	4,99358091543	9,29226222127
5,79	0	4,99358091543	-9,29226222127
5,8	0,0523598775598	4,60572997054	-12,3896829617
5,81	0,0872664625997	4,55724860243	0,404011400925
5,82	0,13962634016	4,8481368111	-4,57879587714
5,83	0,191986217719	4,50876723432	-13,3323762305
5,84	0,226892802759	4,4118044981	-9,02292128731
5,85	0,279252680319	4,36332312999	-7,54154615059
5,86	0,314159265359	4,31484176188	-9,02292128732
5,87	0,366519142919	4,21787902565	-13,3323762305
5,88	0,401425727959	3,87850944888	-4,71346634412
5,89	0,436332312999	4,16939765754	-0,538681867897
5,9	0,488692190558	4,12091628943	-17,1031493058
5,91	0,523598775598	3,68458397643	-22,2206270509
5,92	0,558505360638	3,5391398721	-16,6991379049
5,93	0,593411945678	3,44217713588	-17,3724902398
5,94	0,628318530718	3,29673303154	-25,9914001261
5,95	0,663225115758	2,81191935044	-25,3180477913
5,96	0,680678408278	2,6664752461	-13,7363876314
5,97	0,715584993318	2,61799387799	-9,42693268824
5,98	0,733038285838	2,56951250988	-13,7363876314
5,99	0,767944870878	2,42406840555	-25,3180477913
6	0,785398163397	1,93925472444	-25,9914001261
6,01	0,802851455917	1,79381062011	-17,5071607067
6,02	0,820304748437	1,69684788388	-17,6418311737
6,03	0,837758040957	1,55140377955	-26,934093395
6,04	0,855211333477	1,06659009844	-29,8968436684
6,05	0,855211333477	0,872664625997	-25,5873887252
6,06	0,872664625997	0,678739153553	-29,7621732014
6,07	0,872664625997	0,193925472444	-26,1260705931
6,08	0,872664625997	0,0484813681109	-13,8710580984
6,09	0,872664625997	0	-9,42693268824
6,1	0,872664625997	-0,0484813681109	-13,8710580984
6,11	0,872664625997	-0,193925472444	-26,1260705931
6,12	0,872664625997	-0,678739153553	-29,7621732014
6,13	0,855211333477	-0,872664625997	-25,5873887252
6,14	0,855211333477	-1,06659009844	-29,7621732015
6,15	0,837758040957	-1,55140377955	-26,1260705931
6,16	0,820304748437	-1,69684788388	-14,0057285654
6,17	0,802851455917	-1,74532925199	-10,2349554901
6,18	0,785398163397	-1,79381062011	-17,5071607067
6,19	0,767944870878	-1,98773609255	-33,3982758098
6,2	0,750491578358	-2,56951250988	-38,2464126209
6,21	0,715584993318	-3,05432619099	-17,5071607067
6,22	0,680678408278	-2,81191935044	-5,25214821202
6,23	0,663225115758	-2,86040071855	-18,0458425746
6,24	0,628318530718	-3,29673303154	-22,3552975178
6,25	0,593411945678	-3,44217713588	-16,5644674379
6,26	0,558505360638	-3,5391398721	-16,5644674379
6,27	0,523598775598	-3,68458397643	-22,2206270509
6,28	0,488692190558	-4,12091628943	-17,1031493058
6,29	0,436332312999	-4,16939765754	-0,538681867897
6,3	0,401425727959	-3,87850944888	-4,71346634412
6,31	0,366519142919	-4,21787902565	-13,3323762305
6,32	0,314159265359	-4,31484176188	-9,02292128732
6,33	0,279252680319	-4,36332312999	-7,54154615059
6,34	0,226892802759	-4,4118044981	-9,02292128731
6,35	0,191986217719	-4,50876723432	-13,1977057635
6,36	0,13962634016	-4,8481368111	-3,7707730753
6,37	0,0872664625997	-4,55724860243	4,04011400925
6,38	0,0523598775598	-4,55724860243	-4,98280727807
6,39	0	-4,8481368111	-3,82410152926E-013
6,4	-0,0523598775598	-4,55724860243	4,98280727807
6,41	-0,0872664625997	-4,55724860243	-4,04011400925
6,42	-0,13962634016	-4,8481368111	3,77077307529
6,43	-0,191986217719	-4,50876723432	13,0630352966
6,44	-0,226892802759	-4,4118044981	8,21489848547
6,45	-0,279252680319	-4,36332312999	3,90544354228
6,46	-0,314159265359	-4,36332312999	1,75071607068
6,47	-0,366519142919	-4,36332312999	4,8481368111
6,48	-0,401425727959	-4,31484176187	12,7936943626
6,49	-0,453785605519	-4,16939765754	25,0487068573
6,5	-0,488692190558	-3,68458397643	25,1833773243
6,51	-0,523598775598	-3,5391398721	13,7363876314
6,52	-0,558505360638	-3,49065850399	9,42693268824
6,53	-0,593411945678	-3,44217713588	13,7363876314
6,54	-0,628318530718	-3,29673303155	25,1833773243
6,55	-0,663225115758	-2,81191935044	25,1833773243
6,56	-0,680678408278	-2,6664752461	13,7363876314
6,57	-0,715584993318	-2,61799387799	9,42693268824
6,58	-0,733038285838	-2,56951250988	13,8710580984
6,59	-0,767944870878	-2,42406840555	26,1260705931
6,6	-0,785398163397	-1,93925472444	29,7621732014
6,61	-0,802851455917	-1,74532925199	25,5873887252
6,62	-0,820304748437	-1,55140377955	29,7621732014
6,63	-0,837758040957	-1,06659009844	26,1260705931
6,64	-0,837758040957	-0,921145994108	13,8710580984
6,65	-0,855211333477	-0,872664625997	9,56160315521
6,66	-0,855211333477	-0,824183257886	14,6790809003
6,67	-0,872664625997	-0,678739153553	29,8968436684
6,68	-0,872664625997	-0,145444104333	37,8424012199
6,69	-0,872664625997	0,145444104333	37,8424012199
6,7	-0,872664625997	0,678739153553	29,8968436684
6,71	-0,855211333477	0,824183257886	14,6790809003
6,72	-0,855211333477	0,872664625997	9,56160315521
6,73	-0,837758040957	0,921145994108	13,7363876314
6,74	-0,837758040957	1,06659009844	25,3180477913
6,75	-0,820304748437	1,55140377955	25,9914001262
6,76	-0,802851455917	1,69684788388	17,5071607067
6,77	-0,785398163397	1,79381062011	17,6418311737
6,78	-0,767944870878	1,93925472444	26,799422928
6,79	-0,750491578358	2,42406840555	28,9541503996
6,8	-0,715584993318	2,61799387799	21,0085928481
6,81	-0,698131700798	2,76343798232	17,9111721077
6,82	-0,663225115758	3,1028075591	5,79083007992
6,83	-0,628318530718	2,81191935044	1,6160456037
6,84	-0,610865238198	2,86040071855	21,547274716
6,85	-0,575958653158	3,34521439966	33,2636053428
6,86	-0,541052068118	3,63610260832	33,2636053428
6,87	-0,506145483078	4,12091628943	21,547274716
6,88	-0,453785605519	4,16939765754	1,48137513672
6,89	-0,418879020479	3,87850944888	4,8481368111
6,9	-0,383972435439	4,21787902565	13,1977057635
6,91	-0,331612557879	4,31484176188	8,21489848547
6,92	-0,296705972839	4,36332312999	3,90544354227
6,93	-0,244346095279	4,36332312999	1,75071607067
6,94	-0,209439510239	4,36332312999	4,71346634412
6,95	-0,157079632679	4,4118044981	11,8510010938
6,96	-0,12217304764	4,55724860243	20,3352405132
6,97	-0,0698131700798	4,99358091543	12,2550124947
6,98	-0,0174532925199	4,99358091543	-12,1203420277
6,99	0,0349065850399	4,55724860243	-19,5272177114
7	0,0698131700798	4,4118044981	-8,21489848546
7,01	0,12217304764	4,4118044981	2,6934093395
7,02	0,157079632679	4,50876723432	7,54154615059
7,03	0,209439510239	4,79965544298	-8,34956895245
7,04	0,261799387799	4,36332312999	-25,3180477913
7,05	0,296705972839	3,92699081699	-11,8510010938
7,06	0,331612557879	4,16939765754	0,269340933954
7,07	0,383972435439	4,16939765754	-5,92550054689
7,08	0,418879020479	3,87850944888	-1,07736373579
7,09	0,453785605519	4,16939765754	0,134670466972
7,1	0,506145483078	4,12091628943	-17,7765016407
7,11	0,541052068118	3,68458397643	-25,9914001261
7,12	0,575958653158	3,49065850399	-24,7793659234
7,13	0,610865238198	3,29673303155	-29,6275027345
7,14	0,645771823238	2,81191935044	-26,1260705931
7,15	0,663225115758	2,6664752461	-13,8710580984
7,16	0,698131700798	2,61799387799	-9,42693268824
7,17	0,715584993318	2,56951250988	-13,7363876314
7,18	0,750491578358	2,42406840555	-25,3180477913
7,19	0,767944870878	1,93925472444	-25,9914001262
7,2	0,785398163397	1,79381062011	-17,5071607067
7,21	0,802851455917	1,69684788388	-17,6418311737
7,22	0,820304748437	1,55140377955	-26,799422928
7,23	0,837758040957	1,06659009844	-28,9541503996
7,24	0,837758040957	0,872664625997	-21,1432633151
7,25	0,855211333477	0,727220521664	-18,8538653765
7,26	0,855211333477	0,387850944888	-10,2349554901
7,27	0,855211333477	0,630257785442	-12,6590238956
7,28	0,872664625997	0,436332312998	-38,3810830878
7,29	0,872664625997	-0,436332312998	-39,0544354227
7,3	0,855211333477	-0,630257785442	-16,295126504
7,31	0,855211333477	-0,436332312999	-17,5071607067
7,32	0,855211333477	-0,872664625997	-27,4727752629
7,33	0,837758040957	-1,308996939	-14,0057285654
7,34	0,820304748437	-1,06659009844	-8,88825082035
7,35	0,820304748437	-1,16355283466	-29,7621732015
7,36	0,802851455917	-1,74532925199	-42,690538031
7,37	0,785398163397	-2,32710566933	-28,9541503996
7,38	0,750491578358	-2,42406840555	-5,25214821202
7,39	0,733038285838	-2,13318019688	-6,59885288177
7,4	0,715584993318	-2,47254977366	-18,0458425746
7,41	0,680678408278	-2,61799387799	-21,0085928481
7,42	0,663225115758	-2,81191935044	-28,8194799326
7,43	0,628318530718	-3,29673303154	-25,9914001261
7,44	0,593411945678	-3,44217713588	-13,8710580984
7,45	0,558505360638	-3,49065850399	-9,29226222127
7,46	0,523598775598	-3,5391398721	-12,9283648296
7,47	0,488692190558	-3,68458397643	-21,412604249
7,48	0,453785605519	-4,12091628943	-16,9684788388
7,49	0,401425727959	-4,16939765754	-0,538681867906
7,5	0,366519142919	-3,87850944888	-4,71346634413
7,51	0,331612557879	-4,21787902565	-13,3323762305
7,52	0,279252680319	-4,31484176187	-9,02292128731
7,53	0,244346095279	-4,36332312999	-7,54154615059
7,54	0,191986217719	-4,4118044981	-9,02292128732
7,55	0,157079632679	-4,50876723432	-13,1977057635
7,56	0,10471975512	-4,8481368111	-3,7707730753
7,57	0,0523598775598	-4,55724860243	4,17478447622
7,58	0,0174532925199	-4,55724860243	-4,17478447622
7,59	-0,0349065850399	-4,8481368111	3,63610260832
7,6	-0,0872664625997	-4,50876723432	12,2550124947
7,61	-0,12217304764	-4,4118044981	4,57879587715
7,62	-0,174532925199	-4,4118044981	-3,50143214134
7,63	-0,209439510239	-4,50876723432	-7,67621661757
7,64	-0,261799387799	-4,79965544298	8,34956895244
7,65	-0,314159265359	-4,36332312999	25,4527182582
7,66	-0,349065850399	-3,92699081699	12,7936943626
7,67	-0,383972435439	-4,16939765754	4,3094549432
7,68	-0,436332312999	-4,12091628943	17,7765016407
7,69	-0,471238898038	-3,68458397643	21,547274716
7,7	-0,506145483078	-3,5391398721	12,9283648296
7,71	-0,541052068118	-3,49065850399	9,29226222126
7,72	-0,575958653158	-3,44217713588	13,7363876314
7,73	-0,610865238198	-3,29673303154	25,1833773243
7,74	-0,645771823238	-2,81191935044	25,1833773243
7,75	-0,663225115758	-2,6664752461	13,7363876314
7,76	-0,698131700798	-2,61799387799	9,42693268824
7,77	-0,715584993318	-2,56951250988	13,8710580984
7,78	-0,750491578358	-2,42406840555	26,1260705931
7,79	-0,767944870878	-1,93925472444	29,7621732015
7,8	-0,785398163397	-1,74532925199	25,5873887252
7,81	-0,802851455917	-1,55140377955	29,7621732014
7,82	-0,820304748437	-1,06659009844	26,1260705931
7,83	-0,820304748437	-0,921145994108	13,8710580984
7,84	-0,837758040957	-0,872664625997	9,42693268825
7,85	-0,837758040957	-0,824183257886	13,8710580984
7,86	-0,855211333477	-0,678739153553	26,1260705931
7,87	-0,855211333477	-0,193925472444	29,7621732014
7,88	-0,855211333477	0	25,7220591922
7,89	-0,855211333477	0,193925472444	30,5701960033
7,9	-0,855211333477	0,678739153553	29,7621732014
7,91	-0,837758040957	0,872664625997	21,277933782
7,92	-0,837758040957	1,01810873033	18,8538653765
7,93	-0,820304748437	1,35747830711	10,2349554901
7,94	-0,802851455917	1,11507146655	12,6590238956
7,95	-0,802851455917	1,308996939	38,2464126209
7,96	-0,785398163397	2,18166156499	38,2464126209
7,97	-0,750491578358	2,37558703744	12,6590238956
7,98	-0,733038285838	2,13318019688	10,2349554901
7,99	-0,715584993318	2,47254977366	18,8538653765
8	-0,680678408278	2,61799387799	21,1432633151
8,01	-0,663225115758	2,81191935044	28,8194799326
8,02	-0,628318530718	3,29673303155	25,8567296592
8,03	-0,593411945678	3,44217713588	12,9283648296
8,04	-0,558505360638	3,49065850399	4,84813681109
8,05	-0,523598775598	3,49065850399	1,88538653765
8,06	-0,488692190558	3,49065850399	4,84813681109
8,07	-0,453785605519	3,5391398721	12,7936943626
8,08	-0,418879020479	3,68458397643	25,0487068573
8,09	-0,383972435439	4,16939765754	25,0487068573
8,1	-0,331612557879	4,31484176188	12,7936943626
8,11	-0,296705972839	4,36332312999	4,71346634412
8,12	-0,244346095279	4,36332312999	0,942693268816
8,13	-0,209439510239	4,36332312999	0,269340933946
8,14	-0,157079632679	4,36332312999	0,808022801851
8,15	-0,12217304764	4,36332312999	3,7707730753
8,16	-0,0698131700798	4,4118044981	8,08022801849
8,17	-0,0349065850399	4,50876723432	12,2550124947
8,18	0,0174532925199	4,8481368111	4,99106928626E-012
8,19	0,0698131700798	4,50876723432	-12,2550124947
8,2	0,10471975512	4,4118044981	-8,0802280185
8,21	0,157079632679	4,36332312999	-3,90544354228
8,22	0,191986217719	4,36332312999	-1,6160456037
8,23	0,244346095279	4,36332312999	-3,90544354227
8,24	0,279252680319	4,31484176187	-8,21489848546
8,25	0,331612557879	4,21787902565	-13,1977057635
8,26	0,366519142919	3,87850944888	-4,71346634413
8,27	0,401425727959	4,16939765754	-0,538681867906
8,28	0,453785605519	4,12091628943	-17,1031493058
8,29	0,488692190558	3,68458397643	-22,2206270509
8,3	0,523598775598	3,5391398721	-16,6991379049
8,31	0,558505360638	3,44217713588	-17,3724902398
8,32	0,593411945678	3,29673303154	-25,9914001262
8,33	0,628318530718	2,81191935044	-25,3180477913
8,34	0,645771823238	2,6664752461	-13,7363876314
8,35	0,680678408278	2,61799387799	-9,42693268824
8,36	0,698131700798	2,56951250988	-13,7363876314
8,37	0,733038285838	2,42406840555	-25,3180477913
8,38	0,750491578358	1,93925472444	-25,9914001262
8,39	0,767944870878	1,79381062011	-17,5071607067
8,4	0,785398163397	1,69684788388	-17,5071607067
8,41	0,802851455917	1,55140377955	-25,9914001262
8,42	0,820304748437	1,06659009844	-25,3180477913
8,43	0,820304748437	0,921145994108	-13,7363876314
8,44	0,837758040957	0,872664625997	-9,56160315521
8,45	0,837758040957	0,824183257886	-14,6790809003
8,46	0,855211333477	0,678739153553	-29,8968436684
8,47	0,855211333477	0,145444104333	-37,8424012199
8,48	0,855211333477	-0,145444104333	-37,8424012199
8,49	0,855211333477	-0,678739153553	-29,8968436684
8,5	0,837758040957	-0,824183257886	-14,6790809003
8,51	0,837758040957	-0,872664625997	-9,56160315521
8,52	0,820304748437	-0,921145994108	-13,7363876314
8,53	0,820304748437	-1,06659009844	-25,3180477913
8,54	0,802851455917	-1,55140377955	-25,9914001262
8,55	0,785398163397	-1,69684788388	-17,5071607067
8,56	0,767944870878	-1,79381062011	-17,6418311737
8,57	0,750491578358	-1,93925472444	-26,799422928
8,58	0,733038285838	-2,42406840555	-28,9541503996
8,59	0,698131700798	-2,61799387799	-21,0085928481
8,6	0,680678408278	-2,76343798232	-17,9111721077
8,61	0,645771823238	-3,1028075591	-5,79083007992
8,62	0,610865238198	-2,81191935044	-1,6160456037
8,63	0,593411945678	-2,86040071855	-21,547274716
8,64	0,558505360638	-3,34521439966	-33,2636053428
8,65	0,523598775598	-3,63610260832	-33,2636053428
8,66	0,488692190558	-4,12091628943	-21,412604249
8,67	0,436332312999	-4,16939765754	-0,673352334871
8,68	0,401425727959	-3,87850944888	-1,0773637358
8,69	0,366519142919	-4,16939765754	-5,11747774505
8,7	0,314159265359	-4,16939765754	3,90544354227
8,71	0,279252680319	-3,87850944888	-4,57879587714
8,72	0,244346095279	-4,21787902565	-16,8338083719
8,73	0,191986217719	-4,36332312999	-16,295126504
8,74	0,157079632679	-4,50876723432	-16,02578557
8,75	0,10471975512	-4,8481368111	-0,942693268829
8,76	0,0523598775598	-4,50876723432	11,3123192259
8,77	0,0174532925199	-4,4118044981	4,3094549432
8,78	-0,0349065850399	-4,4118044981	-4,3094549432
8,79	-0,0698131700798	-4,50876723432	-11,3123192259
8,8	-0,12217304764	-4,8481368111	0,942693268829
8,81	-0,174532925199	-4,50876723432	16,02578557
8,82	-0,209439510239	-4,36332312999	16,295126504
8,83	-0,261799387799	-4,21787902565	16,9684788388
8,84	-0,296705972839	-3,87850944888	5,52148914597
8,85	-0,331612557879	-4,16939765754	0,673352334879
8,86	-0,383972435439	-4,12091628943	16,9684788388
8,87	-0,418879020479	-3,68458397643	21,277933782
8,88	-0,453785605519	-3,5391398721	11,9856715608
8,89	-0,488692190558	-3,49065850399	4,71346634411
8,9	-0,523598775598	-3,49065850399	1,88538653765
8,91	-0,558505360638	-3,49065850399	4,84813681109
8,92	-0,593411945678	-3,44217713588	12,9283648296
8,93	-0,628318530718	-3,29673303155	25,9914001262
8,94	-0,663225115758	-2,81191935044	29,7621732015
8,95	-0,680678408278	-2,61799387799	25,5873887252
8,96	-0,715584993318	-2,42406840555	29,7621732015
8,97	-0,733038285838	-1,93925472444	26,1260705931
8,98	-0,750491578358	-1,79381062011	13,8710580984
8,99	-0,767944870878	-1,74532925199	9,42693268824
9	-0,785398163397	-1,69684788388	13,8710580984
9,01	-0,802851455917	-1,55140377955	26,1260705931
9,02	-0,820304748437	-1,06659009844	29,7621732014
9,03	-0,820304748437	-0,872664625997	25,5873887252
9,04	-0,837758040957	-0,678739153553	29,7621732015
9,05	-0,837758040957	-0,193925472444	26,1260705931
9,06	-0,837758040957	-0,048481368111	13,8710580984
9,07	-0,837758040957	0	9,42693268824
9,08	-0,837758040957	0,048481368111	13,8710580984
9,09	-0,837758040957	0,193925472444	26,1260705931
9,1	-0,837758040957	0,678739153553	29,7621732015
9,11	-0,820304748437	0,872664625997	25,5873887252
9,12	-0,820304748437	1,06659009844	29,8968436684
9,13	-0,802851455917	1,55140377955	26,934093395
9,14	-0,785398163397	1,69684788388	17,6418311737
9,15	-0,767944870878	1,79381062011	17,5071607067
9,16	-0,750491578358	1,93925472444	25,9914001261
9,17	-0,733038285838	2,42406840555	25,3180477913
9,18	-0,698131700798	2,56951250988	13,7363876314
9,19	-0,680678408278	2,61799387799	9,42693268824
9,2	-0,645771823238	2,6664752461	13,7363876314
9,21	-0,628318530718	2,81191935044	25,1833773243
9,22	-0,593411945678	3,29673303154	25,1833773243
9,23	-0,558505360638	3,44217713588	13,7363876314
9,24	-0,523598775598	3,49065850399	9,29226222127
9,25	-0,488692190558	3,5391398721	12,9283648296
9,26	-0,453785605519	3,68458397643	21,412604249
9,27	-0,418879020479	4,12091628943	16,9684788388
9,28	-0,366519142919	4,16939765754	0,538681867906
9,29	-0,331612557879	3,87850944888	4,71346634413
9,3	-0,296705972839	4,21787902565	13,1977057635
9,31	-0,244346095279	4,31484176187	8,21489848546
9,32	-0,209439510239	4,36332312999	3,90544354227
9,33	-0,157079632679	4,36332312999	1,6160456037
9,34	-0,12217304764	4,36332312999	3,90544354228
9,35	-0,0698131700798	4,4118044981	8,08022801849
9,36	-0,0349065850399	4,50876723432	12,2550124947
9,37	0,0174532925199	4,8481368111	4,99106928626E-012
9,38	0,0698131700798	4,50876723432	-12,3896829617
9,39	0,10471975512	4,4118044981	-8,88825082034
9,4	0,157079632679	4,36332312999	-7,5415461506
9,41	0,191986217719	4,31484176187	-9,02292128732
9,42	0,244346095279	4,21787902565	-13,3323762305
9,43	0,279252680319	3,87850944888	-4,71346634412
9,44	0,314159265359	4,16939765754	-0,538681867904
9,45	0,366519142919	4,12091628943	-16,9684788388
9,46	0,401425727959	3,68458397643	-21,277933782
9,47	0,436332312999	3,5391398721	-11,9856715608
9,48	0,471238898038	3,49065850399	-4,71346634411
9,49	0,506145483078	3,49065850399	-1,88538653765
9,5	0,541052068118	3,49065850399	-4,84813681109
9,51	0,575958653158	3,44217713588	-12,9283648296
9,52	0,610865238198	3,29673303155	-25,8567296592
9,53	0,645771823238	2,81191935044	-28,8194799326
9,54	0,663225115758	2,61799387799	-21,1432633151
9,55	0,698131700798	2,47254977366	-18,8538653765
9,56	0,715584993318	2,13318019688	-10,2349554901
9,57	0,733038285838	2,37558703744	-12,6590238956
9,58	0,767944870878	2,18166156499	-38,2464126209
9,59	0,785398163397	1,308996939	-38,2464126209
9,6	0,785398163397	1,11507146655	-12,6590238956
9,61	0,802851455917	1,35747830711	-10,2349554901
9,62	0,820304748437	1,01810873033	-18,8538653765
9,63	0,820304748437	0,872664625997	-21,1432633151
9,64	0,837758040957	0,678739153553	-28,9541503996
9,65	0,837758040957	0,193925472444	-26,799422928
9,66	0,837758040957	0,0484813681109	-17,6418311737
9,67	0,837758040957	-0,0484813681109	-17,6418311737
9,68	0,837758040957	-0,193925472444	-26,934093395
9,69	0,837758040957	-0,678739153553	-29,8968436684
9,7	0,820304748437	-0,872664625997	-25,5873887252
9,71	0,820304748437	-1,06659009844	-29,7621732015
9,72	0,802851455917	-1,55140377955	-25,9914001262
9,73	0,785398163397	-1,69684788388	-13,0630352966
9,74	0,767944870878	-1,74532925199	-5,65615961295
9,75	0,750491578358	-1,74532925199	-5,65615961294
9,76	0,733038285838	-1,79381062011	-13,0630352966
9,77	0,715584993318	-1,93925472444	-25,9914001262
9,78	0,698131700798	-2,42406840555	-29,7621732015
9,79	0,663225115758	-2,61799387799	-25,5873887252
9,8	0,645771823238	-2,81191935044	-29,7621732015
9,81	0,610865238198	-3,29673303155	-25,9914001262
9,82	0,575958653158	-3,44217713588	-13,0630352966
9,83	0,541052068118	-3,49065850399	-5,65615961294
9,84	0,506145483078	-3,49065850399	-5,52148914597
9,85	0,471238898038	-3,5391398721	-12,1203420277
9,86	0,436332312999	-3,68458397643	-21,277933782
9,87	0,401425727959	-4,12091628943	-16,9684788388
9,88	0,349065850399	-4,16939765754	-0,538681867906
9,89	0,314159265359	-3,87850944888	-4,71346634413
9,9	0,279252680319	-4,21787902565	-13,1977057635
9,91	0,226892802759	-4,31484176187	-8,21489848546
9,92	0,191986217719	-4,36332312999	-3,90544354227
9,93	0,13962634016	-4,36332312999	-1,6160456037
9,94	0,10471975512	-4,36332312999	-3,90544354228
9,95	0,0523598775598	-4,4118044981	-8,08022801849
9,96	0,0174532925199	-4,50876723432	-12,2550124947
9,97	-0,0349065850399	-4,8481368111	-4,99106928626E-012
9,98	-0,0872664625997	-4,50876723432	12,3896829617
9,99	-0,12217304764	-4,4118044981	8,88825082034
10	-0,174532925199	-4,36332312999	7,5415461506
10,01	-0,209439510239	-4,31484176187	9,02292128732
10,02	-0,261799387799	-4,21787902565	13,3323762305
10,03	-0,296705972839	-3,87850944888	4,71346634412
10,04	-0,331612557879	-4,16939765754	0,538681867904
10,05	-0,383972435439	-4,12091628943	16,9684788388
10,06	-0,418879020479	-3,68458397643	21,277933782
10,07	-0,453785605519	-3,5391398721	12,1203420277
10,08	-0,488692190558	-3,49065850399	5,52148914596
10,09	-0,523598775598	-3,49065850399	5,65615961295
10,1	-0,558505360638	-3,44217713588	13,0630352966
10,11	-0,593411945678	-3,29673303154	25,8567296592
10,12	-0,628318530718	-2,81191935044	28,8194799326
10,13	-0,645771823238	-2,61799387799	21,0085928481
10,14	-0,680678408278	-2,47254977366	18,0458425746
10,15	-0,698131700798	-2,13318019688	6,59885288177
10,16	-0,715584993318	-2,42406840555	5,25214821202
10,17	-0,750491578358	-2,32710566933	28,9541503996
10,18	-0,767944870878	-1,74532925199	42,690538031
10,19	-0,785398163397	-1,16355283466	29,8968436684
10,2	-0,785398163397	-1,06659009844	9,6962736222
10,21	-0,802851455917	-1,308996939	17,6418311737
10,22	-0,820304748437	-0,824183257886	34,7449804795
10,23	-0,820304748437	-0,290888208666	25,9914001262
10,24	-0,820304748437	-0,193925472444	8,21489848547
10,25	-0,820304748437	-0,436332312999	14,5444104333
10,26	-0,837758040957	0	30,3008550694
10,27	-0,820304748437	0,48481368111	21,1432633151
10,28	-0,820304748437	0,339369576777	17,5071607067
10,29	-0,820304748437	0,727220521664	22,4899679848
10,3	-0,802851455917	0,872664625997	21,9512861169
10,31	-0,802851455917	1,06659009844	28,9541503996
10,32	-0,785398163397	1,55140377955	25,9914001262
10,33	-0,767944870878	1,69684788388	13,8710580984
10,34	-0,750491578358	1,74532925199	9,42693268824
10,35	-0,733038285838	1,79381062011	13,8710580984
10,36	-0,715584993318	1,93925472444	26,1260705931
10,37	-0,698131700798	2,42406840555	29,7621732014
10,38	-0,663225115758	2,61799387799	25,5873887252
10,39	-0,645771823238	2,81191935044	29,7621732014
10,4	-0,610865238198	3,29673303154	25,9914001262
10,41	-0,575958653158	3,44217713588	12,9283648296
10,42	-0,541052068118	3,49065850399	4,71346634412
10,43	-0,506145483078	3,49065850399	1,0773637358
10,44	-0,471238898038	3,49065850399	1,0773637358
10,45	-0,436332312999	3,49065850399	4,71346634412
10,46	-0,401425727959	3,5391398721	12,7936943626
10,47	-0,366519142919	3,68458397643	25,0487068573
10,48	-0,331612557879	4,16939765754	25,0487068573
10,49	-0,279252680319	4,31484176188	12,7936943626
10,5	-0,244346095279	4,36332312999	4,71346634412
10,51	-0,191986217719	4,36332312999	0,942693268816
10,52	-0,157079632679	4,36332312999	0,13467046697
10,53	-0,10471975512	4,36332312999	-1,47042871706E-012
10,54	-0,0698131700798	4,36332312999	1,47042871706E-012
10,55	-0,0174532925199	4,36332312999	4,74188589629E-012
10,56	0,0174532925199	4,36332312999	8,25512497866E-012
10,57	0,0698131700798	4,36332312999	-0,13467046697
10,58	0,10471975512	4,36332312999	-0,808022801854
10,59	0,157079632679	4,36332312999	-3,7707730753
10,6	0,191986217719	4,31484176187	-8,21489848547
10,61	0,244346095279	4,21787902565	-13,1977057635
10,62	0,279252680319	3,87850944888	-4,71346634412
10,63	0,314159265359	4,16939765754	-0,538681867904
10,64	0,366519142919	4,12091628943	-16,9684788388
10,65	0,401425727959	3,68458397643	-21,277933782
10,66	0,436332312999	3,5391398721	-11,9856715608
10,67	0,471238898038	3,49065850399	-4,71346634411
10,68	0,506145483078	3,49065850399	-1,88538653765
10,69	0,541052068118	3,49065850399	-4,84813681109
10,7	0,575958653158	3,44217713588	-12,9283648296
10,71	0,610865238198	3,29673303155	-25,9914001262
10,72	0,645771823238	2,81191935044	-29,7621732015
10,73	0,663225115758	2,61799387799	-25,5873887252
10,74	0,698131700798	2,42406840555	-29,7621732015
10,75	0,715584993318	1,93925472444	-26,1260705931
10,76	0,733038285838	1,79381062011	-13,8710580984
10,77	0,750491578358	1,74532925199	-9,42693268824
10,78	0,767944870878	1,69684788388	-13,8710580984
10,79	0,785398163397	1,55140377955	-26,1260705931
10,8	0,802851455917	1,06659009844	-29,7621732014
10,81	0,802851455917	0,872664625997	-25,5873887252
10,82	0,820304748437	0,678739153553	-29,7621732015
10,83	0,820304748437	0,193925472444	-25,9914001262
10,84	0,820304748437	0,048481368111	-13,0630352966
10,85	0,820304748437	0	-5,79083007992
10,86	0,820304748437	0	-6,4641824148
10,87	0,820304748437	-0,048481368111	-16,6991379049
10,88	0,820304748437	-0,242406840555	-33,2636053428
10,89	0,820304748437	-0,824183257886	-38,3810830878
10,9	0,802851455917	-1,308996939	-18,4498539756
10,91	0,785398163397	-1,06659009844	-9,83094408916
10,92	0,785398163397	-1,16355283466	-29,8968436684
10,93	0,767944870878	-1,74532925199	-42,690538031
10,94	0,750491578358	-2,32710566933	-28,9541503996
10,95	0,715584993318	-2,42406840555	-5,25214821203
10,96	0,698131700798	-2,13318019688	-6,59885288177
10,97	0,680678408278	-2,47254977366	-18,0458425746
10,98	0,645771823238	-2,61799387799	-21,0085928481
10,99	0,628318530718	-2,81191935044	-28,8194799326
11	0,593411945678	-3,29673303154	-25,8567296592
11,01	0,558505360638	-3,44217713588	-12,9283648296
11,02	0,523598775598	-3,49065850399	-4,84813681109
11,03	0,488692190558	-3,49065850399	-1,88538653765
11,04	0,453785605519	-3,49065850399	-4,71346634412
11,05	0,418879020479	-3,5391398721	-11,9856715608
11,06	0,383972435439	-3,68458397643	-21,277933782
11,07	0,349065850399	-4,12091628943	-16,9684788388
11,08	0,296705972839	-4,16939765754	-0,538681867906
11,09	0,261799387799	-3,87850944888	-4,71346634413
11,1	0,226892802759	-4,21787902565	-13,1977057635
11,11	0,174532925199	-4,31484176187	-8,21489848546
11,12	0,13962634016	-4,36332312999	-3,77077307529
11,13	0,0872664625997	-4,36332312999	-0,808022801848
11,14	0,0523598775598	-4,36332312999	-0,134670466976
11,15	0	-4,36332312999	-4,74188589629E-012
11,16	-0,0349065850399	-4,36332312999	-8,25512497866E-012
11,17	-0,0872664625997	-4,36332312999	-4,98366779943E-012
11,18	-0,12217304764	-4,36332312999	4,92939022934E-012
11,19	-0,174532925199	-4,36332312999	0,134670466983
11,2	-0,209439510239	-4,36332312999	0,942693268827
11,21	-0,261799387799	-4,36332312999	4,71346634412
11,22	-0,296705972839	-4,31484176187	12,7936943626
11,23	-0,349065850399	-4,16939765754	25,0487068573
11,24	-0,383972435439	-3,68458397643	25,0487068573
11,25	-0,418879020479	-3,5391398721	12,9283648296
11,26	-0,453785605519	-3,49065850399	5,65615961294
11,27	-0,488692190558	-3,49065850399	5,65615961294
11,28	-0,523598775598	-3,44217713588	12,9283648296
11,29	-0,558505360638	-3,29673303154	25,0487068573
11,3	-0,593411945678	-2,81191935044	25,1833773243
11,31	-0,610865238198	-2,6664752461	13,7363876314
11,32	-0,645771823238	-2,61799387799	9,42693268824
11,33	-0,663225115758	-2,56951250988	13,7363876314
11,34	-0,698131700798	-2,42406840555	25,1833773243
11,35	-0,715584993318	-1,93925472444	25,1833773243
11,36	-0,733038285838	-1,79381062011	13,8710580984
11,37	-0,750491578358	-1,74532925199	10,2349554901
11,38	-0,767944870878	-1,69684788388	17,5071607067
11,39	-0,785398163397	-1,50292241144	33,3982758098
11,4	-0,802851455917	-0,921145994108	38,2464126209
11,41	-0,802851455917	-0,436332312999	17,5071607067
11,42	-0,802851455917	-0,678739153553	5,38681867899
11,43	-0,820304748437	-0,630257785442	18,8538653765
11,44	-0,820304748437	-0,193925472444	26,1260705931
11,45	-0,820304748437	0	24,9140363904
11,46	-0,820304748437	0,193925472444	30,5701960033
11,47	-0,820304748437	0,678739153553	30,7048664703
11,48	-0,802851455917	0,872664625997	25,7220591922
11,49	-0,802851455917	1,06659009844	29,7621732014
11,5	-0,785398163397	1,55140377955	25,9914001262
11,51	-0,767944870878	1,69684788388	13,0630352966
11,52	-0,750491578358	1,74532925199	5,65615961294
11,53	-0,733038285838	1,74532925199	5,65615961295
11,54	-0,715584993318	1,79381062011	13,0630352966
11,55	-0,698131700798	1,93925472444	25,9914001261
11,56	-0,680678408278	2,42406840555	29,6275027345
11,57	-0,645771823238	2,61799387799	24,7793659234
11,58	-0,628318530718	2,81191935044	26,1260705931
11,59	-0,593411945678	3,24825166343	18,7191949095
11,6	-0,558505360638	3,29673303154	4,44412541017
11,61	-0,523598775598	3,05432619099	12,7936943626
11,62	-0,506145483078	3,49065850399	25,5873887252
11,63	-0,453785605519	3,92699081699	9,15759175429
11,64	-0,418879020479	3,63610260832	-3,90544354227
11,65	-0,383972435439	3,58762124021	4,71346634412
11,66	-0,349065850399	3,68458397643	17,6418311737
11,67	-0,314159265359	4,12091628943	16,160456037
11,68	-0,261799387799	4,16939765754	0,404011400928
11,69	-0,226892802759	3,87850944888	4,71346634412
11,7	-0,191986217719	4,21787902565	13,1977057635
11,71	-0,13962634016	4,31484176187	8,21489848546
11,72	-0,10471975512	4,36332312999	3,77077307529
11,73	-0,0523598775598	4,36332312999	0,808022801848
11,74	-0,0174532925199	4,36332312999	0,134670466976
11,75	0,0349065850399	4,36332312999	4,74188589629E-012
11,76	0,0698131700798	4,36332312999	8,25512497866E-012
11,77	0,12217304764	4,36332312999	-0,13467046697
11,78	0,157079632679	4,36332312999	-0,942693268829
11,79	0,209439510239	4,36332312999	-4,57879587715
11,8	0,244346095279	4,31484176187	-11,8510010938
11,81	0,296705972839	4,16939765754	-20,4699109802
11,82	0,331612557879	3,73306534454	-13,3323762305
11,83	0,366519142919	3,73306534454	6,59885288177
11,84	0,401425727959	4,12091628943	2,96275027344
11,85	0,453785605519	4,07243492132	-25,0487068573
11,86	0,488692190558	3,49065850399	-40,9398219604
11,87	0,523598775598	2,90888208666	-25,1833773243
11,88	0,541052068118	2,86040071855	2,1547274716
11,89	0,575958653158	3,24825166343	2,82807980647
11,9	0,610865238198	3,19977029532	-21,547274716
11,91	0,645771823238	2,6664752461	-33,6676167437
11,92	0,663225115758	2,18166156499	-16,5644674379
11,93	0,680678408278	2,42406840555	-5,25214821202
11,94	0,715584993318	2,37558703744	-18,8538653765
11,95	0,733038285838	1,93925472444	-26,1260705931
11,96	0,750491578358	1,74532925199	-24,7793659234
11,97	0,767944870878	1,55140377955	-29,6275027345
11,98	0,785398163397	1,06659009844	-26,1260705931
11,99	0,785398163397	0,921145994108	-13,8710580984
12	0,802851455917	0,872664625997	-9,42693268824
12,01	0,802851455917	0,824183257886	-13,8710580984
12,02	0,820304748437	0,678739153553	-26,1260705931
12,03	0,820304748437	0,193925472444	-29,7621732015
12,04	0,820304748437	0	-25,7220591922
12,05	0,820304748437	-0,193925472444	-30,5701960033
12,06	0,820304748437	-0,678739153553	-29,7621732015
12,07	0,802851455917	-0,872664625997	-21,1432633151
12,08	0,802851455917	-1,01810873033	-18,0458425746
12,09	0,785398163397	-1,35747830711	-6,59885288176
12,1	0,767944870878	-1,06659009844	-5,25214821202
12,11	0,767944870878	-1,16355283466	-28,9541503996
12,12	0,750491578358	-1,74532925199	-42,5558675641
12,13	0,733038285838	-2,32710566933	-28,9541503996
12,14	0,698131700798	-2,42406840555	-5,25214821202
12,15	0,680678408278	-2,13318019688	-6,59885288177
12,16	0,663225115758	-2,47254977366	-18,0458425746
12,17	0,628318530718	-2,61799387799	-21,0085928481
12,18	0,610865238198	-2,81191935044	-28,8194799326
12,19	0,575958653158	-3,29673303154	-25,8567296592
12,2	0,541052068118	-3,44217713588	-12,9283648296
12,21	0,506145483078	-3,49065850399	-4,8481368111
12,22	0,471238898038	-3,49065850399	-1,88538653764
12,23	0,436332312999	-3,49065850399	-4,71346634412
12,24	0,401425727959	-3,5391398721	-11,9856715608
12,25	0,366519142919	-3,68458397643	-21,277933782
12,26	0,331612557879	-4,12091628943	-16,9684788388
12,27	0,279252680319	-4,16939765754	-0,538681867893
12,28	0,244346095279	-3,87850944888	-4,71346634412
12,29	0,209439510239	-4,21787902565	-13,1977057635
12,3	0,157079632679	-4,31484176188	-8,21489848547
12,31	0,12217304764	-4,36332312999	-3,77077307529
12,32	0,0698131700798	-4,36332312999	-0,808022801841
12,33	0,0349065850399	-4,36332312999	-0,13467046697
12,34	-0,0174532925199	-4,36332312999	0,134670466976
12,35	-0,0523598775598	-4,36332312999	0,808022801848
12,36	-0,10471975512	-4,36332312999	3,77077307529
12,37	-0,13962634016	-4,31484176187	8,21489848546
12,38	-0,191986217719	-4,21787902565	13,1977057635
12,39	-0,226892802759	-3,87850944888	4,71346634412
12,4	-0,261799387799	-4,16939765754	0,404011400928
12,41	-0,314159265359	-4,12091628943	16,160456037
12,42	-0,349065850399	-3,68458397643	17,6418311737
12,43	-0,383972435439	-3,58762124021	4,71346634412
12,44	-0,418879020479	-3,63610260832	-3,90544354227
12,45	-0,453785605519	-3,92699081699	9,15759175429
12,46	-0,506145483078	-3,49065850399	25,7220591922
12,47	-0,523598775598	-3,05432619099	13,6017171645
12,48	-0,558505360638	-3,29673303154	8,08022801849
12,49	-0,593411945678	-3,19977029532	25,9914001261
12,5	-0,628318530718	-2,6664752461	34,6103100125
12,51	-0,645771823238	-2,18166156499	16,6991379049
12,52	-0,663225115758	-2,42406840555	5,11747774504
12,53	-0,698131700798	-2,37558703744	18,0458425746
12,54	-0,715584993318	-1,93925472444	22,3552975178
12,55	-0,733038285838	-1,79381062011	16,6991379049
12,56	-0,750491578358	-1,69684788388	17,5071607067
12,57	-0,767944870878	-1,55140377955	26,934093395
12,58	-0,785398163397	-1,06659009844	29,8968436684
12,59	-0,785398163397	-0,872664625997	25,5873887252
12,6	-0,802851455917	-0,678739153553	29,7621732014
12,61	-0,802851455917	-0,193925472444	26,1260705931
12,62	-0,802851455917	-0,0484813681109	13,8710580984
12,63	-0,802851455917	0	9,42693268824
12,64	-0,802851455917	0,0484813681109	13,8710580984
12,65	-0,802851455917	0,193925472444	26,1260705931
12,66	-0,802851455917	0,678739153553	29,7621732014
12,67	-0,785398163397	0,872664625997	25,5873887252
12,68	-0,785398163397	1,06659009844	29,7621732015
12,69	-0,767944870878	1,55140377955	25,9914001262
12,7	-0,750491578358	1,69684788388	13,0630352966
12,71	-0,733038285838	1,74532925199	5,65615961295
12,72	-0,715584993318	1,74532925199	5,65615961294
12,73	-0,698131700798	1,79381062011	13,0630352966
12,74	-0,680678408278	1,93925472444	25,9914001262
12,75	-0,663225115758	2,42406840555	29,7621732015
12,76	-0,628318530718	2,61799387799	25,5873887252
12,77	-0,610865238198	2,81191935044	29,7621732015
12,78	-0,575958653158	3,29673303155	25,9914001262
12,79	-0,541052068118	3,44217713588	12,9283648296
12,8	-0,506145483078	3,49065850399	4,71346634412
12,81	-0,471238898038	3,49065850399	1,0773637358
12,82	-0,436332312999	3,49065850399	1,0773637358
12,83	-0,401425727959	3,49065850399	4,71346634412
12,84	-0,366519142919	3,5391398721	12,7936943626
12,85	-0,331612557879	3,68458397643	25,0487068573
12,86	-0,296705972839	4,16939765754	25,0487068573
12,87	-0,244346095279	4,31484176187	12,7936943626
12,88	-0,209439510239	4,36332312999	4,71346634412
12,89	-0,157079632679	4,36332312999	0,808022801851
12,9	-0,12217304764	4,36332312999	-0,67335233487
12,91	-0,0698131700798	4,36332312999	-3,7707730753
12,92	-0,0349065850399	4,31484176187	-8,0802280185
12,93	0,0174532925199	4,21787902565	-12,2550124947
12,94	0,0523598775598	3,87850944888	-0,134670466976
12,95	0,0872664625997	4,21787902565	11,4469896929
12,96	0,13962634016	4,31484176187	4,3094549432
12,97	0,174532925199	4,31484176187	-4,44412541016
12,98	0,226892802759	4,21787902565	-12,3896829617
12,99	0,261799387799	3,87850944888	-4,57879587715
13	0,296705972839	4,16939765754	-0,538681867906
13,01	0,349065850399	4,12091628943	-16,9684788388
13,02	0,383972435439	3,68458397643	-21,412604249
13,03	0,418879020479	3,5391398721	-12,9283648296
13,04	0,453785605519	3,49065850399	-9,15759175429
13,05	0,488692190558	3,44217713588	-12,9283648296
13,06	0,523598775598	3,29673303154	-21,547274716
13,07	0,558505360638	2,86040071855	-17,7765016407
13,08	0,575958653158	2,81191935044	-4,3094549432
13,09	0,610865238198	3,05432619099	-12,9283648296
13,1	0,645771823238	2,61799387799	-26,3954115271
13,11	0,663225115758	2,18166156499	-13,0630352966
13,12	0,680678408278	2,42406840555	-5,25214821202
13,13	0,715584993318	2,37558703744	-22,4899679848
13,14	0,733038285838	1,89077335633	-34,2062986116
13,15	0,750491578358	1,59988514766	-37,0343784181
13,16	0,767944870878	1,06659009844	-29,7621732015
13,17	0,767944870878	0,921145994108	-14,6790809003
13,18	0,785398163397	0,872664625997	-9,56160315521
13,19	0,785398163397	0,824183257886	-13,7363876314
13,2	0,802851455917	0,678739153553	-25,3180477913
13,21	0,802851455917	0,193925472444	-25,9914001262
13,22	0,802851455917	0,048481368111	-17,5071607067
13,23	0,802851455917	-0,048481368111	-17,5071607067
13,24	0,802851455917	-0,193925472444	-25,9914001262
13,25	0,802851455917	-0,678739153553	-25,3180477913
13,26	0,785398163397	-0,824183257886	-13,7363876314
13,27	0,785398163397	-0,872664625997	-9,56160315521
13,28	0,767944870878	-0,921145994108	-14,6790809003
13,29	0,767944870878	-1,06659009844	-29,7621732015
13,3	0,750491578358	-1,59988514766	-37,0343784181
13,31	0,733038285838	-1,89077335633	-34,2062986116
13,32	0,715584993318	-2,37558703744	-22,4899679848
13,33	0,680678408278	-2,42406840555	-5,25214821202
13,34	0,663225115758	-2,18166156499	-13,0630352966
13,35	0,645771823238	-2,61799387799	-26,3954115271
13,36	0,610865238198	-3,05432619099	-12,9283648296
13,37	0,575958653158	-2,81191935044	-4,3094549432
13,38	0,558505360638	-2,86040071855	-17,7765016407
13,39	0,523598775598	-3,29673303154	-21,547274716
13,4	0,488692190558	-3,44217713588	-12,9283648296
13,41	0,453785605519	-3,49065850399	-9,15759175429
13,42	0,418879020479	-3,5391398721	-12,9283648296
13,43	0,383972435439	-3,68458397643	-21,412604249
13,44	0,349065850399	-4,12091628943	-16,9684788388
13,45	0,296705972839	-4,16939765754	-0,538681867906
13,46	0,261799387799	-3,87850944888	-4,57879587715
13,47	0,226892802759	-4,21787902565	-12,3896829617
13,48	0,174532925199	-4,31484176187	-4,44412541016
13,49	0,13962634016	-4,31484176187	4,3094549432
13,5	0,0872664625997	-4,21787902565	11,4469896929
13,51	0,0523598775598	-3,87850944888	-0,134670466976
13,52	0,0174532925199	-4,21787902565	-12,2550124947
13,53	-0,0349065850399	-4,31484176187	-7,94555755152
13,54	-0,0698131700798	-4,36332312999	-2,96275027345
13,55	-0,12217304764	-4,36332312999	2,96275027345
13,56	-0,157079632679	-4,31484176187	8,08022801849
13,57	-0,209439510239	-4,21787902565	13,1977057635
13,58	-0,244346095279	-3,87850944888	4,71346634412
13,59	-0,279252680319	-4,16939765754	0,538681867903
13,6	-0,331612557879	-4,12091628943	16,9684788388
13,61	-0,366519142919	-3,68458397643	21,277933782
13,62	-0,401425727959	-3,5391398721	12,1203420277
13,63	-0,436332312999	-3,49065850399	5,52148914597
13,64	-0,471238898038	-3,49065850399	5,65615961295
13,65	-0,506145483078	-3,44217713588	12,9283648296
13,66	-0,541052068118	-3,29673303154	25,0487068573
13,67	-0,575958653158	-2,81191935044	25,1833773243
13,68	-0,593411945678	-2,6664752461	13,7363876314
13,69	-0,628318530718	-2,61799387799	9,42693268824
13,7	-0,645771823238	-2,56951250988	13,7363876314
13,71	-0,680678408278	-2,42406840555	25,3180477913
13,72	-0,698131700798	-1,93925472444	25,9914001261
13,73	-0,715584993318	-1,79381062011	17,5071607067
13,74	-0,733038285838	-1,69684788388	17,6418311737
13,75	-0,750491578358	-1,55140377955	26,799422928
13,76	-0,767944870878	-1,06659009844	28,9541503996
13,77	-0,767944870878	-0,872664625997	21,0085928481
13,78	-0,785398163397	-0,727220521664	18,0458425746
13,79	-0,785398163397	-0,387850944888	6,59885288178
13,8	-0,785398163397	-0,678739153553	5,386818679
13,81	-0,802851455917	-0,581776417331	29,7621732014
13,82	-0,802851455917	0	46,3266406393
13,83	-0,802851455917	0,630257785442	37,1690488851
13,84	-0,785398163397	0,824183257886	18,3151835086
13,85	-0,785398163397	0,872664625997	10,3696259571
13,86	-0,767944870878	0,921145994108	13,8710580984
13,87	-0,767944870878	1,06659009844	25,1833773243
13,88	-0,750491578358	1,55140377955	25,1833773243
13,89	-0,733038285838	1,69684788388	13,7363876314
13,9	-0,715584993318	1,74532925199	9,42693268824
13,91	-0,698131700798	1,79381062011	13,7363876314
13,92	-0,680678408278	1,93925472444	25,1833773243
13,93	-0,663225115758	2,42406840555	25,1833773243
13,94	-0,628318530718	2,56951250988	13,7363876314
13,95	-0,610865238198	2,61799387799	9,42693268824
13,96	-0,575958653158	2,6664752461	13,7363876314
13,97	-0,558505360638	2,81191935044	25,1833773243
13,98	-0,523598775598	3,29673303155	25,1833773243
13,99	-0,488692190558	3,44217713588	13,7363876314
14	-0,453785605519	3,49065850399	9,29226222126
14,01	-0,418879020479	3,5391398721	12,9283648296
14,02	-0,383972435439	3,68458397643	21,412604249
14,03	-0,349065850399	4,12091628943	16,8338083719
14,04	-0,296705972839	4,16939765754	-0,269340933956
14,05	-0,261799387799	3,87850944888	0,942693268824
14,06	-0,226892802759	4,16939765754	5,11747774505
14,07	-0,174532925199	4,16939765754	-4,04011400924
14,08	-0,13962634016	3,87850944888	3,77077307529
14,09	-0,10471975512	4,21787902565	13,0630352966
14,1	-0,0523598775598	4,31484176187	8,21489848546
14,11	-0,0174532925199	4,36332312999	3,7707730753
14,12	0,0349065850399	4,36332312999	0,673352334879
14,13	0,0698131700798	4,36332312999	-0,808022801841
14,14	0,12217304764	4,36332312999	-4,57879587714
14,15	0,157079632679	4,31484176188	-11,8510010938
14,16	0,209439510239	4,16939765754	-20,4699109802
14,17	0,244346095279	3,73306534454	-13,1977057635
14,18	0,279252680319	3,73306534454	7,5415461506
14,19	0,314159265359	4,12091628943	7,54154615059
14,2	0,366519142919	4,12091628943	-13,3323762305
14,21	0,401425727959	3,68458397643	-21,412604249
14,22	0,436332312999	3,5391398721	-16,4297969709
14,23	0,471238898038	3,44217713588	-16,5644674379
14,24	0,506145483078	3,29673303155	-22,3552975178
14,25	0,541052068118	2,86040071855	-17,9111721077
14,26	0,558505360638	2,81191935044	-4,3094549432
14,27	0,593411945678	3,05432619099	-12,9283648296
14,28	0,628318530718	2,61799387799	-26,3954115271
14,29	0,645771823238	2,18166156499	-13,0630352966
14,3	0,663225115758	2,42406840555	-5,25214821202
14,31	0,698131700798	2,37558703744	-22,3552975178
14,32	0,715584993318	1,89077335633	-33,3982758098
14,33	0,733038285838	1,59988514766	-33,3982758098
14,34	0,750491578358	1,11507146655	-22,4899679848
14,35	0,750491578358	1,06659009844	-6,06017101387
14,36	0,767944870878	1,308996939	-16,8338083719
14,37	0,785398163397	0,824183257886	-34,6103100125
14,38	0,785398163397	0,290888208666	-25,9914001261
14,39	0,785398163397	0,193925472444	-8,08022801849
14,4	0,785398163397	0,436332312999	-13,7363876314
14,41	0,802851455917	0	-26,664752461
14,42	0,785398163397	-0,436332312999	-13,8710580984
14,43	0,785398163397	-0,193925472444	-8,88825082034
14,44	0,785398163397	-0,290888208666	-29,6275027345
14,45	0,785398163397	-0,872664625997	-42,0171856962
14,46	0,767944870878	-1,45444104333	-26,1260705931
14,47	0,750491578358	-1,50292241144	-1,6160456037
14,48	0,733038285838	-1,16355283466	-5,38681867899
14,49	0,733038285838	-1,308996939	-34,6103100125
14,5	0,715584993318	-2,18166156499	-37,438389819
14,51	0,680678408278	-2,37558703744	-12,5243534287
14,52	0,663225115758	-2,13318019688	-10,2349554901
14,53	0,645771823238	-2,47254977366	-18,8538653765
14,54	0,610865238198	-2,61799387799	-21,1432633151
14,55	0,593411945678	-2,81191935044	-28,8194799326
14,56	0,558505360638	-3,29673303155	-25,8567296592
14,57	0,523598775598	-3,44217713588	-12,9283648296
14,58	0,488692190558	-3,49065850399	-4,71346634412
14,59	0,453785605519	-3,49065850399	-0,942693268824
14,6	0,418879020479	-3,49065850399	-0,269340933945
14,61	0,383972435439	-3,49065850399	-0,94269326882
14,62	0,349065850399	-3,49065850399	-4,71346634412
14,63	0,314159265359	-3,5391398721	-12,7936943626
14,64	0,279252680319	-3,68458397643	-24,9140363904
14,65	0,244346095279	-4,16939765754	-24,2406840555
14,66	0,191986217719	-4,31484176187	-9,02292128732
14,67	0,157079632679	-4,31484176187	3,36676167437
14,68	0,10471975512	-4,21787902565	11,3123192259
14,69	0,0698131700798	-3,87850944888	-0,13467046697
14,7	0,0349065850399	-4,21787902565	-12,2550124947
14,71	-0,0174532925199	-4,31484176187	-7,94555755151
14,72	-0,0523598775598	-4,36332312999	-2,96275027345
14,73	-0,10471975512	-4,36332312999	2,96275027344
14,74	-0,13962634016	-4,31484176187	8,08022801849
14,75	-0,191986217719	-4,21787902565	13,1977057635
14,76	-0,226892802759	-3,87850944888	4,71346634412
14,77	-0,261799387799	-4,16939765754	0,538681867903
14,78	-0,314159265359	-4,12091628943	16,9684788388
14,79	-0,349065850399	-3,68458397643	21,277933782
14,8	-0,383972435439	-3,5391398721	12,1203420277
14,81	-0,418879020479	-3,49065850399	5,52148914597
14,82	-0,453785605519	-3,49065850399	5,65615961294
14,83	-0,488692190558	-3,44217713588	12,9283648296
14,84	-0,523598775598	-3,29673303155	25,0487068573
14,85	-0,558505360638	-2,81191935044	25,1833773243
14,86	-0,575958653158	-2,6664752461	13,7363876314
14,87	-0,610865238198	-2,61799387799	9,42693268824
14,88	-0,628318530718	-2,56951250988	13,7363876314
14,89	-0,663225115758	-2,42406840555	25,3180477913
14,9	-0,680678408278	-1,93925472444	25,9914001262
14,91	-0,698131700798	-1,79381062011	17,5071607067
14,92	-0,715584993318	-1,69684788388	17,5071607067
14,93	-0,733038285838	-1,55140377955	25,9914001262
14,94	-0,750491578358	-1,06659009844	25,3180477913
14,95	-0,750491578358	-0,921145994108	13,7363876314
14,96	-0,767944870878	-0,872664625997	9,42693268824
14,97	-0,767944870878	-0,824183257886	13,8710580984
14,98	-0,785398163397	-0,678739153553	26,1260705931
14,99	-0,785398163397	-0,193925472444	29,6275027345
15	-0,785398163397	0	24,7793659234
15,01	-0,785398163397	0,193925472444	26,1260705931
15,02	-0,785398163397	0,630257785442	18,8538653765
15,03	-0,767944870878	0,678739153553	5,38681867899
15,04	-0,767944870878	0,436332312999	17,5071607067
15,05	-0,767944870878	0,921145994108	38,2464126209
15,06	-0,750491578358	1,50292241144	33,3982758098
15,07	-0,733038285838	1,69684788388	17,5071607067
15,08	-0,715584993318	1,74532925199	10,2349554901
15,09	-0,698131700798	1,79381062011	13,8710580984
15,1	-0,680678408278	1,93925472444	25,1833773243
15,11	-0,663225115758	2,42406840555	25,1833773243
15,12	-0,628318530718	2,56951250988	13,7363876314
15,13	-0,610865238198	2,61799387799	9,42693268824
15,14	-0,575958653158	2,6664752461	13,7363876314
15,15	-0,558505360638	2,81191935044	25,1833773243
15,16	-0,523598775598	3,29673303155	25,0487068573
15,17	-0,488692190558	3,44217713588	12,7936943626
15,18	-0,453785605519	3,49065850399	4,84813681109
15,19	-0,418879020479	3,49065850399	1,88538653765
15,2	-0,383972435439	3,49065850399	4,71346634412
15,21	-0,349065850399	3,5391398721	11,9856715608
15,22	-0,314159265359	3,68458397643	21,277933782
15,23	-0,279252680319	4,12091628943	16,9684788388
15,24	-0,226892802759	4,16939765754	0,538681867903
15,25	-0,191986217719	3,87850944888	4,57879587714
15,26	-0,157079632679	4,21787902565	12,3896829617
15,27	-0,10471975512	4,31484176187	4,44412541017
15,28	-0,0698131700798	4,31484176187	-4,30945494319
15,29	-0,0174532925199	4,21787902565	-11,4469896929
15,3	0,0174532925199	3,87850944888	4,98366779943E-012
15,31	0,0523598775598	4,21787902565	11,3123192259
15,32	0,10471975512	4,31484176187	3,50143214134
15,33	0,13962634016	4,31484176187	-8,08022801849
15,34	0,191986217719	4,16939765754	-19,6618881783
15,35	0,226892802759	3,73306534454	-13,0630352966
15,36	0,261799387799	3,73306534454	7,54154615059
15,37	0,296705972839	4,12091628943	7,54154615059
15,38	0,349065850399	4,12091628943	-13,3323762305
15,39	0,383972435439	3,68458397643	-21,412604249
15,4	0,418879020479	3,5391398721	-16,4297969709
15,41	0,453785605519	3,44217713588	-16,5644674379
15,42	0,488692190558	3,29673303154	-22,3552975178
15,43	0,523598775598	2,86040071855	-17,9111721077
15,44	0,541052068118	2,81191935044	-4,30945494319
15,45	0,575958653158	3,05432619099	-12,9283648296
15,46	0,610865238198	2,61799387799	-26,3954115271
15,47	0,628318530718	2,18166156499	-12,9283648296
15,48	0,645771823238	2,42406840555	-4,44412541017
15,49	0,680678408278	2,37558703744	-18,7191949095
15,5	0,698131700798	1,93925472444	-26,1260705931
15,51	0,715584993318	1,74532925199	-24,7793659234
15,52	0,733038285838	1,55140377955	-29,6275027345
15,53	0,750491578358	1,06659009844	-26,1260705931
15,54	0,750491578358	0,921145994108	-13,8710580984
15,55	0,767944870878	0,872664625997	-9,42693268825
15,56	0,767944870878	0,824183257886	-13,8710580984
15,57	0,785398163397	0,678739153553	-26,1260705931
15,58	0,785398163397	0,193925472444	-29,6275027345
15,59	0,785398163397	0	-24,7793659234
15,6	0,785398163397	-0,193925472444	-26,1260705931
15,61	0,785398163397	-0,630257785442	-18,8538653765
15,62	0,767944870878	-0,678739153553	-5,386818679
15,63	0,767944870878	-0,436332312999	-17,5071607067
15,64	0,767944870878	-0,921145994108	-38,2464126209
15,65	0,750491578358	-1,50292241144	-33,2636053428
15,66	0,733038285838	-1,69684788388	-16,6991379049
15,67	0,715584993318	-1,74532925199	-6,46418241479
15,68	0,698131700798	-1,74532925199	-5,79083007992
15,69	0,680678408278	-1,79381062011	-13,0630352966
15,7	0,663225115758	-1,93925472444	-25,8567296592
15,71	0,645771823238	-2,42406840555	-28,8194799326
15,72	0,610865238198	-2,61799387799	-21,0085928481
15,73	0,593411945678	-2,76343798232	-17,9111721077
15,74	0,558505360638	-3,1028075591	-5,65615961295
15,75	0,523598775598	-2,81191935044	-0,808022801847
15,76	0,506145483078	-2,86040071855	-17,9111721077
15,77	0,471238898038	-3,29673303154	-25,8567296592
15,78	0,436332312999	-3,49065850399	-23,8366726545
15,79	0,401425727959	-3,68458397643	-25,0487068573
15,8	0,366519142919	-4,12091628943	-14,1403990324
15,81	0,314159265359	-4,12091628943	7,54154615059
15,82	0,279252680319	-3,73306534454	8,34956895245
15,83	0,244346095279	-3,73306534454	-9,42693268824
15,84	0,209439510239	-4,12091628943	-12,3896829617
15,85	0,157079632679	-4,16939765754	0,404011400922
15,86	0,12217304764	-3,87850944888	-4,44412541017
15,87	0,0872664625997	-4,21787902565	-12,3896829617
15,88	0,0349065850399	-4,31484176187	-4,44412541017
15,89	0	-4,31484176187	4,44412541017
15,9	-0,0523598775598	-4,21787902565	12,2550124947
15,91	-0,0872664625997	-3,87850944888	3,63610260832
15,92	-0,12217304764	-4,16939765754	-4,04011400924
15,93	-0,174532925199	-4,16939765754	5,11747774505
15,94	-0,209439510239	-3,87850944888	0,942693268824
15,95	-0,244346095279	-4,16939765754	-0,269340933957
15,96	-0,296705972839	-4,12091628943	16,8338083719
15,97	-0,331612557879	-3,68458397643	21,277933782
15,98	-0,366519142919	-3,5391398721	12,1203420277
15,99	-0,401425727959	-3,49065850399	5,52148914598
16	-0,436332312999	-3,49065850399	5,65615961296
16,01	-0,471238898038	-3,44217713588	12,9283648296
16,02	-0,506145483078	-3,29673303154	25,0487068573
16,03	-0,541052068118	-2,81191935043	25,1833773243
16,04	-0,558505360638	-2,6664752461	13,7363876314
16,05	-0,593411945678	-2,61799387799	9,42693268824
16,06	-0,610865238198	-2,56951250988	13,7363876314
16,07	-0,645771823238	-2,42406840555	25,1833773243
16,08	-0,663225115758	-1,93925472444	25,1833773243
16,09	-0,680678408278	-1,7938106201	13,7363876314
16,1	-0,698131700798	-1,74532925199	9,42693268824
16,11	-0,715584993318	-1,69684788388	13,8710580984
16,12	-0,733038285838	-1,55140377955	26,1260705931
16,13	-0,750491578358	-1,06659009844	29,7621732014
16,14	-0,750491578358	-0,872664625997	25,5873887252
16,15	-0,767944870878	-0,678739153553	29,7621732014
16,16	-0,767944870878	-0,193925472444	25,9914001261
16,17	-0,767944870878	-0,048481368111	13,0630352966
16,18	-0,767944870878	0	5,79083007992
16,19	-0,767944870878	0	6,46418241479
16,2	-0,767944870878	0,048481368111	16,6991379049
16,21	-0,767944870878	0,242406840555	33,2636053428
16,22	-0,767944870878	0,824183257886	38,2464126208
16,23	-0,750491578358	1,308996939	17,5071607067
16,24	-0,733038285838	1,06659009844	5,386818679
16,25	-0,733038285838	1,11507146655	18,8538653765
16,26	-0,715584993318	1,55140377955	26,1260705931
16,27	-0,698131700798	1,74532925199	24,7793659234
16,28	-0,680678408278	1,93925472444	29,6275027345
16,29	-0,663225115758	2,42406840555	26,1260705931
16,3	-0,628318530718	2,56951250988	13,8710580984
16,31	-0,610865238198	2,61799387799	9,42693268824
16,32	-0,575958653158	2,6664752461	13,7363876314
16,33	-0,558505360638	2,81191935043	25,1833773243
16,34	-0,523598775598	3,29673303154	25,0487068573
16,35	-0,488692190558	3,44217713588	12,7936943626
16,36	-0,453785605519	3,49065850399	4,71346634411
16,37	-0,418879020479	3,49065850399	1,0773637358
16,38	-0,383972435439	3,49065850399	1,0773637358
16,39	-0,349065850399	3,49065850399	4,57879587714
16,4	-0,314159265359	3,5391398721	11,9856715608
16,41	-0,279252680319	3,68458397643	21,277933782
16,42	-0,244346095279	4,12091628943	16,9684788388
16,43	-0,191986217719	4,16939765754	0,538681867892
16,44	-0,157079632679	3,87850944888	4,57879587714
16,45	-0,12217304764	4,21787902565	12,3896829617
16,46	-0,0698131700798	4,31484176187	4,44412541017
16,47	-0,0349065850399	4,31484176187	-4,44412541017
16,48	0,0174532925199	4,21787902565	-12,2550124947
16,49	0,0523598775598	3,87850944888	-3,63610260832
16,5	0,0872664625997	4,16939765754	4,04011400924
16,51	0,13962634016	4,16939765754	-5,11747774504
16,52	0,174532925199	3,87850944888	-0,94269326882
16,53	0,209439510239	4,16939765754	0,269340933946
16,54	0,261799387799	4,12091628943	-16,8338083719
16,55	0,296705972839	3,68458397643	-21,277933782
16,56	0,331612557879	3,5391398721	-11,9856715608
16,57	0,366519142919	3,49065850399	-4,71346634412
16,58	0,401425727959	3,49065850399	-1,88538653765
16,59	0,436332312999	3,49065850399	-4,84813681109
16,6	0,471238898038	3,44217713588	-12,7936943626
16,61	0,506145483078	3,29673303154	-25,0487068573
16,62	0,541052068118	2,81191935043	-25,1833773243
16,63	0,558505360638	2,6664752461	-13,7363876314
16,64	0,593411945678	2,61799387799	-9,42693268824
16,65	0,610865238198	2,56951250988	-13,7363876314
16,66	0,645771823238	2,42406840555	-25,1833773243
16,67	0,663225115758	1,93925472444	-25,1833773243
16,68	0,680678408278	1,7938106201	-13,7363876314
16,69	0,698131700798	1,74532925199	-9,42693268824
16,7	0,715584993318	1,69684788388	-13,8710580984
16,71	0,733038285838	1,55140377955	-26,1260705931
16,72	0,750491578358	1,06659009844	-29,7621732014
16,73	0,750491578358	0,872664625997	-25,5873887252
16,74	0,767944870878	0,678739153553	-29,7621732014
16,75	0,767944870878	0,193925472444	-25,9914001261
16,76	0,767944870878	0,048481368111	-13,0630352966
16,77	0,767944870878	0	-5,79083007992
16,78	0,767944870878	0	-6,46418241479
16,79	0,767944870878	-0,048481368111	-16,6991379049
16,8	0,767944870878	-0,242406840555	-33,2636053428
16,81	0,767944870878	-0,824183257886	-38,2464126209
16,82	0,750491578358	-1,308996939	-17,5071607067
16,83	0,733038285838	-1,06659009844	-5,38681867899
16,84	0,733038285838	-1,11507146655	-18,8538653765
16,85	0,715584993318	-1,55140377955	-26,1260705931
16,86	0,698131700798	-1,74532925199	-24,7793659234
16,87	0,680678408278	-1,93925472444	-29,6275027345
16,88	0,663225115758	-2,42406840555	-26,1260705931
16,89	0,628318530718	-2,56951250988	-13,7363876314
16,9	0,610865238198	-2,61799387799	-8,48423941942
16,91	0,575958653158	-2,6664752461	-9,15759175429
16,92	0,558505360638	-2,76343798232	-13,3323762305
16,93	0,523598775598	-3,1028075591	-4,84813681109
16,94	0,488692190558	-2,81191935043	-1,48137513672
16,95	0,471238898038	-2,86040071855	-21,547274716
16,96	0,436332312999	-3,34521439966	-33,1289348758
16,97	0,401425727959	-3,63610260832	-32,320912074
16,98	0,366519142919	-4,12091628943	-16,9684788388
16,99	0,314159265359	-4,12091628943	10,3696259571
17	0,279252680319	-3,68458397643	15,4871037021
17,01	0,244346095279	-3,58762124021	-0,942693268824
17,02	0,209439510239	-3,68458397643	-20,3352405132
17,03	0,174532925199	-4,16939765754	-23,2979907866
17,04	0,12217304764	-4,31484176187	-8,88825082033
17,05	0,0872664625997	-4,31484176187	3,50143214135
17,06	0,0349065850399	-4,21787902565	12,1203420277
17,07	0	-3,87850944888	3,63610260832
17,08	-0,0349065850399	-4,16939765754	-4,04011400925
17,09	-0,0872664625997	-4,16939765754	5,11747774504
17,1	-0,12217304764	-3,87850944888	0,942693268827
17,11	-0,157079632679	-4,16939765754	-0,404011400921
17,12	-0,209439510239	-4,12091628943	15,891115103
17,13	-0,244346095279	-3,68458397643	16,8338083719
17,14	-0,279252680319	-3,58762124021	1,0773637358
17,15	-0,314159265359	-3,68458397643	-11,1776487589
17,16	-0,349065850399	-4,07243492132	0,538681867896
17,17	-0,401425727959	-3,92699081699	32,8595939419
17,18	-0,436332312999	-3,05432619099	33,5329462767
17,19	-0,453785605519	-2,90888208666	4,30945494319
17,2	-0,488692190558	-3,24825166343	-2,82807980648
17,21	-0,523598775598	-3,24825166343	14,9484218342
17,22	-0,558505360638	-2,81191935043	24,3753545224
17,23	-0,575958653158	-2,61799387799	20,0658995793
17,24	-0,610865238198	-2,47254977366	17,9111721077
17,25	-0,628318530718	-2,13318019688	6,59885288177
17,26	-0,645771823238	-2,42406840555	5,25214821202
17,27	-0,680678408278	-2,32710566933	28,9541503996
17,28	-0,698131700798	-1,74532925199	42,555867564
17,29	-0,715584993318	-1,16355283466	28,9541503996
17,3	-0,715584993318	-1,06659009844	5,25214821202
17,31	-0,733038285838	-1,35747830711	6,59885288177
17,32	-0,750491578358	-1,01810873033	18,0458425746
17,33	-0,750491578358	-0,872664625997	21,143263315
17,34	-0,767944870878	-0,678739153553	29,7621732014
17,35	-0,767944870878	-0,193925472444	30,4355255363
17,36	-0,767944870878	0	24,9140363903
17,37	-0,767944870878	0,193925472444	26,1260705931
17,38	-0,767944870878	0,630257785442	18,8538653765
17,39	-0,750491578358	0,678739153553	5,38681867899
17,4	-0,750491578358	0,436332312998	17,5071607067
17,41	-0,750491578358	0,921145994108	38,2464126208
17,42	-0,733038285838	1,50292241144	33,2636053428
17,43	-0,715584993318	1,69684788388	16,5644674379
17,44	-0,698131700798	1,74532925199	5,65615961294
17,45	-0,680678408278	1,74532925199	2,1547274716
17,46	-0,663225115758	1,74532925199	5,65615961294
17,47	-0,645771823238	1,7938106201	16,5644674379
17,48	-0,628318530718	1,98773609255	33,2636053428
17,49	-0,610865238198	2,56951250988	38,2464126209
17,5	-0,575958653158	3,05432619099	17,5071607067
17,51	-0,541052068118	2,81191935043	5,25214821202
17,52	-0,523598775598	2,86040071855	17,9111721076
17,53	-0,488692190558	3,29673303154	21,412604249
17,54	-0,453785605519	3,44217713588	11,9856715608
17,55	-0,418879020479	3,49065850399	4,71346634412
17,56	-0,383972435439	3,49065850399	1,88538653765
17,57	-0,349065850399	3,49065850399	4,71346634412
17,58	-0,314159265359	3,5391398721	11,9856715608
17,59	-0,279252680319	3,68458397643	21,277933782
17,6	-0,244346095279	4,12091628943	16,8338083718
17,61	-0,191986217719	4,16939765754	-0,269340933957
17,62	-0,157079632679	3,87850944888	0,942693268824
17,63	-0,12217304764	4,16939765754	4,98280727808
17,64	-0,0698131700798	4,16939765754	-4,84813681109
17,65	-0,0349065850399	3,87850944888	-4,98366779943E-012
17,66	0	4,16939765754	4,84813681109
17,67	0,0523598775598	4,16939765754	-4,98280727807
17,68	0,0872664625997	3,87850944888	-0,942693268821
17,69	0,12217304764	4,16939765754	0,404011400933
17,7	0,174532925199	4,12091628943	-15,891115103
17,71	0,209439510239	3,68458397643	-16,6991379049
17,72	0,244346095279	3,58762124021	-0,134670466975
17,73	0,279252680319	3,68458397643	15,6217741691
17,74	0,314159265359	4,12091628943	10,3696259571
17,75	0,366519142919	4,12091628943	-16,9684788388
17,76	0,401425727959	3,63610260832	-32,320912074
17,77	0,436332312999	3,34521439966	-33,1289348758
17,78	0,471238898038	2,86040071855	-21,547274716
17,79	0,488692190558	2,81191935043	-1,61604560369
17,8	0,523598775598	3,1028075591	-5,65615961294
17,81	0,558505360638	2,76343798232	-16,9684788388
17,82	0,575958653158	2,61799387799	-16,4297969709
17,83	0,610865238198	2,47254977366	-17,1031493058
17,84	0,628318530718	2,13318019688	-6,46418241479
17,85	0,645771823238	2,42406840555	-5,25214821201
17,86	0,680678408278	2,32710566933	-28,9541503996
17,87	0,698131700798	1,74532925199	-42,690538031
17,88	0,715584993318	1,16355283466	-29,7621732014
17,89	0,715584993318	1,06659009844	-8,88825082034
17,9	0,733038285838	1,308996939	-13,8710580984
17,91	0,750491578358	0,872664625997	-26,530081994
17,92	0,750491578358	0,436332312999	-13,0630352966
17,93	0,750491578358	0,678739153553	-5,25214821202
17,94	0,767944870878	0,630257785442	-22,3552975178
17,95	0,767944870878	0,145444104333	-33,3982758098
17,96	0,767944870878	-0,145444104333	-33,3982758098
17,97	0,767944870878	-0,630257785442	-22,4899679848
17,98	0,750491578358	-0,678739153553	-6,06017101387
17,99	0,750491578358	-0,436332312999	-16,8338083719
18	0,750491578358	-0,921145994108	-34,6103100125
18,01	0,733038285838	-1,45444104333	-25,9914001261
18,02	0,715584993318	-1,55140377955	-8,08022801849
18,03	0,698131700798	-1,308996939	-13,7363876314
18,04	0,698131700798	-1,74532925199	-26,530081994
18,05	0,663225115758	-2,18166156499	-12,9283648296
18,06	0,645771823238	-1,93925472444	-4,44412541017
18,07	0,628318530718	-1,98773609255	-18,7191949095
18,08	0,610865238198	-2,42406840555	-26,1260705931
18,09	0,575958653158	-2,61799387799	-24,7793659234
18,1	0,558505360638	-2,81191935043	-29,6275027345
18,11	0,523598775598	-3,29673303154	-25,9914001261
18,12	0,488692190558	-3,44217713588	-12,9283648296
18,13	0,453785605519	-3,49065850399	-4,71346634412
18,14	0,418879020479	-3,49065850399	-0,942693268819
18,15	0,383972435439	-3,49065850399	-0,269340933946
18,16	0,349065850399	-3,49065850399	-0,942693268827
18,17	0,314159265359	-3,49065850399	-4,57879587715
18,18	0,279252680319	-3,5391398721	-11,8510010938
18,19	0,244346095279	-3,68458397643	-20,4699109802
18,2	0,209439510239	-4,12091628943	-13,1977057635
18,21	0,157079632679	-4,12091628943	7,54154615059
18,22	0,12217304764	-3,73306534454	7,5415461506
18,23	0,0872664625997	-3,73306534454	-13,0630352966
18,24	0,0523598775598	-4,16939765754	-19,5272177113
18,25	0	-4,31484176187	-7,27220521664
18,26	-0,0349065850399	-4,31484176187	7,27220521663
18,27	-0,0872664625997	-4,16939765754	19,5272177113
18,28	-0,12217304764	-3,73306534454	13,0630352966
18,29	-0,157079632679	-3,73306534454	-7,54154615059
18,3	-0,191986217719	-4,12091628943	-7,5415461506
18,31	-0,244346095279	-4,12091628943	13,1977057635
18,32	-0,279252680319	-3,68458397643	20,4699109802
18,33	-0,314159265359	-3,5391398721	11,8510010938
18,34	-0,349065850399	-3,49065850399	4,71346634412
18,35	-0,383972435439	-3,49065850399	1,88538653765
18,36	-0,418879020479	-3,49065850399	4,8481368111
18,37	-0,453785605519	-3,44217713588	12,7936943626
18,38	-0,488692190558	-3,29673303154	25,0487068573
18,39	-0,523598775598	-2,81191935043	25,1833773243
18,4	-0,541052068118	-2,6664752461	13,7363876314
18,41	-0,575958653158	-2,61799387799	9,42693268824
18,42	-0,593411945678	-2,56951250988	13,7363876314
18,43	-0,628318530718	-2,42406840555	25,1833773243
18,44	-0,645771823238	-1,93925472444	25,1833773243
18,45	-0,663225115758	-1,79381062011	13,7363876314
18,46	-0,680678408278	-1,74532925199	9,42693268824
18,47	-0,698131700798	-1,69684788388	13,8710580984
18,48	-0,715584993318	-1,55140377955	26,1260705931
18,49	-0,733038285838	-1,06659009844	29,7621732014
18,5	-0,733038285838	-0,872664625997	25,5873887252
18,51	-0,750491578358	-0,678739153553	29,7621732014
18,52	-0,750491578358	-0,193925472444	25,9914001261
18,53	-0,750491578358	-0,0484813681109	13,0630352966
18,54	-0,750491578358	0	5,79083007992
18,55	-0,750491578358	0	6,46418241479
18,56	-0,750491578358	0,0484813681109	16,6991379049
18,57	-0,750491578358	0,242406840555	33,2636053428
18,58	-0,750491578358	0,824183257886	38,2464126209
18,59	-0,733038285838	1,308996939	17,5071607067
18,6	-0,715584993318	1,06659009844	5,386818679
18,61	-0,715584993318	1,11507146655	18,8538653765
18,62	-0,698131700798	1,55140377955	25,9914001261
18,63	-0,680678408278	1,74532925199	23,9713431215
18,64	-0,663225115758	1,93925472444	25,9914001261
18,65	-0,645771823238	2,37558703744	18,7191949095
18,66	-0,610865238198	2,42406840555	4,44412541017
18,67	-0,593411945678	2,18166156499	12,9283648296
18,68	-0,575958653158	2,61799387799	26,3954115271
18,69	-0,541052068118	3,05432619099	12,9283648296
18,7	-0,506145483078	2,81191935043	4,30945494319
18,71	-0,488692190558	2,86040071855	17,7765016407
18,72	-0,453785605519	3,29673303154	21,547274716
18,73	-0,418879020479	3,44217713588	12,9283648296
18,74	-0,383972435439	3,49065850399	9,15759175429
18,75	-0,349065850399	3,5391398721	12,7936943626
18,76	-0,314159265359	3,68458397643	20,6045814471
18,77	-0,279252680319	4,12091628943	13,1977057635
18,78	-0,226892802759	4,12091628943	-7,67621661756
18,79	-0,191986217719	3,73306534454	-8,34956895244
18,8	-0,157079632679	3,73306534454	9,42693268824
18,81	-0,12217304764	4,12091628943	12,2550124947
18,82	-0,0698131700798	4,16939765754	-1,21203420277
18,83	-0,0349065850399	3,87850944888	0,808022801844
18,84	0	4,16939765754	4,98280727806
18,85	0,0523598775598	4,16939765754	-4,98280727807
18,86	0,0872664625997	3,87850944888	-0,942693268821
18,87	0,12217304764	4,16939765754	0,269340933958
18,88	0,174532925199	4,12091628943	-16,8338083718
18,89	0,209439510239	3,68458397643	-21,277933782
18,9	0,244346095279	3,5391398721	-11,9856715608
18,91	0,279252680319	3,49065850399	-4,57879587714
18,92	0,314159265359	3,49065850399	-0,942693268829
18,93	0,349065850399	3,49065850399	-0,269340933953
18,94	0,383972435439	3,49065850399	-0,94269326882
18,95	0,418879020479	3,49065850399	-4,71346634411
18,96	0,453785605519	3,44217713588	-12,7936943626
18,97	0,488692190558	3,29673303154	-25,0487068573
18,98	0,523598775598	2,81191935043	-25,1833773243
18,99	0,541052068118	2,6664752461	-13,7363876314
19	0,575958653158	2,61799387799	-9,42693268824
19,01	0,593411945678	2,56951250988	-13,7363876314
19,02	0,628318530718	2,42406840555	-25,1833773243
19,03	0,645771823238	1,93925472444	-25,1833773243
19,04	0,663225115758	1,7938106201	-13,7363876314
19,05	0,680678408278	1,74532925199	-9,42693268824
19,06	0,698131700798	1,69684788388	-13,8710580984
19,07	0,715584993318	1,55140377955	-26,1260705931
19,08	0,733038285838	1,06659009844	-29,7621732014
19,09	0,733038285838	0,872664625997	-25,5873887252
19,1	0,750491578358	0,678739153553	-29,7621732014
19,11	0,750491578358	0,193925472444	-26,1260705931
19,12	0,750491578358	0,048481368111	-13,8710580984
19,13	0,750491578358	0	-9,42693268824
19,14	0,750491578358	-0,048481368111	-13,7363876314
19,15	0,750491578358	-0,193925472444	-25,1833773243
19,16	0,750491578358	-0,678739153553	-25,1833773243
19,17	0,733038285838	-0,824183257886	-13,7363876314
19,18	0,733038285838	-0,872664625997	-9,42693268823
19,19	0,715584993318	-0,921145994108	-13,8710580984
19,2	0,715584993318	-1,06659009844	-26,1260705931
19,21	0,698131700798	-1,55140377955	-29,6275027345
19,22	0,680678408278	-1,74532925199	-24,7793659234
19,23	0,663225115758	-1,93925472444	-26,1260705931
19,24	0,645771823238	-2,37558703744	-18,7191949095
19,25	0,610865238198	-2,42406840555	-4,44412541017
19,26	0,593411945678	-2,18166156499	-12,9283648296
19,27	0,575958653158	-2,61799387799	-26,3954115271
19,28	0,541052068118	-3,05432619099	-12,9283648296
19,29	0,506145483078	-2,81191935043	-4,3094549432
19,3	0,488692190558	-2,86040071855	-17,7765016407
19,31	0,453785605519	-3,29673303154	-21,412604249
19,32	0,418879020479	-3,44217713588	-12,1203420277
19,33	0,383972435439	-3,49065850399	-5,52148914596
19,34	0,349065850399	-3,49065850399	-5,52148914597
19,35	0,314159265359	-3,5391398721	-11,9856715608
19,36	0,279252680319	-3,68458397643	-20,4699109802
19,37	0,244346095279	-4,12091628943	-13,1977057635
19,38	0,191986217719	-4,12091628943	7,67621661756
19,39	0,157079632679	-3,73306534454	8,34956895244
19,4	0,12217304764	-3,73306534454	-9,42693268823
19,41	0,0872664625997	-4,12091628943	-12,2550124947
19,42	0,0349065850399	-4,16939765754	1,21203420278
19,43	0	-3,87850944888	-0,808022801852
19,44	-0,0349065850399	-4,16939765754	-4,98280727808
19,45	-0,0872664625997	-4,16939765754	4,98280727806
19,46	-0,12217304764	-3,87850944888	0,942693268827
19,47	-0,157079632679	-4,16939765754	-0,269340933946
19,48	-0,209439510239	-4,12091628943	16,8338083719
19,49	-0,244346095279	-3,68458397643	21,277933782
19,5	-0,279252680319	-3,5391398721	11,9856715608
19,51	-0,314159265359	-3,49065850399	4,71346634412
19,52	-0,349065850399	-3,49065850399	1,88538653765
19,53	-0,383972435439	-3,49065850399	4,71346634412
19,54	-0,418879020479	-3,44217713588	11,9856715608
19,55	-0,453785605519	-3,29673303154	21,412604249
19,56	-0,488692190558	-2,86040071855	17,7765016407
19,57	-0,506145483078	-2,81191935043	4,30945494319
19,58	-0,541052068118	-3,05432619099	12,9283648296
19,59	-0,575958653158	-2,61799387799	26,3954115271
19,6	-0,593411945678	-2,18166156499	13,0630352966
19,61	-0,610865238198	-2,42406840555	5,25214821202
19,62	-0,645771823238	-2,37558703744	22,3552975178
19,63	-0,663225115758	-1,89077335633	33,3982758098
19,64	-0,680678408278	-1,59988514766	33,3982758098
19,65	-0,698131700798	-1,11507146655	22,3552975178
19,66	-0,698131700798	-1,06659009844	5,25214821201
19,67	-0,715584993318	-1,308996939	13,0630352966
19,68	-0,733038285838	-0,872664625997	26,3954115271
19,69	-0,733038285838	-0,436332312998	13,0630352966
19,7	-0,733038285838	-0,678739153553	5,25214821202
19,71	-0,750491578358	-0,630257785442	22,4899679848
19,72	-0,750491578358	-0,145444104333	34,2062986116
19,73	-0,750491578358	0,145444104333	37,0343784181
19,74	-0,750491578358	0,678739153553	29,7621732014
19,75	-0,733038285838	0,824183257886	14,6790809003
19,76	-0,733038285838	0,872664625997	9,56160315522
19,77	-0,715584993318	0,921145994108	13,7363876314
19,78	-0,715584993318	1,06659009844	25,1833773243
19,79	-0,698131700798	1,55140377955	25,1833773243
19,8	-0,680678408278	1,69684788388	13,7363876314
19,81	-0,663225115758	1,74532925199	9,42693268824
19,82	-0,645771823238	1,7938106201	13,7363876314
19,83	-0,628318530718	1,93925472444	25,1833773243
19,84	-0,610865238198	2,42406840555	25,1833773243
19,85	-0,575958653158	2,56951250988	13,7363876314
19,86	-0,558505360638	2,61799387799	9,42693268824
19,87	-0,523598775598	2,6664752461	13,7363876314
19,88	-0,506145483078	2,81191935043	25,1833773243
19,89	-0,471238898038	3,29673303154	25,0487068573
19,9	-0,436332312999	3,44217713588	12,7936943626
19,91	-0,401425727959	3,49065850399	4,71346634412
19,92	-0,366519142919	3,49065850399	1,0773637358
19,93	-0,331612557879	3,49065850399	1,0773637358
19,94	-0,296705972839	3,49065850399	4,57879587715
19,95	-0,261799387799	3,5391398721	11,8779351873
19,96	-0,226892802759	3,68458397643	20,6180484942
19,97	-0,191986217719	4,12091628943	13,2381069046
19,98	-0,13962634016	4,13061256307	-9,73667476019
19,99	-0,10471975512	3,75730602865	-19,9042950162
20	-0,0698131700798	3,58762124029	-20,4968450707
