Vernier Format 2
Файл.gmbl 07.12.2019 14:01:29 ,
Новый
Время	Угол	Скорость	Ускорение
t	Угол	v	a
с	rad	rad/с	rad/с²

0	0	0	0
0,01	0	0	0
0,02	0	0	0
0,03	0	0	0
0,04	0	0	0
0,05	0	0	0
0,06	0	0	0
0,07	0	0	0
0,08	0	0	0
0,09	0	0	0
0,1	0	0	0
0,11	0	0	0
0,12	0	0	0
0,13	0	0	0
0,14	0	0	0
0,15	0	0	0
0,16	0	0	0
0,17	0	0	0
0,18	0	0	0
0,19	0	0	0
0,2	0	0	0
0,21	0	0	0
0,22	0	0	0
0,23	0	0	0
0,24	0	0	0
0,25	0	0	0
0,26	0	0	0
0,27	0	0	0
0,28	0	0	0
0,29	0	0	0
0,3	0	0	0
0,31	0	0	0
0,32	0	0	0
0,33	0	0	0
0,34	0	0	0
0,35	0	0	0
0,36	0	0	0
0,37	0	0	0
0,38	0	0	0
0,39	0	0	0
0,4	0	0	0
0,41	0	0	0
0,42	0	0	0
0,43	0	0	0
0,44	0	0	0
0,45	0	0	0
0,46	0	0	0
0,47	0	0	0
0,48	0	0	0
0,49	0	0	0
0,5	0	0	0
0,51	0	0	0
0,52	0	0	0
0,53	0	0	0
0,54	0	0	0
0,55	0	0	0
0,56	0	0	0
0,57	0	0	0
0,58	0	0	0
0,59	0	0	0
0,6	0	0	0
0,61	0	0	0
0,62	0	0	0
0,63	0	0	0
0,64	0	0	0
0,65	0	0	0
0,66	0	0	0
0,67	0	0	0
0,68	0	0	0
0,69	0	0	0
0,7	0	0	0
0,71	0	0	0
0,72	0	0	0
0,73	0	0	0
0,74	0	0	0
0,75	0	0	0
0,76	0	0	0
0,77	0	0	0
0,78	0	0	0
0,79	0	0	0
0,8	0	0	0
0,81	0	0	0
0,82	0	0	0
0,83	0	0	0
0,84	0	0	0
0,85	0	0	0
0,86	0	0	0
0,87	0	0	0
0,88	0	0	0
0,89	0	0	0
0,9	0	0	0
0,91	0	0	0
0,92	0	0	0
0,93	0	0	0
0,94	0	0	0
0,95	0	0	0
0,96	0	0	0
0,97	0	0	0
0,98	0	0	0
0,99	0	0	0
1	0	0	0
1,01	0	0	0
1,02	0	0	0
1,03	0	0	0
1,04	0	0	0
1,05	0	0	0
1,06	0	0	0
1,07	0	0	0
1,08	0	0	0
1,09	0	0	0
1,1	0	0	0
1,11	0	0	0
1,12	0	0	0
1,13	0	0	0
1,14	0	0	0
1,15	0	0	0
1,16	0	0	0
1,17	0	0	0
1,18	0	0	0
1,19	0	0	0
1,2	0	0	0
1,21	0	0	0
1,22	0	0	0
1,23	0	0	0
1,24	0	0	0
1,25	0	0	0
1,26	0	0	0
1,27	0	0	0
1,28	0	0	0
1,29	0	0	0
1,3	0	0	0
1,31	0	0	-0,134670466975
1,32	0	0	-0,942693268824
1,33	0	0	-4,71346634412
1,34	0	-0,048481368111	-12,7936943626
1,35	0	-0,193925472444	-25,0487068573
1,36	0	-0,678739153553	-25,1833773243
1,37	-0,0174532925199	-0,824183257886	-13,6017171645
1,38	-0,0174532925199	-0,872664625997	-8,48423941941
1,39	-0,0349065850399	-0,921145994108	-9,1575917543
1,4	-0,0349065850399	-1,01810873033	-13,3323762305
1,41	-0,0523598775598	-1,35747830711	-4,71346634412
1,42	-0,0698131700798	-1,06659009844	-0,538681867893
1,43	-0,0698131700798	-1,11507146655	-16,9684788388
1,44	-0,0872664625997	-1,55140377955	-21,277933782
1,45	-0,10471975512	-1,69684788388	-11,9856715608
1,46	-0,12217304764	-1,74532925199	-4,71346634412
1,47	-0,13962634016	-1,74532925199	-1,88538653765
1,48	-0,157079632679	-1,74532925199	-4,71346634412
1,49	-0,174532925199	-1,79381062011	-11,8510010938
1,5	-0,191986217719	-1,93925472444	-20,3352405132
1,51	-0,209439510239	-2,37558703744	-12,3896829617
1,52	-0,244346095279	-2,37558703744	11,3123192259
1,53	-0,261799387799	-1,93925472444	15,7564446361
1,54	-0,279252680319	-1,84229198822	4,65800237887E-012
1,55	-0,296705972839	-1,93925472444	-15,7564446361
1,56	-0,314159265359	-2,37558703744	-11,4469896929
1,57	-0,349065850399	-2,37558703744	11,4469896929
1,58	-0,366519142919	-1,93925472444	15,7564446361
1,59	-0,383972435439	-1,84229198822	4,98860212398E-012
1,6	-0,401425727959	-1,93925472444	-15,7564446361
1,61	-0,418879020479	-2,37558703744	-11,3123192259
1,62	-0,453785605519	-2,37558703744	12,3896829617
1,63	-0,471238898038	-1,93925472444	20,3352405132
1,64	-0,488692190558	-1,79381062011	11,8510010938
1,65	-0,506145483078	-1,74532925199	4,57879587714
1,66	-0,523598775598	-1,74532925199	0,942693268826
1,67	-0,541052068118	-1,74532925199	0,134670466973
1,68	-0,558505360638	-1,74532925199	0
1,69	-0,575958653158	-1,74532925199	1,97619698383E-012
1,7	-0,593411945678	-1,74532925199	-1,97619698383E-012
1,71	-0,610865238198	-1,74532925199	0
1,72	-0,628318530718	-1,74532925199	1,97619698383E-012
1,73	-0,645771823238	-1,74532925199	0,134670466973
1,74	-0,663225115758	-1,74532925199	0,942693268824
1,75	-0,680678408278	-1,74532925199	4,71346634412
1,76	-0,698131700798	-1,69684788388	12,7936943626
1,77	-0,715584993318	-1,55140377955	25,0487068573
1,78	-0,733038285838	-1,06659009844	25,1833773243
1,79	-0,733038285838	-0,921145994108	13,7363876314
1,8	-0,750491578358	-0,872664625997	9,42693268824
1,81	-0,750491578358	-0,824183257886	13,8710580984
1,82	-0,767944870878	-0,678739153553	26,1260705931
1,83	-0,767944870878	-0,193925472444	29,7621732014
1,84	-0,767944870878	0	25,5873887252
1,85	-0,767944870878	0,193925472444	29,7621732014
1,86	-0,767944870878	0,678739153553	26,1260705931
1,87	-0,750491578358	0,824183257886	13,8710580984
1,88	-0,750491578358	0,872664625997	9,42693268824
1,89	-0,733038285838	0,921145994108	13,7363876314
1,9	-0,733038285838	1,06659009844	25,1833773243
1,91	-0,715584993318	1,55140377955	25,1833773243
1,92	-0,698131700798	1,69684788388	13,7363876314
1,93	-0,680678408278	1,74532925199	9,42693268824
1,94	-0,663225115758	1,79381062011	13,8710580984
1,95	-0,645771823238	1,93925472444	25,9914001261
1,96	-0,628318530718	2,42406840555	28,8194799326
1,97	-0,593411945678	2,61799387799	21,0085928481
1,98	-0,575958653158	2,76343798232	17,9111721077
1,99	-0,541052068118	3,1028075591	5,65615961295
2	-0,506145483078	2,81191935044	0,673352334871
2,01	-0,488692190558	2,86040071855	17,1031493058
2,02	-0,453785605519	3,29673303154	22,2206270509
2,03	-0,418879020479	3,44217713588	16,5644674379
2,04	-0,383972435439	3,5391398721	16,4297969709
2,05	-0,349065850399	3,68458397643	21,412604249
2,06	-0,314159265359	4,12091628943	13,3323762305
2,07	-0,261799387799	4,12091628943	-7,54154615059
2,08	-0,226892802759	3,73306534454	-7,54154615059
2,09	-0,191986217719	3,73306534454	13,0630352966
2,1	-0,157079632679	4,16939765754	19,6618881783
2,11	-0,10471975512	4,31484176187	8,08022801849
2,12	-0,0698131700798	4,31484176187	-3,63610260832
2,13	-0,0174532925199	4,21787902565	-12,1203420277
2,14	0,0174532925199	3,87850944888	-3,63610260832
2,15	0,0523598775598	4,16939765754	4,04011400924
2,16	0,10471975512	4,16939765754	-5,11747774505
2,17	0,13962634016	3,87850944888	-0,942693268824
2,18	0,174532925199	4,16939765754	0,269340933957
2,19	0,226892802759	4,12091628943	-16,8338083719
2,2	0,261799387799	3,68458397643	-21,277933782
2,21	0,296705972839	3,5391398721	-11,9856715608
2,22	0,331612557879	3,49065850399	-4,57879587715
2,23	0,366519142919	3,49065850399	-1,0773637358
2,24	0,401425727959	3,49065850399	-1,0773637358
2,25	0,436332312999	3,49065850399	-4,71346634412
2,26	0,471238898038	3,44217713588	-12,7936943626
2,27	0,506145483078	3,29673303155	-25,0487068573
2,28	0,541052068118	2,81191935044	-25,1833773243
2,29	0,558505360638	2,6664752461	-13,7363876314
2,3	0,593411945678	2,61799387799	-9,42693268824
2,31	0,610865238198	2,56951250988	-13,7363876314
2,32	0,645771823238	2,42406840555	-25,3180477913
2,33	0,663225115758	1,93925472444	-25,9914001262
2,34	0,680678408278	1,79381062011	-17,5071607067
2,35	0,698131700798	1,69684788388	-17,5071607067
2,36	0,715584993318	1,55140377955	-25,9914001262
2,37	0,733038285838	1,06659009844	-25,3180477913
2,38	0,733038285838	0,921145994108	-13,7363876314
2,39	0,750491578358	0,872664625997	-9,42693268824
2,4	0,750491578358	0,824183257886	-13,8710580984
2,41	0,767944870878	0,678739153553	-26,1260705931
2,42	0,767944870878	0,193925472444	-29,6275027345
2,43	0,767944870878	0	-24,7793659234
2,44	0,767944870878	-0,193925472444	-26,1260705931
2,45	0,767944870878	-0,630257785442	-18,8538653765
2,46	0,750491578358	-0,678739153553	-5,38681867899
2,47	0,750491578358	-0,436332312999	-17,5071607067
2,48	0,750491578358	-0,921145994108	-38,2464126209
2,49	0,733038285838	-1,50292241144	-33,2636053428
2,5	0,715584993318	-1,69684788388	-16,6991379049
2,51	0,698131700798	-1,74532925199	-6,46418241479
2,52	0,680678408278	-1,74532925199	-5,79083007992
2,53	0,663225115758	-1,79381062011	-12,9283648296
2,54	0,645771823238	-1,93925472444	-25,0487068573
2,55	0,628318530718	-2,42406840555	-25,1833773243
2,56	0,593411945678	-2,56951250988	-13,7363876314
2,57	0,575958653158	-2,61799387799	-9,42693268824
2,58	0,541052068118	-2,6664752461	-13,7363876314
2,59	0,523598775598	-2,81191935044	-25,1833773243
2,6	0,488692190558	-3,29673303154	-25,0487068573
2,61	0,453785605519	-3,44217713588	-12,9283648296
2,62	0,418879020479	-3,49065850399	-5,65615961294
2,63	0,383972435439	-3,49065850399	-5,52148914597
2,64	0,349065850399	-3,5391398721	-11,9856715608
2,65	0,314159265359	-3,68458397643	-20,4699109802
2,66	0,279252680319	-4,12091628943	-13,1977057635
2,67	0,226892802759	-4,12091628943	7,67621661757
2,68	0,191986217719	-3,73306534454	8,34956895244
2,69	0,157079632679	-3,73306534454	-9,42693268825
2,7	0,12217304764	-4,12091628943	-12,2550124947
2,71	0,0698131700798	-4,16939765754	1,21203420278
2,72	0,0349065850399	-3,87850944888	-0,808022801846
2,73	0	-4,16939765754	-4,98280727807
2,74	-0,0523598775598	-4,16939765754	4,98280727806
2,75	-0,0872664625997	-3,87850944888	0,808022801844
2,76	-0,12217304764	-4,16939765754	-1,21203420277
2,77	-0,174532925199	-4,12091628943	12,2550124947
2,78	-0,209439510239	-3,73306534454	9,42693268824
2,79	-0,244346095279	-3,73306534454	-8,34956895245
2,8	-0,279252680319	-4,12091628943	-7,54154615059
2,81	-0,331612557879	-4,12091628943	14,1403990324
2,82	-0,366519142919	-3,68458397643	25,0487068573
2,83	-0,401425727959	-3,49065850399	23,8366726546
2,84	-0,436332312999	-3,29673303154	25,8567296592
2,85	-0,471238898038	-2,86040071855	17,9111721077
2,86	-0,488692190558	-2,81191935044	0,808022801844
2,87	-0,523598775598	-3,1028075591	5,65615961294
2,88	-0,558505360638	-2,76343798232	17,9111721077
2,89	-0,575958653158	-2,61799387799	21,0085928481
2,9	-0,610865238198	-2,42406840555	28,8194799326
2,91	-0,628318530718	-1,93925472444	25,8567296592
2,92	-0,645771823238	-1,79381062011	13,0630352966
2,93	-0,663225115758	-1,74532925199	5,65615961294
2,94	-0,680678408278	-1,74532925199	5,65615961295
2,95	-0,698131700798	-1,69684788388	13,0630352966
2,96	-0,715584993318	-1,55140377955	25,9914001262
2,97	-0,733038285838	-1,06659009844	29,7621732015
2,98	-0,733038285838	-0,872664625997	25,5873887252
2,99	-0,750491578358	-0,678739153553	29,7621732014
3	-0,750491578358	-0,193925472444	25,9914001261
3,01	-0,750491578358	-0,0484813681109	13,0630352966
3,02	-0,750491578358	0	5,79083007992
3,03	-0,750491578358	0	6,46418241479
3,04	-0,750491578358	0,0484813681109	16,6991379049
3,05	-0,750491578358	0,242406840555	33,2636053428
3,06	-0,750491578358	0,824183257886	38,2464126209
3,07	-0,733038285838	1,308996939	17,5071607067
3,08	-0,715584993318	1,06659009844	5,386818679
3,09	-0,715584993318	1,11507146655	18,8538653765
3,1	-0,698131700798	1,55140377955	26,1260705931
3,11	-0,680678408278	1,74532925199	24,7793659234
3,12	-0,663225115758	1,93925472444	29,6275027345
3,13	-0,645771823238	2,42406840555	26,1260705931
3,14	-0,610865238198	2,56951250988	13,8710580984
3,15	-0,593411945678	2,61799387799	9,29226222126
3,16	-0,558505360638	2,6664752461	12,7936943626
3,17	-0,541052068118	2,81191935044	20,6045814472
3,18	-0,506145483078	3,24825166343	13,3323762305
3,19	-0,471238898038	3,24825166343	-6,59885288176
3,2	-0,436332312999	2,86040071855	-2,96275027344
3,21	-0,418879020479	2,90888208666	25,0487068573
3,22	-0,383972435439	3,49065850399	40,8051514934
3,23	-0,349065850399	4,07243492132	24,2406840555
3,24	-0,296705972839	4,12091628943	-6,73352334875
3,25	-0,261799387799	3,68458397643	-14,8137513672
3,26	-0,226892802759	3,58762124021	0,269340933953
3,27	-0,191986217719	3,68458397643	16,6991379049
3,28	-0,157079632679	4,12091628943	15,891115103
3,29	-0,10471975512	4,16939765754	-0,404011400924
3,3	-0,0698131700798	3,87850944888	0,942693268824
3,31	-0,0349065850399	4,16939765754	4,98280727807
3,32	0,0174532925199	4,16939765754	-4,84813681109
3,33	0,0523598775598	3,87850944888	3,28132582834E-013
3,34	0,0872664625997	4,16939765754	4,8481368111
3,35	0,13962634016	4,16939765754	-4,98280727807
3,36	0,174532925199	3,87850944888	-0,94269326882
3,37	0,209439510239	4,16939765754	0,269340933946
3,38	0,261799387799	4,12091628943	-16,8338083719
3,39	0,296705972839	3,68458397643	-21,412604249
3,4	0,331612557879	3,5391398721	-12,9283648296
3,41	0,366519142919	3,49065850399	-9,1575917543
3,42	0,401425727959	3,44217713588	-12,9283648296
3,43	0,436332312999	3,29673303154	-21,412604249
3,44	0,471238898038	2,86040071855	-16,9684788388
3,45	0,488692190558	2,81191935044	-0,67335233487
3,46	0,523598775598	3,1028075591	-5,65615961294
3,47	0,558505360638	2,76343798232	-17,9111721077
3,48	0,575958653158	2,61799387799	-21,0085928481
3,49	0,610865238198	2,42406840555	-28,8194799326
3,5	0,628318530718	1,93925472444	-25,8567296592
3,51	0,645771823238	1,79381062011	-13,0630352966
3,52	0,663225115758	1,74532925199	-5,65615961295
3,53	0,680678408278	1,74532925199	-5,65615961294
3,54	0,698131700798	1,69684788388	-13,0630352966
3,55	0,715584993318	1,55140377955	-25,9914001262
3,56	0,733038285838	1,06659009844	-29,7621732014
3,57	0,733038285838	0,872664625997	-25,5873887252
3,58	0,750491578358	0,678739153553	-29,7621732014
3,59	0,750491578358	0,193925472444	-25,9914001262
3,6	0,750491578358	0,048481368111	-13,0630352966
3,61	0,750491578358	0	-5,79083007992
3,62	0,750491578358	0	-6,46418241479
3,63	0,750491578358	-0,048481368111	-16,6991379049
3,64	0,750491578358	-0,242406840555	-33,2636053428
3,65	0,750491578358	-0,824183257886	-38,2464126209
3,66	0,733038285838	-1,308996939	-17,5071607067
3,67	0,715584993318	-1,06659009844	-5,386818679
3,68	0,715584993318	-1,11507146655	-18,8538653765
3,69	0,698131700798	-1,55140377955	-26,1260705931
3,7	0,680678408278	-1,74532925199	-24,7793659234
3,71	0,663225115758	-1,93925472444	-29,6275027345
3,72	0,645771823238	-2,42406840555	-26,1260705931
3,73	0,610865238198	-2,56951250988	-13,7363876314
3,74	0,593411945678	-2,61799387799	-8,48423941942
3,75	0,558505360638	-2,6664752461	-9,15759175429
3,76	0,541052068118	-2,76343798232	-13,3323762305
3,77	0,506145483078	-3,1028075591	-4,71346634412
3,78	0,471238898038	-2,81191935044	-0,673352334873
3,79	0,453785605519	-2,86040071855	-17,9111721077
3,8	0,418879020479	-3,29673303154	-25,8567296592
3,81	0,383972435439	-3,49065850399	-23,8366726545
3,82	0,349065850399	-3,68458397643	-25,0487068573
3,83	0,314159265359	-4,12091628943	-14,1403990324
3,84	0,261799387799	-4,12091628943	7,54154615059
3,85	0,226892802759	-3,73306534454	8,48423941942
3,86	0,191986217719	-3,73306534454	-8,61890988639
3,87	0,157079632679	-4,12091628943	-8,6189098864
3,88	0,10471975512	-4,12091628943	8,61890988639
3,89	0,0698131700798	-3,73306534454	8,48423941942
3,9	0,0349065850399	-3,73306534454	-9,42693268824
3,91	0	-4,12091628943	-12,2550124947
3,92	-0,0523598775598	-4,16939765754	1,34670466974
3,93	-0,0872664625997	-3,87850944888	0,13467046697
3,94	-0,12217304764	-4,16939765754	-0,538681867896
3,95	-0,174532925199	-4,12091628943	16,02578557
3,96	-0,209439510239	-3,68458397643	17,6418311737
3,97	-0,244346095279	-3,58762124021	4,71346634412
3,98	-0,279252680319	-3,63610260832	-3,90544354227
3,99	-0,314159265359	-3,92699081699	9,02292128732
4	-0,366519142919	-3,49065850399	24,7793659234
4,01	-0,383972435439	-3,05432619099	9,02292128732
4,02	-0,418879020479	-3,34521439966	-3,7707730753
4,03	-0,453785605519	-3,39369576777	5,52148914596
4,04	-0,488692190558	-3,29673303154	21,412604249
4,05	-0,523598775598	-2,81191935044	24,3753545225
4,06	-0,541052068118	-2,6664752461	13,6017171645
4,07	-0,575958653158	-2,61799387799	9,42693268824
4,08	-0,593411945678	-2,56951250988	13,7363876314
4,09	-0,628318530718	-2,42406840555	25,3180477913
4,1	-0,645771823238	-1,93925472444	25,9914001261
4,11	-0,663225115758	-1,79381062011	17,5071607067
4,12	-0,680678408278	-1,69684788388	17,5071607067
4,13	-0,698131700798	-1,55140377955	25,9914001261
4,14	-0,715584993318	-1,06659009844	25,3180477913
4,15	-0,715584993318	-0,921145994108	13,7363876314
4,16	-0,733038285838	-0,872664625997	9,42693268825
4,17	-0,733038285838	-0,824183257886	13,8710580984
4,18	-0,750491578358	-0,678739153553	26,1260705931
4,19	-0,750491578358	-0,193925472444	29,6275027345
4,2	-0,750491578358	0	24,7793659234
4,21	-0,750491578358	0,193925472444	26,1260705931
4,22	-0,750491578358	0,630257785442	18,8538653765
4,23	-0,733038285838	0,678739153553	5,386818679
4,24	-0,733038285838	0,436332312999	17,5071607067
4,25	-0,733038285838	0,921145994108	38,2464126209
4,26	-0,715584993318	1,50292241144	33,2636053428
4,27	-0,698131700798	1,69684788388	16,6991379049
4,28	-0,680678408278	1,74532925199	6,46418241479
4,29	-0,663225115758	1,74532925199	5,79083007992
4,3	-0,645771823238	1,79381062011	12,9283648296
4,31	-0,628318530718	1,93925472444	25,0487068573
4,32	-0,610865238198	2,42406840555	25,1833773243
4,33	-0,575958653158	2,56951250988	13,7363876314
4,34	-0,558505360638	2,61799387799	9,42693268824
4,35	-0,523598775598	2,6664752461	13,7363876314
4,36	-0,506145483078	2,81191935044	25,1833773243
4,37	-0,471238898038	3,29673303154	25,0487068573
4,38	-0,436332312999	3,44217713588	12,7936943626
4,39	-0,401425727959	3,49065850399	4,71346634412
4,4	-0,366519142919	3,49065850399	1,0773637358
4,41	-0,331612557879	3,49065850399	1,0773637358
4,42	-0,296705972839	3,49065850399	4,57879587714
4,43	-0,261799387799	3,5391398721	11,9856715608
4,44	-0,226892802759	3,68458397643	21,277933782
4,45	-0,191986217719	4,12091628943	16,8338083719
4,46	-0,13962634016	4,16939765754	-0,269340933958
4,47	-0,10471975512	3,87850944888	0,942693268821
4,48	-0,0698131700798	4,16939765754	4,98280727807
4,49	-0,0174532925199	4,16939765754	-4,98280727806
4,5	0,0174532925199	3,87850944888	-0,808022801844
4,51	0,0523598775598	4,16939765754	1,21203420277
4,52	0,10471975512	4,12091628943	-12,2550124947
4,53	0,13962634016	3,73306534454	-9,42693268824
4,54	0,174532925199	3,73306534454	8,34956895245
4,55	0,209439510239	4,12091628943	7,67621661757
4,56	0,261799387799	4,12091628943	-13,1977057635
4,57	0,296705972839	3,68458397643	-20,6045814472
4,58	0,331612557879	3,5391398721	-12,7936943626
4,59	0,366519142919	3,49065850399	-9,1575917543
4,6	0,401425727959	3,44217713588	-12,9283648296
4,61	0,436332312999	3,29673303154	-21,412604249
4,62	0,471238898038	2,86040071855	-16,9684788388
4,63	0,488692190558	2,81191935044	-0,67335233487
4,64	0,523598775598	3,1028075591	-5,65615961294
4,65	0,558505360638	2,76343798232	-17,9111721077
4,66	0,575958653158	2,61799387799	-21,0085928481
4,67	0,610865238198	2,42406840555	-28,8194799326
4,68	0,628318530718	1,93925472444	-25,9914001261
4,69	0,645771823238	1,79381062011	-13,8710580984
4,7	0,663225115758	1,74532925199	-9,42693268824
4,71	0,680678408278	1,69684788388	-13,7363876314
4,72	0,698131700798	1,55140377955	-25,1833773243
4,73	0,715584993318	1,06659009844	-25,1833773243
4,74	0,715584993318	0,921145994108	-13,7363876314
4,75	0,733038285838	0,872664625997	-9,42693268824
4,76	0,733038285838	0,824183257886	-13,8710580984
4,77	0,750491578358	0,678739153553	-26,1260705931
4,78	0,750491578358	0,193925472444	-29,6275027345
4,79	0,750491578358	0	-24,7793659234
4,8	0,750491578358	-0,193925472444	-26,1260705931
4,81	0,750491578358	-0,630257785442	-18,8538653765
4,82	0,733038285838	-0,678739153553	-5,38681867899
4,83	0,733038285838	-0,436332312999	-17,5071607067
4,84	0,733038285838	-0,921145994108	-38,2464126209
4,85	0,715584993318	-1,50292241144	-33,2636053428
4,86	0,698131700798	-1,69684788388	-16,6991379049
4,87	0,680678408278	-1,74532925199	-6,46418241479
4,88	0,663225115758	-1,74532925199	-5,79083007992
4,89	0,645771823238	-1,79381062011	-12,9283648296
4,9	0,628318530718	-1,93925472444	-25,0487068573
4,91	0,610865238198	-2,42406840555	-25,1833773243
4,92	0,575958653158	-2,56951250988	-13,7363876314
4,93	0,558505360638	-2,61799387799	-9,42693268824
4,94	0,523598775598	-2,6664752461	-13,7363876314
4,95	0,506145483078	-2,81191935044	-25,1833773243
4,96	0,471238898038	-3,29673303154	-25,0487068573
4,97	0,436332312999	-3,44217713588	-12,7936943626
4,98	0,401425727959	-3,49065850399	-4,71346634412
4,99	0,366519142919	-3,49065850399	-1,0773637358
5	0,331612557879	-3,49065850399	-1,0773637358
5,01	0,296705972839	-3,49065850399	-4,57879587715
5,02	0,261799387799	-3,5391398721	-11,8510010938
5,03	0,226892802759	-3,68458397643	-20,4699109802
5,04	0,191986217719	-4,12091628943	-13,1977057635
5,05	0,13962634016	-4,12091628943	7,67621661757
5,06	0,10471975512	-3,73306534454	8,34956895244
5,07	0,0698131700798	-3,73306534454	-9,42693268824
5,08	0,0349065850399	-4,12091628943	-12,2550124947
5,09	-0,0174532925199	-4,16939765754	1,34670466975
5,1	-0,0523598775598	-3,87850944888	0,134670466972
5,11	-0,0872664625997	-4,16939765754	-0,538681867908
5,12	-0,13962634016	-4,12091628943	15,891115103
5,13	-0,174532925199	-3,68458397643	16,8338083719
5,14	-0,209439510239	-3,58762124021	1,0773637358
5,15	-0,244346095279	-3,68458397643	-11,1776487589
5,16	-0,279252680319	-4,07243492132	0,538681867902
5,17	-0,331612557879	-3,92699081699	32,7249234749
5,18	-0,366519142919	-3,05432619099	32,7249234749
5,19	-0,383972435439	-2,90888208666	0,538681867905
5,2	-0,418879020479	-3,29673303154	-11,0429782919
5,21	-0,453785605519	-3,39369576777	2,02005700462
5,22	-0,488692190558	-3,29673303154	21,412604249
5,23	-0,523598775598	-2,81191935044	27,8767866638
5,24	-0,541052068118	-2,61799387799	20,8739223811
5,25	-0,575958653158	-2,47254977366	17,9111721077
5,26	-0,593411945678	-2,13318019688	5,79083007992
5,27	-0,610865238198	-2,42406840555	1,6160456037
5,28	-0,645771823238	-2,37558703744	21,547274716
5,29	-0,663225115758	-1,89077335633	33,2636053428
5,3	-0,680678408278	-1,59988514766	33,3982758098
5,31	-0,698131700798	-1,11507146655	22,4899679848
5,32	-0,698131700798	-1,06659009844	6,19484148084
5,33	-0,715584993318	-1,308996939	17,6418311737
5,34	-0,733038285838	-0,824183257886	38,2464126209
5,35	-0,733038285838	-0,242406840555	33,2636053428
5,36	-0,733038285838	-0,048481368111	16,5644674379
5,37	-0,733038285838	0	5,65615961295
5,38	-0,733038285838	0	2,1547274716
5,39	-0,733038285838	0	5,65615961295
5,4	-0,733038285838	0,048481368111	16,5644674379
5,41	-0,733038285838	0,242406840555	33,2636053428
5,42	-0,733038285838	0,824183257886	38,2464126209
5,43	-0,715584993318	1,308996939	17,6418311737
5,44	-0,698131700798	1,06659009844	6,19484148084
5,45	-0,698131700798	1,11507146655	22,4899679848
5,46	-0,680678408278	1,59988514766	33,3982758098
5,47	-0,663225115758	1,89077335633	33,2636053428
5,48	-0,645771823238	2,37558703744	21,547274716
5,49	-0,610865238198	2,42406840555	1,6160456037
5,5	-0,593411945678	2,13318019688	5,79083007992
5,51	-0,575958653158	2,47254977366	17,7765016407
5,52	-0,541052068118	2,61799387799	20,0658995793
5,53	-0,523598775598	2,81191935044	24,2406840555
5,54	-0,488692190558	3,24825166343	14,0057285654
5,55	-0,453785605519	3,24825166343	-7,27220521665
5,56	-0,418879020479	2,86040071855	-6,59885288177
5,57	-0,401425727959	2,86040071855	17,7765016407
5,58	-0,366519142919	3,34521439966	32,320912074
5,59	-0,331612557879	3,63610260832	32,186241607
5,6	-0,296705972839	4,12091628943	16,9684788388
5,61	-0,244346095279	4,12091628943	-10,3696259571
5,62	-0,209439510239	3,68458397643	-15,6217741691
5,63	-0,174532925199	3,58762124021	0,134670466978
5,64	-0,13962634016	3,68458397643	16,6991379049
5,65	-0,10471975512	4,12091628943	15,891115103
5,66	-0,0523598775598	4,16939765754	-0,538681867903
5,67	-0,0174532925199	3,87850944888	0,134670466978
5,68	0,0174532925199	4,16939765754	1,34670466976
5,69	0,0698131700798	4,12091628943	-12,2550124947
5,7	0,10471975512	3,73306534454	-9,42693268825
5,71	0,13962634016	3,73306534454	8,34956895244
5,72	0,174532925199	4,12091628943	7,67621661757
5,73	0,226892802759	4,12091628943	-13,1977057635
5,74	0,261799387799	3,68458397643	-20,4699109802
5,75	0,296705972839	3,5391398721	-11,9856715608
5,76	0,331612557879	3,49065850399	-5,52148914597
5,77	0,366519142919	3,49065850399	-5,65615961295
5,78	0,401425727959	3,44217713588	-12,9283648296
5,79	0,436332312999	3,29673303154	-25,0487068573
5,8	0,471238898038	2,81191935044	-25,0487068573
5,81	0,488692190558	2,6664752461	-12,7936943626
5,82	0,523598775598	2,61799387799	-4,84813681109
5,83	0,541052068118	2,61799387799	-1,88538653765
5,84	0,575958653158	2,61799387799	-4,84813681109
5,85	0,593411945678	2,56951250988	-12,9283648296
5,86	0,628318530718	2,42406840555	-25,9914001261
5,87	0,645771823238	1,93925472444	-29,6275027345
5,88	0,663225115758	1,74532925199	-24,7793659234
5,89	0,680678408278	1,55140377955	-26,1260705931
5,9	0,698131700798	1,11507146655	-18,8538653765
5,91	0,698131700798	1,06659009844	-5,386818679
5,92	0,715584993318	1,308996939	-17,5071607067
5,93	0,733038285838	0,824183257886	-38,2464126209
5,94	0,733038285838	0,242406840555	-33,2636053428
5,95	0,733038285838	0,0484813681109	-16,5644674379
5,96	0,733038285838	0	-5,65615961294
5,97	0,733038285838	0	-2,1547274716
5,98	0,733038285838	0	-5,65615961294
5,99	0,733038285838	-0,0484813681109	-16,5644674379
6	0,733038285838	-0,242406840555	-33,2636053428
6,01	0,733038285838	-0,824183257886	-38,2464126209
6,02	0,715584993318	-1,308996939	-17,6418311737
6,03	0,698131700798	-1,06659009844	-6,19484148085
6,04	0,698131700798	-1,11507146655	-22,4899679848
6,05	0,680678408278	-1,59988514766	-33,3982758098
6,06	0,663225115758	-1,89077335633	-33,2636053428
6,07	0,645771823238	-2,37558703744	-21,547274716
6,08	0,610865238198	-2,42406840555	-1,6160456037
6,09	0,593411945678	-2,13318019688	-5,79083007992
6,1	0,575958653158	-2,47254977366	-17,7765016407
6,11	0,541052068118	-2,61799387799	-20,0658995793
6,12	0,523598775598	-2,81191935044	-24,2406840555
6,13	0,488692190558	-3,24825166343	-14,0057285654
6,14	0,453785605519	-3,24825166343	7,27220521664
6,15	0,418879020479	-2,86040071855	6,59885288177
6,16	0,401425727959	-2,86040071855	-17,7765016407
6,17	0,366519142919	-3,34521439966	-32,320912074
6,18	0,331612557879	-3,63610260832	-32,186241607
6,19	0,296705972839	-4,12091628943	-16,9684788388
6,2	0,244346095279	-4,12091628943	10,3696259571
6,21	0,209439510239	-3,68458397643	15,6217741691
6,22	0,174532925199	-3,58762124021	-0,134670466971
6,23	0,13962634016	-3,68458397643	-16,6991379049
6,24	0,10471975512	-4,12091628943	-15,891115103
6,25	0,0523598775598	-4,16939765754	0,538681867896
6,26	0,0174532925199	-3,87850944888	4,98366779943E-012
6,27	-0,0174532925199	-4,16939765754	-0,538681867893
6,28	-0,0698131700798	-4,12091628943	15,891115103
6,29	-0,10471975512	-3,68458397643	16,6991379049
6,3	-0,13962634016	-3,58762124021	0,13467046697
6,31	-0,174532925199	-3,68458397643	-15,7564446361
6,32	-0,209439510239	-4,12091628943	-11,3123192259
6,33	-0,261799387799	-4,12091628943	12,5243534287
6,34	-0,296705972839	-3,68458397643	21,277933782
6,35	-0,331612557879	-3,5391398721	16,4297969709
6,36	-0,366519142919	-3,44217713588	16,5644674379
6,37	-0,401425727959	-3,29673303154	22,2206270509
6,38	-0,436332312999	-2,86040071855	17,1031493058
6,39	-0,453785605519	-2,81191935044	0,673352334873
6,4	-0,488692190558	-3,1028075591	5,65615961294
6,41	-0,523598775598	-2,76343798232	17,7765016407
6,42	-0,541052068118	-2,61799387799	20,2005700462
6,43	-0,575958653158	-2,42406840555	25,1833773243
6,44	-0,593411945678	-1,98773609255	18,5845244425
6,45	-0,610865238198	-1,93925472444	4,44412541017
6,46	-0,628318530718	-2,18166156499	12,9283648296
6,47	-0,663225115758	-1,74532925199	26,3954115271
6,48	-0,663225115758	-1,308996939	12,9283648296
6,49	-0,680678408278	-1,55140377955	4,44412541017
6,5	-0,698131700798	-1,50292241144	18,7191949095
6,51	-0,715584993318	-1,06659009844	26,1260705931
6,52	-0,715584993318	-0,872664625997	24,7793659234
6,53	-0,733038285838	-0,678739153553	29,7621732015
6,54	-0,733038285838	-0,193925472444	26,934093395
6,55	-0,733038285838	-0,048481368111	17,6418311737
6,56	-0,733038285838	0,048481368111	17,5071607067
6,57	-0,733038285838	0,193925472444	25,9914001262
6,58	-0,733038285838	0,678739153553	25,3180477913
6,59	-0,715584993318	0,824183257886	13,7363876314
6,6	-0,715584993318	0,872664625997	9,42693268824
6,61	-0,698131700798	0,921145994108	13,7363876314
6,62	-0,698131700798	1,06659009844	25,1833773243
6,63	-0,680678408278	1,55140377955	25,1833773243
6,64	-0,663225115758	1,69684788388	13,7363876314
6,65	-0,645771823238	1,74532925199	9,42693268824
6,66	-0,628318530718	1,79381062011	13,8710580984
6,67	-0,610865238198	1,93925472444	25,9914001262
6,68	-0,593411945678	2,42406840555	28,8194799326
6,69	-0,558505360638	2,61799387799	21,0085928481
6,7	-0,541052068118	2,76343798232	17,9111721077
6,71	-0,506145483078	3,1028075591	5,65615961294
6,72	-0,471238898038	2,81191935044	0,673352334876
6,73	-0,453785605519	2,86040071855	16,9684788388
6,74	-0,418879020479	3,29673303154	21,277933782
6,75	-0,383972435439	3,44217713588	12,1203420277
6,76	-0,349065850399	3,49065850399	5,52148914597
6,77	-0,314159265359	3,49065850399	5,52148914597
6,78	-0,279252680319	3,5391398721	11,9856715608
6,79	-0,244346095279	3,68458397643	20,4699109802
6,8	-0,209439510239	4,12091628943	13,1977057635
6,81	-0,157079632679	4,12091628943	-7,67621661757
6,82	-0,12217304764	3,73306534454	-8,48423941942
6,83	-0,0872664625997	3,73306534454	8,61890988639
6,84	-0,0523598775598	4,12091628943	8,61890988639
6,85	0	4,12091628943	-8,61890988639
6,86	0,0349065850399	3,73306534454	-8,61890988639
6,87	0,0698131700798	3,73306534454	8,48423941942
6,88	0,10471975512	4,12091628943	7,67621661757
6,89	0,157079632679	4,12091628943	-13,1977057635
6,9	0,191986217719	3,68458397643	-20,4699109802
6,91	0,226892802759	3,5391398721	-11,8510010938
6,92	0,261799387799	3,49065850399	-4,57879587715
6,93	0,296705972839	3,49065850399	-1,0773637358
6,94	0,331612557879	3,49065850399	-1,0773637358
6,95	0,366519142919	3,49065850399	-4,57879587715
6,96	0,401425727959	3,44217713588	-11,9856715608
6,97	0,436332312999	3,29673303154	-21,412604249
6,98	0,471238898038	2,86040071855	-17,7765016407
6,99	0,488692190558	2,81191935044	-4,30945494319
7	0,523598775598	3,05432619099	-12,9283648296
7,01	0,558505360638	2,61799387799	-26,3954115271
7,02	0,575958653158	2,18166156499	-13,0630352966
7,03	0,593411945678	2,42406840555	-5,25214821202
7,04	0,628318530718	2,37558703744	-22,3552975178
7,05	0,645771823238	1,89077335633	-33,3982758098
7,06	0,663225115758	1,59988514766	-33,2636053428
7,07	0,680678408278	1,11507146655	-21,547274716
7,08	0,680678408278	1,06659009844	-1,61604560369
7,09	0,698131700798	1,35747830711	-5,79083007992
7,1	0,715584993318	1,01810873033	-17,9111721077
7,11	0,715584993318	0,872664625997	-21,0085928481
7,12	0,733038285838	0,678739153553	-28,9541503996
7,13	0,733038285838	0,193925472444	-26,799422928
7,14	0,733038285838	0,0484813681109	-17,6418311737
7,15	0,733038285838	-0,0484813681109	-17,5071607067
7,16	0,733038285838	-0,193925472444	-25,9914001261
7,17	0,733038285838	-0,678739153553	-25,3180477913
7,18	0,715584993318	-0,824183257886	-13,7363876314
7,19	0,715584993318	-0,872664625997	-9,42693268825
7,2	0,698131700798	-0,921145994108	-13,7363876314
7,21	0,698131700798	-1,06659009844	-25,3180477913
7,22	0,680678408278	-1,55140377955	-25,9914001261
7,23	0,663225115758	-1,69684788388	-17,5071607067
7,24	0,645771823238	-1,79381062011	-17,5071607067
7,25	0,628318530718	-1,93925472444	-25,9914001261
7,26	0,610865238198	-2,42406840555	-25,3180477913
7,27	0,575958653158	-2,56951250988	-13,6017171645
7,28	0,558505360638	-2,61799387799	-8,48423941942
7,29	0,523598775598	-2,6664752461	-9,15759175429
7,3	0,506145483078	-2,76343798232	-13,3323762305
7,31	0,471238898038	-3,1028075591	-4,71346634412
7,32	0,436332312999	-2,81191935044	-0,538681867895
7,33	0,418879020479	-2,86040071855	-16,9684788388
7,34	0,383972435439	-3,29673303154	-21,412604249
7,35	0,349065850399	-3,44217713588	-12,9283648296
7,36	0,314159265359	-3,49065850399	-9,1575917543
7,37	0,279252680319	-3,5391398721	-12,7936943626
7,38	0,244346095279	-3,68458397643	-20,6045814472
7,39	0,209439510239	-4,12091628943	-13,1977057635
7,4	0,157079632679	-4,12091628943	7,67621661757
7,41	0,12217304764	-3,73306534454	8,48423941942
7,42	0,0872664625997	-3,73306534454	-8,61890988639
7,43	0,0523598775598	-4,12091628943	-8,61890988639
7,44	0	-4,12091628943	8,61890988639
7,45	-0,0349065850399	-3,73306534454	8,61890988639
7,46	-0,0698131700798	-3,73306534454	-8,48423941942
7,47	-0,10471975512	-4,12091628943	-7,67621661757
7,48	-0,157079632679	-4,12091628943	13,1977057635
7,49	-0,191986217719	-3,68458397643	20,4699109802
7,5	-0,226892802759	-3,5391398721	11,8510010938
7,51	-0,261799387799	-3,49065850399	4,57879587715
7,52	-0,296705972839	-3,49065850399	1,0773637358
7,53	-0,331612557879	-3,49065850399	1,0773637358
7,54	-0,366519142919	-3,49065850399	4,71346634412
7,55	-0,401425727959	-3,44217713588	12,7936943626
7,56	-0,436332312999	-3,29673303154	25,0487068573
7,57	-0,471238898038	-2,81191935044	25,1833773243
7,58	-0,488692190558	-2,6664752461	13,7363876314
7,59	-0,523598775598	-2,61799387799	9,42693268824
7,6	-0,541052068118	-2,56951250988	13,7363876314
7,61	-0,575958653158	-2,42406840555	25,1833773243
7,62	-0,593411945678	-1,93925472444	25,0487068573
7,63	-0,610865238198	-1,79381062011	12,9283648296
7,64	-0,628318530718	-1,74532925199	5,65615961295
7,65	-0,645771823238	-1,74532925199	5,65615961294
7,66	-0,663225115758	-1,69684788388	13,0630352966
7,67	-0,680678408278	-1,55140377955	25,9914001262
7,68	-0,698131700798	-1,06659009844	29,6275027345
7,69	-0,698131700798	-0,872664625997	24,7793659234
7,7	-0,715584993318	-0,678739153553	26,1260705931
7,71	-0,715584993318	-0,242406840555	18,7191949095
7,72	-0,715584993318	-0,193925472444	4,57879587715
7,73	-0,715584993318	-0,436332312999	13,7363876314
7,74	-0,733038285838	0	30,1661846024
7,75	-0,715584993318	0,48481368111	21,1432633151
7,76	-0,715584993318	0,339369576777	17,5071607067
7,77	-0,715584993318	0,727220521664	22,4899679848
7,78	-0,698131700798	0,872664625997	21,9512861169
7,79	-0,698131700798	1,06659009844	28,9541503996
7,8	-0,680678408278	1,55140377955	25,8567296592
7,81	-0,663225115758	1,69684788388	13,0630352966
7,82	-0,645771823238	1,74532925199	5,65615961294
7,83	-0,628318530718	1,74532925199	5,65615961295
7,84	-0,610865238198	1,79381062011	13,0630352966
7,85	-0,593411945678	1,93925472444	25,8567296592
7,86	-0,575958653158	2,42406840555	28,8194799326
7,87	-0,541052068118	2,61799387799	21,0085928481
7,88	-0,523598775598	2,76343798232	17,9111721077
7,89	-0,488692190558	3,1028075591	5,65615961294
7,9	-0,453785605519	2,81191935044	0,673352334873
7,91	-0,436332312999	2,86040071855	16,9684788388
7,92	-0,401425727959	3,29673303154	21,277933782
7,93	-0,366519142919	3,44217713588	11,9856715608
7,94	-0,331612557879	3,49065850399	4,71346634412
7,95	-0,296705972839	3,49065850399	1,88538653765
7,96	-0,261799387799	3,49065850399	4,71346634412
7,97	-0,226892802759	3,5391398721	11,8510010938
7,98	-0,191986217719	3,68458397643	20,4699109802
7,99	-0,157079632679	4,12091628943	13,1977057635
8	-0,10471975512	4,12091628943	-7,67621661757
8,01	-0,0698131700798	3,73306534454	-8,48423941942
8,02	-0,0349065850399	3,73306534454	8,61890988639
8,03	0	4,12091628943	8,61890988639
8,04	0,0523598775598	4,12091628943	-8,61890988639
8,05	0,0872664625997	3,73306534454	-8,61890988639
8,06	0,12217304764	3,73306534454	8,48423941942
8,07	0,157079632679	4,12091628943	7,67621661757
8,08	0,209439510239	4,12091628943	-13,3323762305
8,09	0,244346095279	3,68458397643	-21,412604249
8,1	0,279252680319	3,5391398721	-16,4297969709
8,11	0,314159265359	3,44217713588	-16,4297969709
8,12	0,349065850399	3,29673303154	-21,412604249
8,13	0,383972435439	2,86040071855	-13,3323762305
8,14	0,401425727959	2,86040071855	7,54154615059
8,15	0,436332312999	3,24825166343	7,40687568362
8,16	0,471238898038	3,24825166343	-14,0057285654
8,17	0,506145483078	2,81191935044	-24,2406840555
8,18	0,523598775598	2,61799387799	-20,0658995793
8,19	0,558505360638	2,47254977366	-17,7765016407
8,2	0,575958653158	2,13318019688	-5,79083007992
8,21	0,593411945678	2,42406840555	-1,6160456037
8,22	0,628318530718	2,37558703744	-21,681945183
8,23	0,645771823238	1,89077335633	-34,0716281446
8,24	0,663225115758	1,59988514766	-37,0343784181
8,25	0,680678408278	1,06659009844	-29,7621732014
8,26	0,680678408278	0,921145994108	-14,5444104333
8,27	0,698131700798	0,872664625997	-8,61890988639
8,28	0,698131700798	0,824183257886	-9,29226222127
8,29	0,715584993318	0,727220521664	-14,2750694993
8,3	0,715584993318	0,387850944888	-9,29226222127
8,31	0,715584993318	0,630257785442	-12,5243534287
8,32	0,733038285838	0,436332312998	-38,2464126209
8,33	0,733038285838	-0,436332312998	-38,2464126209
8,34	0,715584993318	-0,630257785442	-12,6590238956
8,35	0,715584993318	-0,387850944888	-10,2349554901
8,36	0,715584993318	-0,727220521664	-18,8538653765
8,37	0,698131700798	-0,872664625997	-21,1432633151
8,38	0,698131700798	-1,06659009844	-28,8194799326
8,39	0,680678408278	-1,55140377955	-25,9914001261
8,4	0,663225115758	-1,69684788388	-13,8710580984
8,41	0,645771823238	-1,74532925199	-9,29226222127
8,42	0,628318530718	-1,79381062011	-12,9283648296
8,43	0,610865238198	-1,93925472444	-21,547274716
8,44	0,593411945678	-2,37558703744	-17,9111721077
8,45	0,558505360638	-2,42406840555	-5,11747774505
8,46	0,541052068118	-2,18166156499	-16,5644674379
8,47	0,523598775598	-2,6664752461	-33,6676167437
8,48	0,488692190558	-3,19977029532	-21,412604249
8,49	0,453785605519	-3,24825166343	3,7707730753
8,5	0,418879020479	-2,86040071855	6,73352334875
8,51	0,401425727959	-2,86040071855	-13,3323762305
8,52	0,366519142919	-3,29673303154	-20,6045814472
8,53	0,331612557879	-3,44217713588	-12,7936943626
8,54	0,296705972839	-3,49065850399	-9,15759175429
8,55	0,261799387799	-3,5391398721	-12,7936943626
8,56	0,226892802759	-3,68458397643	-20,4699109802
8,57	0,191986217719	-4,12091628943	-12,3896829617
8,58	0,13962634016	-4,12091628943	11,3123192259
8,59	0,10471975512	-3,68458397643	15,7564446361
8,6	0,0698131700798	-3,58762124021	4,98366779943E-012
8,61	0,0349065850399	-3,68458397643	-15,891115103
8,62	0	-4,12091628943	-12,2550124947
8,63	-0,0523598775598	-4,12091628943	7,81088708454
8,64	-0,0872664625997	-3,73306534454	8,48423941941
8,65	-0,12217304764	-3,73306534454	-8,48423941942
8,66	-0,157079632679	-4,12091628943	-7,67621661757
8,67	-0,209439510239	-4,12091628943	13,3323762305
8,68	-0,244346095279	-3,68458397643	21,412604249
8,69	-0,279252680319	-3,5391398721	16,4297969709
8,7	-0,314159265359	-3,44217713588	16,4297969709
8,71	-0,349065850399	-3,29673303154	21,412604249
8,72	-0,383972435439	-2,86040071855	13,3323762305
8,73	-0,401425727959	-2,86040071855	-7,54154615059
8,74	-0,436332312999	-3,24825166343	-7,40687568361
8,75	-0,471238898038	-3,24825166343	14,1403990324
8,76	-0,506145483078	-2,81191935044	25,1833773243
8,77	-0,523598775598	-2,61799387799	24,6446954564
8,78	-0,558505360638	-2,42406840555	29,6275027345
8,79	-0,575958653158	-1,93925472444	25,9914001262
8,8	-0,593411945678	-1,79381062011	12,9283648296
8,81	-0,610865238198	-1,74532925199	4,84813681109
8,82	-0,628318530718	-1,74532925199	1,88538653765
8,83	-0,645771823238	-1,74532925199	4,84813681109
8,84	-0,663225115758	-1,69684788388	12,9283648296
8,85	-0,680678408278	-1,55140377955	25,9914001262
8,86	-0,698131700798	-1,06659009844	29,7621732014
8,87	-0,698131700798	-0,872664625997	25,5873887252
8,88	-0,715584993318	-0,678739153553	29,7621732014
8,89	-0,715584993318	-0,193925472444	26,1260705931
8,9	-0,715584993318	-0,048481368111	13,8710580984
8,91	-0,715584993318	0	9,42693268824
8,92	-0,715584993318	0,048481368111	13,8710580984
8,93	-0,715584993318	0,193925472444	26,1260705931
8,94	-0,715584993318	0,678739153553	29,7621732014
8,95	-0,698131700798	0,872664625997	25,5873887252
8,96	-0,698131700798	1,06659009844	29,7621732014
8,97	-0,680678408278	1,55140377955	25,9914001262
8,98	-0,663225115758	1,69684788388	12,9283648296
8,99	-0,645771823238	1,74532925199	4,84813681109
9	-0,628318530718	1,74532925199	1,88538653765
9,01	-0,610865238198	1,74532925199	4,84813681109
9,02	-0,593411945678	1,79381062011	12,9283648296
9,03	-0,575958653158	1,93925472444	25,8567296592
9,04	-0,558505360638	2,42406840555	28,8194799326
9,05	-0,523598775598	2,61799387799	21,0085928481
9,06	-0,506145483078	2,76343798232	17,9111721077
9,07	-0,471238898038	3,1028075591	5,65615961295
9,08	-0,436332312999	2,81191935044	0,673352334879
9,09	-0,418879020479	2,86040071855	16,9684788388
9,1	-0,383972435439	3,29673303155	21,277933782
9,11	-0,349065850399	3,44217713588	12,1203420277
9,12	-0,314159265359	3,49065850399	5,52148914597
9,13	-0,279252680319	3,49065850399	5,52148914597
9,14	-0,244346095279	3,5391398721	11,9856715608
9,15	-0,209439510239	3,68458397643	20,3352405132
9,16	-0,174532925199	4,12091628943	12,3896829617
9,17	-0,12217304764	4,12091628943	-11,3123192259
9,18	-0,0872664625997	3,68458397643	-15,7564446361
9,19	-0,0523598775598	3,58762124021	-6,47013307129E-012
9,2	-0,0174532925199	3,68458397643	15,7564446361
9,21	0,0174532925199	4,12091628943	11,3123192259
9,22	0,0698131700798	4,12091628943	-12,3896829617
9,23	0,10471975512	3,68458397643	-20,3352405132
9,24	0,13962634016	3,5391398721	-11,8510010938
9,25	0,174532925199	3,49065850399	-4,57879587714
9,26	0,209439510239	3,49065850399	-0,942693268826
9,27	0,244346095279	3,49065850399	-0,134670466975
9,28	0,279252680319	3,49065850399	-0,134670466974
9,29	0,314159265359	3,49065850399	-0,942693268829
9,3	0,349065850399	3,49065850399	-4,57879587715
9,31	0,383972435439	3,44217713588	-11,9856715608
9,32	0,418879020479	3,29673303154	-21,412604249
9,33	0,453785605519	2,86040071855	-17,7765016407
9,34	0,471238898038	2,81191935044	-4,30945494319
9,35	0,506145483078	3,05432619099	-12,9283648296
9,36	0,541052068118	2,61799387799	-26,3954115271
9,37	0,558505360638	2,18166156499	-13,0630352966
9,38	0,575958653158	2,42406840555	-5,25214821202
9,39	0,610865238198	2,37558703744	-22,3552975178
9,4	0,628318530718	1,89077335633	-33,3982758098
9,41	0,645771823238	1,59988514766	-33,2636053428
9,42	0,663225115758	1,11507146655	-21,547274716
9,43	0,663225115758	1,06659009844	-1,6160456037
9,44	0,680678408278	1,35747830711	-5,79083007992
9,45	0,698131700798	1,01810873033	-17,9111721077
9,46	0,698131700798	0,872664625997	-21,0085928481
9,47	0,715584993318	0,678739153553	-28,8194799326
9,48	0,715584993318	0,193925472444	-25,9914001262
9,49	0,715584993318	0,048481368111	-13,8710580984
9,5	0,715584993318	0	-9,42693268824
9,51	0,715584993318	-0,048481368111	-13,8710580984
9,52	0,715584993318	-0,193925472444	-26,1260705931
9,53	0,715584993318	-0,678739153553	-29,7621732015
9,54	0,698131700798	-0,872664625997	-25,5873887252
9,55	0,698131700798	-1,06659009844	-29,7621732014
9,56	0,680678408278	-1,55140377955	-25,9914001261
9,57	0,663225115758	-1,69684788388	-13,0630352966
9,58	0,645771823238	-1,74532925199	-5,65615961295
9,59	0,628318530718	-1,74532925199	-5,65615961294
9,6	0,610865238198	-1,79381062011	-12,9283648296
9,61	0,593411945678	-1,93925472444	-25,0487068573
9,62	0,575958653158	-2,42406840555	-25,1833773243
9,63	0,541052068118	-2,56951250988	-13,6017171645
9,64	0,523598775598	-2,61799387799	-8,48423941942
9,65	0,488692190558	-2,6664752461	-9,15759175429
9,66	0,471238898038	-2,76343798232	-13,3323762305
9,67	0,436332312999	-3,1028075591	-4,71346634412
9,68	0,401425727959	-2,81191935044	-0,538681867901
9,69	0,383972435439	-2,86040071855	-17,1031493058
9,7	0,349065850399	-3,29673303154	-22,2206270509
9,71	0,314159265359	-3,44217713588	-16,5644674379
9,72	0,279252680319	-3,5391398721	-16,4297969709
9,73	0,244346095279	-3,68458397643	-21,277933782
9,74	0,209439510239	-4,12091628943	-12,5243534287
9,75	0,157079632679	-4,12091628943	11,3123192259
9,76	0,12217304764	-3,68458397643	15,7564446361
9,77	0,0872664625997	-3,58762124021	3,01117155901E-012
9,78	0,0523598775598	-3,68458397643	-15,7564446361
9,79	0,0174532925199	-4,12091628943	-11,3123192259
9,8	-0,0349065850399	-4,12091628943	12,3896829617
9,81	-0,0698131700798	-3,68458397643	20,2005700462
9,82	-0,10471975512	-3,5391398721	11,0429782919
9,83	-0,13962634016	-3,49065850399	0,942693268822
9,84	-0,174532925199	-3,5391398721	-6,32951194782
9,85	-0,209439510239	-3,63610260832	-8,34956895244
9,86	-0,244346095279	-3,92699081699	8,08022801849
9,87	-0,296705972839	-3,49065850399	24,6446954564
9,88	-0,314159265359	-3,05432619099	9,02292128731
9,89	-0,349065850399	-3,34521439966	-3,90544354227
9,9	-0,383972435439	-3,39369576777	4,71346634413
9,91	-0,418879020479	-3,29673303154	17,7765016407
9,92	-0,453785605519	-2,86040071855	17,1031493058
9,93	-0,471238898038	-2,81191935044	5,11747774505
9,94	-0,506145483078	-3,05432619099	17,5071607067
9,95	-0,541052068118	-2,56951250988	38,2464126209
9,96	-0,558505360638	-1,98773609255	33,2636053428
9,97	-0,575958653158	-1,79381062011	16,5644674379
9,98	-0,593411945678	-1,74532925199	5,65615961294
9,99	-0,610865238198	-1,74532925199	2,02005700462
10	-0,628318530718	-1,74532925199	4,8481368111
10,01	-0,645771823238	-1,69684788388	12,9283648296
10,02	-0,663225115758	-1,55140377955	25,8567296592
10,03	-0,680678408278	-1,06659009844	28,8194799326
10,04	-0,680678408278	-0,872664625997	21,1432633151
10,05	-0,698131700798	-0,727220521664	18,8538653765
10,06	-0,698131700798	-0,387850944888	10,2349554901
10,07	-0,698131700798	-0,630257785442	12,6590238956
10,08	-0,715584993318	-0,436332312999	38,2464126209
10,09	-0,715584993318	0,436332312999	38,2464126209
10,1	-0,698131700798	0,630257785442	12,6590238956
10,11	-0,698131700798	0,387850944888	10,1002850231
10,12	-0,698131700798	0,727220521664	17,9111721077
10,13	-0,680678408278	0,872664625997	16,5644674379
10,14	-0,680678408278	1,01810873033	17,1031493058
10,15	-0,663225115758	1,35747830711	6,46418241479
10,16	-0,645771823238	1,06659009844	5,25214821201
10,17	-0,645771823238	1,16355283466	28,9541503996
10,18	-0,628318530718	1,74532925199	42,5558675641
10,19	-0,610865238198	2,32710566933	28,9541503996
10,2	-0,575958653158	2,42406840555	5,25214821203
10,21	-0,558505360638	2,13318019688	6,59885288177
10,22	-0,541052068118	2,47254977366	17,9111721077
10,23	-0,506145483078	2,61799387799	20,0658995793
10,24	-0,488692190558	2,81191935044	24,2406840555
10,25	-0,453785605519	3,24825166343	14,0057285654
10,26	-0,418879020479	3,24825166343	-7,40687568361
10,27	-0,383972435439	2,86040071855	-7,54154615059
10,28	-0,366519142919	2,86040071855	13,3323762305
10,29	-0,331612557879	3,29673303155	21,412604249
10,3	-0,296705972839	3,44217713588	16,4297969709
10,31	-0,261799387799	3,5391398721	16,4297969709
10,32	-0,226892802759	3,68458397643	21,277933782
10,33	-0,191986217719	4,12091628943	12,5243534287
10,34	-0,13962634016	4,12091628943	-11,3123192259
10,35	-0,10471975512	3,68458397643	-15,7564446361
10,36	-0,0698131700798	3,58762124021	3,18757366181E-012
10,37	-0,0349065850399	3,68458397643	15,7564446361
10,38	0	4,12091628943	11,3123192259
10,39	0,0523598775598	4,12091628943	-12,3896829617
10,4	0,0872664625997	3,68458397643	-20,3352405132
10,41	0,12217304764	3,5391398721	-11,8510010938
10,42	0,157079632679	3,49065850399	-4,57879587715
10,43	0,191986217719	3,49065850399	-0,942693268824
10,44	0,226892802759	3,49065850399	-0,134670466973
10,45	0,261799387799	3,49065850399	-0,134670466977
10,46	0,296705972839	3,49065850399	-0,942693268824
10,47	0,331612557879	3,49065850399	-4,71346634412
10,48	0,366519142919	3,44217713588	-12,7936943626
10,49	0,401425727959	3,29673303154	-25,0487068573
10,5	0,436332312999	2,81191935044	-25,0487068573
10,51	0,453785605519	2,6664752461	-12,7936943626
10,52	0,488692190558	2,61799387799	-4,84813681109
10,53	0,506145483078	2,61799387799	-1,88538653765
10,54	0,541052068118	2,61799387799	-4,8481368111
10,55	0,558505360638	2,56951250988	-12,9283648296
10,56	0,593411945678	2,42406840555	-25,9914001262
10,57	0,610865238198	1,93925472444	-29,6275027345
10,58	0,628318530718	1,74532925199	-24,7793659234
10,59	0,645771823238	1,55140377955	-26,1260705931
10,6	0,663225115758	1,11507146655	-18,7191949095
10,61	0,663225115758	1,06659009844	-4,44412541017
10,62	0,680678408278	1,308996939	-12,9283648296
10,63	0,698131700798	0,872664625997	-26,530081994
10,64	0,698131700798	0,436332312999	-13,8710580984
10,65	0,698131700798	0,678739153553	-8,88825082034
10,66	0,715584993318	0,581776417332	-29,7621732015
10,67	0,715584993318	0	-42,690538031
10,68	0,715584993318	-0,581776417332	-28,9541503996
10,69	0,698131700798	-0,678739153553	-5,25214821202
10,7	0,698131700798	-0,387850944888	-6,59885288177
10,71	0,698131700798	-0,727220521664	-18,0458425746
10,72	0,680678408278	-0,872664625997	-21,0085928481
10,73	0,680678408278	-1,06659009844	-28,8194799326
10,74	0,663225115758	-1,55140377955	-25,8567296592
10,75	0,645771823238	-1,69684788388	-13,0630352966
10,76	0,628318530718	-1,74532925199	-5,65615961294
10,77	0,610865238198	-1,74532925199	-5,65615961295
10,78	0,593411945678	-1,79381062011	-12,9283648296
10,79	0,575958653158	-1,93925472444	-25,0487068573
10,8	0,558505360638	-2,42406840555	-25,1833773243
10,81	0,523598775598	-2,56951250988	-13,7363876314
10,82	0,506145483078	-2,61799387799	-9,42693268824
10,83	0,471238898038	-2,6664752461	-13,7363876314
10,84	0,453785605519	-2,81191935044	-25,1833773243
10,85	0,418879020479	-3,29673303154	-25,0487068573
10,86	0,383972435439	-3,44217713588	-12,7936943626
10,87	0,349065850399	-3,49065850399	-4,71346634412
10,88	0,314159265359	-3,49065850399	-0,942693268829
10,89	0,279252680319	-3,49065850399	-0,134670466974
10,9	0,244346095279	-3,49065850399	-3,34300488526E-013
10,91	0,209439510239	-3,49065850399	-0,134670466977
10,92	0,174532925199	-3,49065850399	-0,942693268822
10,93	0,13962634016	-3,49065850399	-4,57879587715
10,94	0,10471975512	-3,5391398721	-11,8510010938
10,95	0,0698131700798	-3,68458397643	-20,3352405132
10,96	0,0349065850399	-4,12091628943	-12,2550124947
10,97	-0,0174532925199	-4,12091628943	12,2550124947
10,98	-0,0523598775598	-3,68458397643	20,3352405132
10,99	-0,0872664625997	-3,5391398721	11,8510010938
11	-0,12217304764	-3,49065850399	4,57879587715
11,01	-0,157079632679	-3,49065850399	0,942693268824
11,02	-0,191986217719	-3,49065850399	0,134670466973
11,03	-0,226892802759	-3,49065850399	1,97619698383E-012
11,04	-0,261799387799	-3,49065850399	0,134670466975
11,05	-0,296705972839	-3,49065850399	0,942693268822
11,06	-0,331612557879	-3,49065850399	4,57879587715
11,07	-0,366519142919	-3,44217713588	11,9856715608
11,08	-0,401425727959	-3,29673303154	21,412604249
11,09	-0,436332312999	-2,86040071855	17,7765016407
11,1	-0,453785605519	-2,81191935044	4,3094549432
11,11	-0,488692190558	-3,05432619099	12,9283648296
11,12	-0,523598775598	-2,61799387799	26,3954115271
11,13	-0,541052068118	-2,18166156499	13,0630352966
11,14	-0,558505360638	-2,42406840555	5,25214821202
11,15	-0,593411945678	-2,37558703744	22,3552975178
11,16	-0,610865238198	-1,89077335633	33,3982758098
11,17	-0,628318530718	-1,59988514766	33,2636053428
11,18	-0,645771823238	-1,11507146655	21,547274716
11,19	-0,645771823238	-1,06659009844	1,61604560369
11,2	-0,663225115758	-1,35747830711	5,79083007992
11,21	-0,680678408278	-1,01810873033	17,9111721077
11,22	-0,680678408278	-0,872664625997	21,0085928481
11,23	-0,698131700798	-0,678739153553	28,8194799326
11,24	-0,698131700798	-0,193925472444	25,9914001261
11,25	-0,698131700798	-0,0484813681109	13,8710580984
11,26	-0,698131700798	0	9,42693268824
11,27	-0,698131700798	0,0484813681109	13,8710580984
11,28	-0,698131700798	0,193925472444	25,9914001261
11,29	-0,698131700798	0,678739153553	28,8194799326
11,3	-0,680678408278	0,872664625997	21,0085928481
11,31	-0,680678408278	1,01810873033	18,0458425746
11,32	-0,663225115758	1,35747830711	6,59885288177
11,33	-0,645771823238	1,06659009844	5,25214821201
11,34	-0,645771823238	1,16355283466	28,9541503996
11,35	-0,628318530718	1,74532925199	42,5558675641
11,36	-0,610865238198	2,32710566933	28,9541503996
11,37	-0,575958653158	2,42406840555	5,11747774505
11,38	-0,558505360638	2,13318019688	5,65615961295
11,39	-0,541052068118	2,47254977366	13,4670466975
11,4	-0,506145483078	2,56951250988	9,15759175429
11,41	-0,488692190558	2,61799387799	8,48423941941
11,42	-0,453785605519	2,6664752461	13,6017171645
11,43	-0,436332312999	2,81191935044	25,1833773243
11,44	-0,401425727959	3,29673303154	25,0487068573
11,45	-0,366519142919	3,44217713588	12,7936943626
11,46	-0,331612557879	3,49065850399	4,71346634412
11,47	-0,296705972839	3,49065850399	0,942693268822
11,48	-0,261799387799	3,49065850399	0,134670466975
11,49	-0,226892802759	3,49065850399	1,97619698383E-012
11,5	-0,191986217719	3,49065850399	0,134670466973
11,51	-0,157079632679	3,49065850399	0,942693268824
11,52	-0,12217304764	3,49065850399	4,57879587715
11,53	-0,0872664625997	3,5391398721	11,8510010938
11,54	-0,0523598775598	3,68458397643	20,3352405132
11,55	-0,0174532925199	4,12091628943	12,2550124947
11,56	0,0349065850399	4,12091628943	-12,2550124947
11,57	0,0698131700798	3,68458397643	-20,3352405132
11,58	0,10471975512	3,5391398721	-11,8510010938
11,59	0,13962634016	3,49065850399	-4,57879587715
11,6	0,174532925199	3,49065850399	-0,942693268822
11,61	0,209439510239	3,49065850399	-0,134670466977
11,62	0,244346095279	3,49065850399	-0,134670466975
11,63	0,279252680319	3,49065850399	-0,942693268824
11,64	0,314159265359	3,49065850399	-4,57879587715
11,65	0,349065850399	3,44217713588	-11,9856715608
11,66	0,383972435439	3,29673303154	-21,412604249
11,67	0,418879020479	2,86040071855	-17,7765016407
11,68	0,436332312999	2,81191935044	-4,30945494319
11,69	0,471238898038	3,05432619099	-12,9283648296
11,7	0,506145483078	2,61799387799	-26,3954115271
11,71	0,523598775598	2,18166156499	-12,9283648296
11,72	0,541052068118	2,42406840555	-4,30945494319
11,73	0,575958653158	2,37558703744	-17,9111721077
11,74	0,593411945678	1,93925472444	-22,3552975178
11,75	0,610865238198	1,79381062011	-16,6991379049
11,76	0,628318530718	1,69684788388	-17,3724902398
11,77	0,645771823238	1,55140377955	-25,9914001262
11,78	0,663225115758	1,06659009844	-25,3180477913
11,79	0,663225115758	0,921145994108	-13,7363876314
11,8	0,680678408278	0,872664625997	-9,42693268824
11,81	0,680678408278	0,824183257886	-13,7363876314
11,82	0,698131700798	0,678739153553	-25,1833773243
11,83	0,698131700798	0,193925472444	-25,1833773243
11,84	0,698131700798	0,048481368111	-13,7363876314
11,85	0,698131700798	0	-9,42693268824
11,86	0,698131700798	-0,048481368111	-13,8710580984
11,87	0,698131700798	-0,193925472444	-26,1260705931
11,88	0,698131700798	-0,678739153553	-29,7621732014
11,89	0,680678408278	-0,872664625997	-25,5873887252
11,9	0,680678408278	-1,06659009844	-29,7621732014
11,91	0,663225115758	-1,55140377955	-25,9914001262
11,92	0,645771823238	-1,69684788388	-13,0630352966
11,93	0,628318530718	-1,74532925199	-5,65615961294
11,94	0,610865238198	-1,74532925199	-5,52148914597
11,95	0,593411945678	-1,79381062011	-12,1203420277
11,96	0,575958653158	-1,93925472444	-21,412604249
11,97	0,558505360638	-2,37558703744	-17,9111721077
11,98	0,523598775598	-2,42406840555	-5,11747774504
11,99	0,506145483078	-2,18166156499	-16,5644674379
12	0,488692190558	-2,6664752461	-33,6676167437
12,01	0,453785605519	-3,19977029532	-21,412604249
12,02	0,418879020479	-3,24825166343	3,7707730753
12,03	0,383972435439	-2,86040071855	6,73352334875
12,04	0,366519142919	-2,86040071855	-13,3323762305
12,05	0,331612557879	-3,29673303154	-20,4699109802
12,06	0,296705972839	-3,44217713588	-11,8510010938
12,07	0,261799387799	-3,49065850399	-4,71346634412
12,08	0,226892802759	-3,49065850399	-1,88538653765
12,09	0,191986217719	-3,49065850399	-4,71346634412
12,1	0,157079632679	-3,5391398721	-11,8510010938
12,11	0,12217304764	-3,68458397643	-20,3352405132
12,12	0,0872664625997	-4,12091628943	-12,2550124947
12,13	0,0349065850399	-4,12091628943	12,2550124947
12,14	0	-3,68458397643	20,2005700462
12,15	-0,0349065850399	-3,5391398721	10,908307825
12,16	-0,0698131700798	-3,49065850399	2,30679672894E-013
12,17	-0,10471975512	-3,5391398721	-10,773637358
12,18	-0,13962634016	-3,68458397643	-19,2578767774
12,19	-0,174532925199	-4,12091628943	-7,67621661756
12,2	-0,226892802759	-4,07243492132	24,1060135885
12,21	-0,261799387799	-3,49065850399	40,6704810264
12,22	-0,296705972839	-2,90888208666	24,2406840555
12,23	-0,314159265359	-2,86040071855	-6,73352334875
12,24	-0,349065850399	-3,29673303155	-14,6790809003
12,25	-0,383972435439	-3,39369576777	1,21203420278
12,26	-0,418879020479	-3,29673303154	21,277933782
12,27	-0,453785605519	-2,81191935044	27,8767866638
12,28	-0,471238898038	-2,61799387799	20,8739223811
12,29	-0,506145483078	-2,47254977366	17,9111721077
12,3	-0,523598775598	-2,13318019688	5,65615961294
12,31	-0,541052068118	-2,42406840555	0,808022801848
12,32	-0,575958653158	-2,37558703744	17,9111721077
12,33	-0,593411945678	-1,93925472444	25,8567296592
12,34	-0,610865238198	-1,74532925199	23,9713431215
12,35	-0,628318530718	-1,55140377955	25,9914001262
12,36	-0,645771823238	-1,11507146655	18,7191949095
12,37	-0,645771823238	-1,06659009844	4,44412541016
12,38	-0,663225115758	-1,308996939	12,9283648296
12,39	-0,680678408278	-0,872664625997	26,5300819941
12,4	-0,680678408278	-0,436332312999	13,8710580984
12,41	-0,680678408278	-0,678739153553	8,88825082035
12,42	-0,698131700798	-0,581776417331	29,7621732014
12,43	-0,698131700798	0	42,690538031
12,44	-0,698131700798	0,581776417331	28,9541503996
12,45	-0,680678408278	0,678739153553	5,25214821202
12,46	-0,680678408278	0,387850944888	6,59885288178
12,47	-0,680678408278	0,727220521664	17,9111721077
12,48	-0,663225115758	0,872664625997	20,2005700462
12,49	-0,663225115758	1,06659009844	25,1833773243
12,5	-0,645771823238	1,50292241144	18,5845244425
12,51	-0,628318530718	1,55140377955	4,44412541017
12,52	-0,610865238198	1,308996939	12,9283648296
12,53	-0,610865238198	1,74532925199	26,3954115271
12,54	-0,575958653158	2,18166156499	12,9283648296
12,55	-0,558505360638	1,93925472444	4,44412541017
12,56	-0,541052068118	1,98773609255	18,7191949095
12,57	-0,523598775598	2,42406840555	25,9914001261
12,58	-0,488692190558	2,61799387799	23,8366726546
12,59	-0,471238898038	2,81191935044	25,0487068573
12,6	-0,436332312999	3,24825166343	14,1403990324
12,61	-0,401425727959	3,24825166343	-7,40687568362
12,62	-0,366519142919	2,86040071855	-7,5415461506
12,63	-0,349065850399	2,86040071855	13,1977057635
12,64	-0,314159265359	3,29673303154	20,4699109802
12,65	-0,279252680319	3,44217713588	11,9856715608
12,66	-0,244346095279	3,49065850399	5,52148914597
12,67	-0,209439510239	3,49065850399	5,52148914597
12,68	-0,174532925199	3,5391398721	11,9856715608
12,69	-0,13962634016	3,68458397643	20,3352405132
12,7	-0,10471975512	4,12091628943	12,2550124947
12,71	-0,0523598775598	4,12091628943	-12,2550124947
12,72	-0,0174532925199	3,68458397643	-20,2005700462
12,73	0,0174532925199	3,5391398721	-10,908307825
12,74	0,0523598775598	3,49065850399	-2,30679672894E-013
12,75	0,0872664625997	3,5391398721	10,773637358
12,76	0,12217304764	3,68458397643	19,2578767774
12,77	0,157079632679	4,12091628943	7,67621661756
12,78	0,209439510239	4,07243492132	-24,1060135885
12,79	0,244346095279	3,49065850399	-40,6704810264
12,8	0,279252680319	2,90888208666	-24,2406840555
12,81	0,296705972839	2,86040071855	6,73352334875
12,82	0,331612557879	3,29673303155	14,6790809003
12,83	0,366519142919	3,39369576777	-1,0773637358
12,84	0,401425727959	3,29673303154	-20,4699109802
12,85	0,436332312999	2,81191935044	-24,2406840555
12,86	0,453785605519	2,6664752461	-13,6017171645
12,87	0,488692190558	2,61799387799	-9,42693268824
12,88	0,506145483078	2,56951250988	-13,7363876314
12,89	0,541052068118	2,42406840555	-25,1833773243
12,9	0,558505360638	1,93925472444	-25,0487068573
12,91	0,575958653158	1,79381062011	-12,9283648296
12,92	0,593411945678	1,74532925199	-5,65615961294
12,93	0,610865238198	1,74532925199	-5,65615961295
12,94	0,628318530718	1,69684788388	-13,0630352966
12,95	0,645771823238	1,55140377955	-25,8567296592
12,96	0,663225115758	1,06659009844	-28,8194799326
12,97	0,663225115758	0,872664625997	-21,0085928481
12,98	0,680678408278	0,727220521664	-18,0458425746
12,99	0,680678408278	0,387850944888	-6,59885288176
13	0,680678408278	0,678739153553	-5,25214821202
13,01	0,698131700798	0,581776417332	-28,9541503996
13,02	0,698131700798	0	-42,5558675641
13,03	0,698131700798	-0,581776417332	-28,9541503996
13,04	0,680678408278	-0,678739153553	-5,25214821202
13,05	0,680678408278	-0,387850944888	-6,59885288176
13,06	0,680678408278	-0,727220521664	-18,0458425746
13,07	0,663225115758	-0,872664625997	-21,0085928481
13,08	0,663225115758	-1,06659009844	-28,8194799326
13,09	0,645771823238	-1,55140377955	-25,8567296592
13,1	0,628318530718	-1,69684788388	-13,0630352966
13,11	0,610865238198	-1,74532925199	-5,65615961295
13,12	0,593411945678	-1,74532925199	-5,65615961294
13,13	0,575958653158	-1,79381062011	-13,0630352966
13,14	0,558505360638	-1,93925472444	-25,8567296592
13,15	0,541052068118	-2,42406840555	-28,8194799326
13,16	0,506145483078	-2,61799387799	-21,0085928481
13,17	0,488692190558	-2,76343798232	-17,9111721077
13,18	0,453785605519	-3,1028075591	-5,65615961294
13,19	0,418879020479	-2,81191935044	-0,673352334869
13,2	0,401425727959	-2,86040071855	-16,9684788388
13,21	0,366519142919	-3,29673303154	-21,277933782
13,22	0,331612557879	-3,44217713588	-11,9856715608
13,23	0,296705972839	-3,49065850399	-4,57879587715
13,24	0,261799387799	-3,49065850399	-0,942693268826
13,25	0,226892802759	-3,49065850399	-0,134670466973
13,26	0,191986217719	-3,49065850399	0
13,27	0,157079632679	-3,49065850399	-0,134670466977
13,28	0,12217304764	-3,49065850399	-0,942693268822
13,29	0,0872664625997	-3,49065850399	-4,57879587715
13,3	0,0523598775598	-3,5391398721	-11,8510010938
13,31	0,0174532925199	-3,68458397643	-20,3352405132
13,32	-0,0174532925199	-4,12091628943	-12,2550124947
13,33	-0,0698131700798	-4,12091628943	12,2550124947
13,34	-0,10471975512	-3,68458397643	20,3352405132
13,35	-0,13962634016	-3,5391398721	11,8510010938
13,36	-0,174532925199	-3,49065850399	4,71346634412
13,37	-0,209439510239	-3,49065850399	1,88538653765
13,38	-0,244346095279	-3,49065850399	4,71346634412
13,39	-0,279252680319	-3,44217713588	11,9856715608
13,4	-0,314159265359	-3,29673303154	21,277933782
13,41	-0,349065850399	-2,86040071855	16,9684788388
13,42	-0,366519142919	-2,81191935044	0,538681867898
13,43	-0,401425727959	-3,1028075591	4,71346634412
13,44	-0,436332312999	-2,76343798232	13,3323762305
13,45	-0,453785605519	-2,6664752461	9,15759175429
13,46	-0,488692190558	-2,61799387799	8,48423941941
13,47	-0,506145483078	-2,56951250988	13,6017171645
13,48	-0,541052068118	-2,42406840555	25,1833773243
13,49	-0,558505360638	-1,93925472444	25,1833773243
13,5	-0,575958653158	-1,79381062011	13,7363876314
13,51	-0,593411945678	-1,74532925199	9,42693268824
13,52	-0,610865238198	-1,69684788388	13,7363876314
13,53	-0,628318530718	-1,55140377955	25,1833773243
13,54	-0,645771823238	-1,06659009844	25,1833773243
13,55	-0,645771823238	-0,921145994108	13,7363876314
13,56	-0,663225115758	-0,872664625997	9,42693268824
13,57	-0,663225115758	-0,824183257886	13,7363876314
13,58	-0,680678408278	-0,678739153553	25,1833773243
13,59	-0,680678408278	-0,193925472444	25,1833773243
13,6	-0,680678408278	-0,048481368111	13,7363876314
13,61	-0,680678408278	0	9,42693268824
13,62	-0,680678408278	0,048481368111	13,8710580984
13,63	-0,680678408278	0,193925472444	26,1260705931
13,64	-0,680678408278	0,678739153553	29,7621732015
13,65	-0,663225115758	0,872664625997	25,5873887252
13,66	-0,663225115758	1,06659009844	29,7621732014
13,67	-0,645771823238	1,55140377955	25,9914001261
13,68	-0,628318530718	1,69684788388	12,9283648296
13,69	-0,610865238198	1,74532925199	4,8481368111
13,7	-0,593411945678	1,74532925199	1,88538653765
13,71	-0,575958653158	1,74532925199	4,8481368111
13,72	-0,558505360638	1,79381062011	12,9283648296
13,73	-0,541052068118	1,93925472444	25,8567296592
13,74	-0,523598775598	2,42406840555	28,8194799326
13,75	-0,488692190558	2,61799387799	21,0085928481
13,76	-0,471238898038	2,76343798232	17,9111721077
13,77	-0,436332312999	3,1028075591	5,65615961295
13,78	-0,401425727959	2,81191935044	0,673352334876
13,79	-0,383972435439	2,86040071855	16,9684788388
13,8	-0,349065850399	3,29673303154	21,277933782
13,81	-0,314159265359	3,44217713588	11,9856715608
13,82	-0,279252680319	3,49065850399	4,57879587715
13,83	-0,244346095279	3,49065850399	0,942693268822
13,84	-0,209439510239	3,49065850399	0,134670466975
13,85	-0,174532925199	3,49065850399	0,134670466977
13,86	-0,13962634016	3,49065850399	0,942693268822
13,87	-0,10471975512	3,49065850399	4,57879587715
13,88	-0,0698131700798	3,5391398721	11,8510010938
13,89	-0,0349065850399	3,68458397643	20,3352405132
13,9	0	4,12091628943	12,2550124947
13,91	0,0523598775598	4,12091628943	-12,2550124947
13,92	0,0872664625997	3,68458397643	-20,3352405132
13,93	0,12217304764	3,5391398721	-11,8510010938
13,94	0,157079632679	3,49065850399	-4,71346634412
13,95	0,191986217719	3,49065850399	-1,88538653765
13,96	0,226892802759	3,49065850399	-4,71346634412
13,97	0,261799387799	3,44217713588	-11,8510010938
13,98	0,296705972839	3,29673303154	-20,4699109802
13,99	0,331612557879	2,86040071855	-13,1977057635
14	0,349065850399	2,86040071855	7,54154615059
14,01	0,383972435439	3,24825166343	7,40687568362
14,02	0,418879020479	3,24825166343	-14,0057285654
14,03	0,453785605519	2,81191935044	-24,2406840555
14,04	0,471238898038	2,61799387799	-20,0658995793
14,05	0,506145483078	2,47254977366	-17,7765016407
14,06	0,523598775598	2,13318019688	-5,79083007992
14,07	0,541052068118	2,42406840555	-1,6160456037
14,08	0,575958653158	2,37558703744	-21,547274716
14,09	0,593411945678	1,89077335633	-33,2636053428
14,1	0,610865238198	1,59988514766	-33,2636053428
14,11	0,628318530718	1,11507146655	-21,547274716
14,12	0,628318530718	1,06659009844	-1,61604560369
14,13	0,645771823238	1,35747830711	-5,79083007992
14,14	0,663225115758	1,01810873033	-17,9111721077
14,15	0,663225115758	0,872664625997	-21,0085928481
14,16	0,680678408278	0,678739153553	-28,8194799326
14,17	0,680678408278	0,193925472444	-25,9914001261
14,18	0,680678408278	0,0484813681109	-13,8710580984
14,19	0,680678408278	0	-9,42693268824
14,2	0,680678408278	-0,0484813681109	-13,7363876314
14,21	0,680678408278	-0,193925472444	-25,1833773243
14,22	0,680678408278	-0,678739153553	-25,1833773243
14,23	0,663225115758	-0,824183257886	-13,7363876314
14,24	0,663225115758	-0,872664625997	-9,42693268825
14,25	0,645771823238	-0,921145994108	-13,7363876314
14,26	0,645771823238	-1,06659009844	-25,3180477913
14,27	0,628318530718	-1,55140377955	-25,9914001261
14,28	0,610865238198	-1,69684788388	-17,3724902398
14,29	0,593411945678	-1,79381062011	-16,6991379049
14,3	0,575958653158	-1,93925472444	-22,3552975178
14,31	0,558505360638	-2,37558703744	-17,9111721077
14,32	0,523598775598	-2,42406840555	-4,3094549432
14,33	0,506145483078	-2,18166156499	-12,9283648296
14,34	0,488692190558	-2,61799387799	-26,3954115271
14,35	0,453785605519	-3,05432619099	-12,7936943626
14,36	0,418879020479	-2,81191935044	-3,36676167437
14,37	0,401425727959	-2,86040071855	-13,1977057635
14,38	0,366519142919	-3,24825166343	-9,56160315522
14,39	0,331612557879	-3,24825166343	8,21489848547
14,4	0,296705972839	-2,86040071855	6,73352334875
14,41	0,279252680319	-2,86040071855	-17,7765016407
14,42	0,244346095279	-3,34521439966	-32,320912074
14,43	0,209439510239	-3,63610260832	-32,186241607
14,44	0,174532925199	-4,12091628943	-16,8338083719
14,45	0,12217304764	-4,12091628943	11,3123192259
14,46	0,0872664625997	-3,68458397643	20,2005700462
14,47	0,0523598775598	-3,5391398721	11,8510010938
14,48	0,0174532925199	-3,49065850399	4,57879587715
14,49	-0,0174532925199	-3,49065850399	0,942693268828
14,5	-0,0523598775598	-3,49065850399	0,134670466971
14,51	-0,0872664625997	-3,49065850399	-4,98983570512E-012
14,52	-0,12217304764	-3,49065850399	4,79863062866E-013
14,53	-0,157079632679	-3,49065850399	-3,34300488526E-013
14,54	-0,191986217719	-3,49065850399	-2,0329417162E-012
14,55	-0,226892802759	-3,49065850399	0,134670466977
14,56	-0,261799387799	-3,49065850399	0,942693268824
14,57	-0,296705972839	-3,49065850399	4,71346634412
14,58	-0,331612557879	-3,44217713588	12,7936943626
14,59	-0,366519142919	-3,29673303154	25,0487068573
14,6	-0,401425727959	-2,81191935044	25,1833773243
14,61	-0,418879020479	-2,6664752461	13,6017171645
14,62	-0,453785605519	-2,61799387799	8,48423941942
14,63	-0,471238898038	-2,56951250988	9,15759175429
14,64	-0,506145483078	-2,47254977366	13,3323762305
14,65	-0,523598775598	-2,13318019688	4,8481368111
14,66	-0,541052068118	-2,42406840555	1,48137513672
14,67	-0,575958653158	-2,37558703744	21,547274716
14,68	-0,593411945678	-1,89077335633	33,2636053428
14,69	-0,610865238198	-1,59988514766	33,3982758098
14,7	-0,628318530718	-1,11507146655	22,3552975178
14,71	-0,628318530718	-1,06659009844	5,25214821202
14,72	-0,645771823238	-1,308996939	13,0630352966
14,73	-0,663225115758	-0,872664625997	26,3954115271
14,74	-0,663225115758	-0,436332312999	13,0630352966
14,75	-0,663225115758	-0,678739153553	5,25214821202
14,76	-0,680678408278	-0,630257785442	22,3552975178
14,77	-0,680678408278	-0,145444104333	33,3982758098
14,78	-0,680678408278	0,145444104333	33,2636053428
14,79	-0,680678408278	0,630257785442	21,547274716
14,8	-0,663225115758	0,678739153553	1,6160456037
14,81	-0,663225115758	0,387850944888	5,79083007992
14,82	-0,663225115758	0,727220521664	17,9111721077
14,83	-0,645771823238	0,872664625997	21,0085928481
14,84	-0,645771823238	1,06659009844	28,8194799326
14,85	-0,628318530718	1,55140377955	25,9914001262
14,86	-0,610865238198	1,69684788388	13,8710580984
14,87	-0,593411945678	1,74532925199	9,42693268824
14,88	-0,575958653158	1,79381062011	13,7363876314
14,89	-0,558505360638	1,93925472444	25,1833773243
14,9	-0,541052068118	2,42406840555	25,0487068573
14,91	-0,506145483078	2,56951250988	12,7936943626
14,92	-0,488692190558	2,61799387799	4,84813681109
14,93	-0,453785605519	2,61799387799	1,88538653765
14,94	-0,436332312999	2,61799387799	4,8481368111
14,95	-0,401425727959	2,6664752461	12,7936943626
14,96	-0,383972435439	2,81191935044	25,0487068573
14,97	-0,349065850399	3,29673303154	25,0487068573
14,98	-0,314159265359	3,44217713588	12,7936943626
14,99	-0,279252680319	3,49065850399	4,71346634412
15	-0,244346095279	3,49065850399	0,942693268822
15,01	-0,209439510239	3,49065850399	0,134670466975
15,02	-0,174532925199	3,49065850399	1,97619698383E-012
15,03	-0,13962634016	3,49065850399	-2,0329417162E-012
15,04	-0,10471975512	3,49065850399	-3,34300488526E-013
15,05	-0,0698131700798	3,49065850399	0,134670466975
15,06	-0,0349065850399	3,49065850399	0,942693268819
15,07	0	3,49065850399	4,57879587714
15,08	0,0349065850399	3,5391398721	11,8510010938
15,09	0,0698131700798	3,68458397643	20,2005700462
15,1	0,10471975512	4,12091628943	11,3123192259
15,11	0,157079632679	4,12091628943	-16,8338083719
15,12	0,191986217719	3,63610260832	-32,186241607
15,13	0,226892802759	3,34521439966	-32,186241607
15,14	0,261799387799	2,86040071855	-16,9684788388
15,15	0,279252680319	2,86040071855	10,3696259571
15,16	0,314159265359	3,29673303154	15,4871037021
15,17	0,349065850399	3,39369576777	-0,942693268829
15,18	0,383972435439	3,29673303154	-20,4699109802
15,19	0,418879020479	2,81191935044	-24,2406840555
15,2	0,436332312999	2,6664752461	-13,6017171645
15,21	0,471238898038	2,61799387799	-9,42693268824
15,22	0,488692190558	2,56951250988	-13,7363876314
15,23	0,523598775598	2,42406840555	-25,1833773243
15,24	0,541052068118	1,93925472444	-25,0487068573
15,25	0,558505360638	1,79381062011	-12,9283648296
15,26	0,575958653158	1,74532925199	-5,65615961294
15,27	0,593411945678	1,74532925199	-5,65615961295
15,28	0,610865238198	1,69684788388	-12,9283648296
15,29	0,628318530718	1,55140377955	-25,0487068573
15,3	0,645771823238	1,06659009844	-25,1833773243
15,31	0,645771823238	0,921145994108	-13,7363876314
15,32	0,663225115758	0,872664625997	-9,42693268825
15,33	0,663225115758	0,824183257886	-13,8710580984
15,34	0,680678408278	0,678739153553	-26,1260705931
15,35	0,680678408278	0,193925472444	-29,6275027345
15,36	0,680678408278	0	-24,7793659234
15,37	0,680678408278	-0,193925472444	-26,1260705931
15,38	0,680678408278	-0,630257785442	-18,7191949095
15,39	0,663225115758	-0,678739153553	-4,44412541018
15,4	0,663225115758	-0,436332312999	-12,9283648296
15,41	0,663225115758	-0,872664625997	-26,3954115271
15,42	0,645771823238	-1,308996939	-13,0630352966
15,43	0,628318530718	-1,06659009844	-5,25214821201
15,44	0,628318530718	-1,11507146655	-22,3552975178
15,45	0,610865238198	-1,59988514766	-33,3982758098
15,46	0,593411945678	-1,89077335633	-33,2636053428
15,47	0,575958653158	-2,37558703744	-21,547274716
15,48	0,541052068118	-2,42406840555	-1,48137513672
15,49	0,523598775598	-2,13318019688	-4,84813681109
15,5	0,506145483078	-2,47254977366	-13,3323762305
15,51	0,471238898038	-2,56951250988	-9,15759175429
15,52	0,453785605519	-2,61799387799	-8,34956895244
15,53	0,418879020479	-2,6664752461	-12,6590238956
15,54	0,401425727959	-2,81191935044	-20,6045814472
15,55	0,366519142919	-3,24825166343	-13,1977057635
15,56	0,331612557879	-3,24825166343	7,54154615059
15,57	0,296705972839	-2,86040071855	7,5415461506
15,58	0,279252680319	-2,86040071855	-13,3323762305
15,59	0,244346095279	-3,29673303154	-21,412604249
15,6	0,209439510239	-3,44217713588	-16,4297969709
15,61	0,174532925199	-3,5391398721	-16,4297969709
15,62	0,13962634016	-3,68458397643	-21,277933782
15,63	0,10471975512	-4,12091628943	-12,3896829617
15,64	0,0523598775598	-4,12091628943	12,2550124947
15,65	0,0174532925199	-3,68458397643	20,3352405132
15,66	-0,0174532925199	-3,5391398721	11,8510010938
15,67	-0,0523598775598	-3,49065850399	4,57879587714
15,68	-0,0872664625997	-3,49065850399	0,942693268819
15,69	-0,12217304764	-3,49065850399	0,134670466975
15,7	-0,157079632679	-3,49065850399	0,134670466975
15,71	-0,191986217719	-3,49065850399	0,942693268822
15,72	-0,226892802759	-3,49065850399	4,57879587715
15,73	-0,261799387799	-3,44217713588	11,9856715608
15,74	-0,296705972839	-3,29673303154	21,277933782
15,75	-0,331612557879	-2,86040071855	16,9684788388
15,76	-0,349065850399	-2,81191935044	0,538681867898
15,77	-0,383972435439	-3,1028075591	4,71346634412
15,78	-0,418879020479	-2,76343798232	13,3323762305
15,79	-0,436332312999	-2,6664752461	9,1575917543
15,8	-0,471238898038	-2,61799387799	8,48423941942
15,81	-0,488692190558	-2,56951250988	13,6017171645
15,82	-0,523598775598	-2,42406840555	25,1833773243
15,83	-0,541052068118	-1,93925472444	25,1833773243
15,84	-0,558505360638	-1,79381062011	13,7363876314
15,85	-0,575958653158	-1,74532925199	9,29226222127
15,86	-0,593411945678	-1,69684788388	12,9283648296
15,87	-0,610865238198	-1,55140377955	21,547274716
15,88	-0,628318530718	-1,11507146655	17,9111721077
15,89	-0,628318530718	-1,06659009844	5,25214821202
15,9	-0,645771823238	-1,308996939	17,5071607067
15,91	-0,663225115758	-0,824183257886	38,2464126209
15,92	-0,663225115758	-0,242406840555	33,2636053428
15,93	-0,663225115758	-0,048481368111	16,6991379049
15,94	-0,663225115758	0	6,46418241479
15,95	-0,663225115758	0	5,79083007992
15,96	-0,663225115758	0,048481368111	13,0630352966
15,97	-0,663225115758	0,193925472444	25,8567296592
15,98	-0,663225115758	0,678739153553	28,8194799326
15,99	-0,645771823238	0,872664625997	21,0085928481
16	-0,645771823238	1,01810873033	17,9111721077
16,01	-0,628318530718	1,35747830711	5,79083007992
16,02	-0,610865238198	1,06659009844	1,6160456037
16,03	-0,610865238198	1,11507146655	21,547274716
16,04	-0,593411945678	1,59988514766	33,2636053428
16,05	-0,575958653158	1,89077335633	33,2636053428
16,06	-0,558505360638	2,37558703744	21,547274716
16,07	-0,523598775598	2,42406840555	1,6160456037
16,08	-0,506145483078	2,13318019688	5,65615961294
16,09	-0,488692190558	2,47254977366	16,9684788388
16,1	-0,453785605519	2,61799387799	16,4297969709
16,11	-0,436332312999	2,76343798232	16,9684788388
16,12	-0,401425727959	3,1028075591	5,52148914597
16,13	-0,366519142919	2,81191935043	0,673352334872
16,14	-0,349065850399	2,86040071855	16,9684788388
16,15	-0,314159265359	3,29673303154	21,277933782
16,16	-0,279252680319	3,44217713588	11,9856715608
16,17	-0,244346095279	3,49065850399	4,57879587714
16,18	-0,209439510239	3,49065850399	0,942693268824
16,19	-0,174532925199	3,49065850399	0,134670466977
16,2	-0,13962634016	3,49065850399	-2,02307306709E-012
16,21	-0,10471975512	3,49065850399	-3,28132582834E-013
16,22	-0,0698131700798	3,49065850399	4,90965293112E-013
16,23	-0,0349065850399	3,49065850399	-4,99106928626E-012
16,24	0	3,49065850399	-3,78709409511E-012
16,25	0,0349065850399	3,49065850399	3,78709409511E-012
16,26	0,0698131700798	3,49065850399	4,99106928626E-012
16,27	0,10471975512	3,49065850399	-4,90965293112E-013
16,28	0,13962634016	3,49065850399	3,28132582834E-013
16,29	0,174532925199	3,49065850399	2,02307306709E-012
16,3	0,209439510239	3,49065850399	-0,134670466977
16,31	0,244346095279	3,49065850399	-0,942693268824
16,32	0,279252680319	3,49065850399	-4,71346634412
16,33	0,314159265359	3,44217713588	-12,7936943626
16,34	0,349065850399	3,29673303154	-25,0487068573
16,35	0,383972435439	2,81191935043	-25,1833773243
16,36	0,401425727959	2,6664752461	-13,6017171645
16,37	0,436332312999	2,61799387799	-8,48423941941
16,38	0,453785605519	2,56951250988	-9,15759175429
16,39	0,488692190558	2,47254977366	-13,3323762305
16,4	0,506145483078	2,13318019688	-4,71346634412
16,41	0,523598775598	2,42406840555	-0,673352334873
16,42	0,558505360638	2,37558703744	-17,9111721077
16,43	0,575958653158	1,93925472444	-25,9914001261
16,44	0,593411945678	1,74532925199	-24,7793659234
16,45	0,610865238198	1,55140377955	-29,6275027345
16,46	0,628318530718	1,06659009844	-26,1260705931
16,47	0,628318530718	0,921145994108	-13,8710580984
16,48	0,645771823238	0,872664625997	-9,42693268823
16,49	0,645771823238	0,824183257886	-13,7363876314
16,5	0,663225115758	0,678739153553	-25,1833773243
16,51	0,663225115758	0,193925472444	-25,0487068573
16,52	0,663225115758	0,048481368111	-12,9283648296
16,53	0,663225115758	0	-5,65615961294
16,54	0,663225115758	0	-5,65615961294
16,55	0,663225115758	-0,048481368111	-13,0630352966
16,56	0,663225115758	-0,193925472444	-25,9914001261
16,57	0,663225115758	-0,678739153553	-29,7621732014
16,58	0,645771823238	-0,872664625997	-25,5873887252
16,59	0,645771823238	-1,06659009844	-29,7621732014
16,6	0,628318530718	-1,55140377955	-25,9914001261
16,61	0,610865238198	-1,69684788388	-12,9283648296
16,62	0,593411945678	-1,74532925199	-4,84813681109
16,63	0,575958653158	-1,74532925199	-1,88538653765
16,64	0,558505360638	-1,74532925199	-4,8481368111
16,65	0,541052068118	-1,79381062011	-12,9283648296
16,66	0,523598775598	-1,93925472444	-25,8567296592
16,67	0,506145483078	-2,42406840555	-28,8194799326
16,68	0,471238898038	-2,61799387799	-21,0085928481
16,69	0,453785605519	-2,76343798232	-17,9111721077
16,7	0,418879020479	-3,1028075591	-5,65615961294
16,71	0,383972435439	-2,81191935043	-0,538681867898
16,72	0,366519142919	-2,86040071855	-16,02578557
16,73	0,331612557879	-3,29673303154	-16,8338083719
16,74	0,296705972839	-3,39369576777	-1,0773637358
16,75	0,261799387799	-3,29673303154	11,1776487589
16,76	0,226892802759	-2,90888208666	-0,538681867901
16,77	0,209439510239	-3,05432619099	-32,7249234749
16,78	0,174532925199	-3,92699081699	-32,5902530079
16,79	0,12217304764	-4,07243492132	0,40401140093
16,8	0,0872664625997	-3,68458397643	15,7564446361
16,81	0,0523598775598	-3,5391398721	10,908307825
16,82	0,0174532925199	-3,49065850399	4,44412541017
16,83	-0,0174532925199	-3,49065850399	0,942693268827
16,84	-0,0523598775598	-3,49065850399	0,134670466971
16,85	-0,0872664625997	-3,49065850399	-4,99106928626E-012
16,86	-0,12217304764	-3,49065850399	0,134670466975
16,87	-0,157079632679	-3,49065850399	0,942693268824
16,88	-0,191986217719	-3,49065850399	4,57879587714
16,89	-0,226892802759	-3,44217713588	11,8510010938
16,9	-0,261799387799	-3,29673303154	20,4699109802
16,91	-0,296705972839	-2,86040071855	13,1977057635
16,92	-0,314159265359	-2,86040071855	-7,54154615059
16,93	-0,349065850399	-3,24825166343	-7,40687568362
16,94	-0,383972435439	-3,24825166343	14,0057285654
16,95	-0,418879020479	-2,81191935043	24,2406840555
16,96	-0,436332312999	-2,61799387799	20,0658995793
16,97	-0,471238898038	-2,47254977366	17,7765016407
16,98	-0,488692190558	-2,13318019688	5,65615961294
16,99	-0,506145483078	-2,42406840555	0,808022801842
17	-0,541052068118	-2,37558703744	17,9111721076
17,01	-0,558505360638	-1,93925472444	25,8567296592
17,02	-0,575958653158	-1,74532925199	23,9713431215
17,03	-0,593411945678	-1,55140377955	25,9914001261
17,04	-0,610865238198	-1,11507146655	18,7191949095
17,05	-0,610865238198	-1,06659009844	4,44412541017
17,06	-0,628318530718	-1,308996939	12,9283648296
17,07	-0,645771823238	-0,872664625997	26,3954115271
17,08	-0,645771823238	-0,436332312998	12,9283648296
17,09	-0,645771823238	-0,678739153553	4,44412541017
17,1	-0,663225115758	-0,630257785442	18,7191949095
17,11	-0,663225115758	-0,193925472444	26,1260705931
17,12	-0,663225115758	0	24,7793659234
17,13	-0,663225115758	0,193925472444	29,6275027345
17,14	-0,663225115758	0,678739153553	26,1260705931
17,15	-0,645771823238	0,824183257886	13,8710580984
17,16	-0,645771823238	0,872664625997	9,42693268823
17,17	-0,628318530718	0,921145994108	13,7363876314
17,18	-0,628318530718	1,06659009844	25,1833773243
17,19	-0,610865238198	1,55140377955	25,0487068573
17,2	-0,593411945678	1,69684788388	12,9283648296
17,21	-0,575958653158	1,74532925199	5,65615961294
17,22	-0,558505360638	1,74532925199	5,65615961294
17,23	-0,541052068118	1,7938106201	12,9283648296
17,24	-0,523598775598	1,93925472444	25,0487068573
17,25	-0,506145483078	2,42406840555	25,1833773243
17,26	-0,471238898038	2,56951250988	13,6017171645
17,27	-0,453785605519	2,61799387799	8,48423941941
17,28	-0,418879020479	2,6664752461	9,15759175429
17,29	-0,401425727959	2,76343798232	13,3323762305
17,3	-0,366519142919	3,1028075591	4,71346634412
17,31	-0,331612557879	2,81191935043	0,538681867904
17,32	-0,314159265359	2,86040071855	16,9684788388
17,33	-0,279252680319	3,29673303154	21,277933782
17,34	-0,244346095279	3,44217713588	11,9856715608
17,35	-0,209439510239	3,49065850399	4,57879587714
17,36	-0,174532925199	3,49065850399	0,942693268826
17,37	-0,13962634016	3,49065850399	0,134670466973
17,38	-0,10471975512	3,49065850399	-3,28132582834E-013
17,39	-0,0698131700798	3,49065850399	4,90965293112E-013
17,4	-0,0349065850399	3,49065850399	-4,99106928626E-012
17,41	0	3,49065850399	-3,78709409511E-012
17,42	0,0349065850399	3,49065850399	3,78709409511E-012
17,43	0,0698131700798	3,49065850399	4,99106928626E-012
17,44	0,10471975512	3,49065850399	-4,90965293112E-013
17,45	0,13962634016	3,49065850399	3,28132582834E-013
17,46	0,174532925199	3,49065850399	-0,134670466973
17,47	0,209439510239	3,49065850399	-0,942693268826
17,48	0,244346095279	3,49065850399	-4,57879587714
17,49	0,279252680319	3,44217713588	-11,9856715608
17,5	0,314159265359	3,29673303154	-21,277933782
17,51	0,349065850399	2,86040071855	-16,9684788388
17,52	0,366519142919	2,81191935043	-0,673352334879
17,53	0,401425727959	3,1028075591	-5,65615961294
17,54	0,436332312999	2,76343798232	-17,9111721076
17,55	0,453785605519	2,61799387799	-21,0085928481
17,56	0,488692190558	2,42406840555	-28,8194799326
17,57	0,506145483078	1,93925472444	-25,8567296592
17,58	0,523598775598	1,7938106201	-12,9283648296
17,59	0,541052068118	1,74532925199	-4,71346634412
17,6	0,558505360638	1,74532925199	-1,0773637358
17,61	0,575958653158	1,74532925199	-1,21203420277
17,62	0,593411945678	1,74532925199	-5,52148914597
17,63	0,610865238198	1,69684788388	-16,5644674379
17,64	0,628318530718	1,50292241144	-33,2636053428
17,65	0,645771823238	0,921145994108	-38,2464126208
17,66	0,645771823238	0,436332312999	-17,5071607067
17,67	0,645771823238	0,678739153553	-5,25214821202
17,68	0,663225115758	0,630257785442	-18,0458425746
17,69	0,663225115758	0,193925472444	-22,3552975178
17,7	0,663225115758	0,048481368111	-16,6991379049
17,71	0,663225115758	-0,048481368111	-17,5071607067
17,72	0,663225115758	-0,193925472444	-26,799422928
17,73	0,663225115758	-0,678739153553	-28,9541503996
17,74	0,645771823238	-0,872664625997	-21,0085928481
17,75	0,645771823238	-1,01810873033	-17,9111721076
17,76	0,628318530718	-1,35747830711	-5,65615961294
17,77	0,610865238198	-1,06659009844	-0,808022801852
17,78	0,610865238198	-1,11507146655	-17,9111721077
17,79	0,593411945678	-1,55140377955	-25,8567296592
17,8	0,575958653158	-1,74532925199	-23,9713431215
17,81	0,558505360638	-1,93925472444	-25,8567296592
17,82	0,541052068118	-2,37558703744	-17,9111721077
17,83	0,506145483078	-2,42406840555	-0,808022801854
17,84	0,488692190558	-2,13318019688	-5,52148914597
17,85	0,471238898038	-2,47254977366	-16,9684788388
17,86	0,436332312999	-2,61799387799	-16,4297969709
17,87	0,418879020479	-2,76343798232	-16,9684788388
17,88	0,383972435439	-3,1028075591	-5,52148914597
17,89	0,349065850399	-2,81191935043	-0,673352334876
17,9	0,331612557879	-2,86040071855	-16,9684788388
17,91	0,296705972839	-3,29673303154	-21,277933782
17,92	0,261799387799	-3,44217713588	-11,9856715608
17,93	0,226892802759	-3,49065850399	-4,57879587714
17,94	0,191986217719	-3,49065850399	-0,942693268824
17,95	0,157079632679	-3,49065850399	-0,134670466977
17,96	0,12217304764	-3,49065850399	2,02307306709E-012
17,97	0,0872664625997	-3,49065850399	3,28132582834E-013
17,98	0,0523598775598	-3,49065850399	-4,90965293112E-013
17,99	0,0174532925199	-3,49065850399	4,99106928626E-012
18	-0,0174532925199	-3,49065850399	3,78709409511E-012
18,01	-0,0523598775598	-3,49065850399	-3,78709409511E-012
18,02	-0,0872664625997	-3,49065850399	-4,99106928626E-012
18,03	-0,12217304764	-3,49065850399	0,134670466975
18,04	-0,157079632679	-3,49065850399	0,942693268824
18,05	-0,191986217719	-3,49065850399	4,57879587714
18,06	-0,226892802759	-3,44217713588	11,9856715608
18,07	-0,261799387799	-3,29673303154	21,277933782
18,08	-0,296705972839	-2,86040071855	16,9684788388
18,09	-0,314159265359	-2,81191935043	0,538681867896
18,1	-0,349065850399	-3,1028075591	4,71346634412
18,11	-0,383972435439	-2,76343798232	13,3323762305
18,12	-0,401425727959	-2,6664752461	9,02292128732
18,13	-0,436332312999	-2,61799387799	7,54154615059
18,14	-0,453785605519	-2,56951250988	9,02292128731
18,15	-0,488692190558	-2,47254977366	13,4670466975
18,16	-0,506145483078	-2,13318019688	5,65615961294
18,17	-0,523598775598	-2,42406840555	5,11747774505
18,18	-0,558505360638	-2,32710566933	28,9541503996
18,19	-0,575958653158	-1,74532925199	42,555867564
18,2	-0,593411945678	-1,16355283466	28,9541503996
18,21	-0,593411945678	-1,06659009844	5,25214821201
18,22	-0,610865238198	-1,35747830711	6,59885288177
18,23	-0,628318530718	-1,01810873033	18,0458425746
18,24	-0,628318530718	-0,872664625997	21,0085928481
18,25	-0,645771823238	-0,678739153553	28,8194799326
18,26	-0,645771823238	-0,193925472444	25,8567296592
18,27	-0,645771823238	-0,0484813681109	13,0630352966
18,28	-0,645771823238	0	5,65615961294
18,29	-0,645771823238	0	5,65615961294
18,3	-0,645771823238	0,0484813681109	12,9283648296
18,31	-0,645771823238	0,193925472444	25,0487068573
18,32	-0,645771823238	0,678739153553	25,1833773243
18,33	-0,628318530718	0,824183257886	13,7363876314
18,34	-0,628318530718	0,872664625997	9,42693268825
18,35	-0,610865238198	0,921145994108	13,8710580984
18,36	-0,610865238198	1,06659009844	26,1260705931
18,37	-0,593411945678	1,55140377955	29,6275027345
18,38	-0,575958653158	1,74532925199	24,7793659234
18,39	-0,558505360638	1,93925472444	25,9914001261
18,4	-0,541052068118	2,37558703744	17,9111721076
18,41	-0,506145483078	2,42406840555	0,673352334868
18,42	-0,488692190558	2,13318019688	4,71346634411
18,43	-0,471238898038	2,47254977366	13,3323762305
18,44	-0,436332312999	2,56951250988	9,15759175429
18,45	-0,418879020479	2,61799387799	8,48423941942
18,46	-0,383972435439	2,6664752461	13,6017171645
18,47	-0,366519142919	2,81191935043	25,0487068573
18,48	-0,331612557879	3,29673303154	24,1060135885
18,49	-0,296705972839	3,44217713588	8,21489848546
18,5	-0,261799387799	3,44217713588	-7,13753474967
18,51	-0,226892802759	3,29673303154	-19,2578767774
18,52	-0,191986217719	2,86040071855	-11,1776487589
18,53	-0,174532925199	2,86040071855	16,8338083719
18,54	-0,13962634016	3,34521439966	32,186241607
18,55	-0,10471975512	3,63610260832	32,186241607
18,56	-0,0698131700798	4,12091628943	16,8338083719
18,57	-0,0174532925199	4,12091628943	-11,3123192259
18,58	0,0174532925199	3,68458397643	-20,2005700462
18,59	0,0523598775598	3,5391398721	-11,9856715608
18,6	0,0872664625997	3,49065850399	-5,52148914597
18,61	0,12217304764	3,49065850399	-5,52148914597
18,62	0,157079632679	3,44217713588	-11,9856715608
18,63	0,191986217719	3,29673303154	-20,4699109802
18,64	0,226892802759	2,86040071855	-13,1977057635
18,65	0,244346095279	2,86040071855	7,67621661757
18,66	0,279252680319	3,24825166343	8,34956895244
18,67	0,314159265359	3,24825166343	-9,56160315522
18,68	0,349065850399	2,86040071855	-13,1977057635
18,69	0,366519142919	2,81191935043	-3,36676167438
18,7	0,401425727959	3,05432619099	-12,7936943626
18,71	0,436332312999	2,61799387799	-26,3954115271
18,72	0,453785605519	2,18166156499	-12,9283648296
18,73	0,471238898038	2,42406840555	-4,30945494319
18,74	0,506145483078	2,37558703744	-17,7765016407
18,75	0,523598775598	1,93925472444	-21,412604249
18,76	0,541052068118	1,79381062011	-12,1203420277
18,77	0,558505360638	1,74532925199	-5,52148914597
18,78	0,575958653158	1,74532925199	-5,65615961294
18,79	0,593411945678	1,69684788388	-13,0630352966
18,8	0,610865238198	1,55140377955	-25,9914001261
18,81	0,628318530718	1,06659009844	-29,6275027345
18,82	0,628318530718	0,872664625997	-24,7793659234
18,83	0,645771823238	0,678739153553	-26,1260705931
18,84	0,645771823238	0,242406840555	-18,7191949095
18,85	0,645771823238	0,193925472444	-4,44412541017
18,86	0,645771823238	0,436332312999	-12,9283648296
18,87	0,663225115758	0	-26,3954115271
18,88	0,645771823238	-0,436332312999	-12,9283648296
18,89	0,645771823238	-0,193925472444	-4,44412541017
18,9	0,645771823238	-0,242406840555	-18,7191949095
18,91	0,645771823238	-0,678739153553	-26,1260705931
18,92	0,628318530718	-0,872664625997	-24,7793659234
18,93	0,628318530718	-1,06659009844	-29,6275027345
18,94	0,610865238198	-1,55140377955	-25,9914001261
18,95	0,593411945678	-1,69684788388	-12,9283648296
18,96	0,575958653158	-1,74532925199	-4,84813681109
18,97	0,558505360638	-1,74532925199	-1,88538653765
18,98	0,541052068118	-1,74532925199	-4,84813681109
18,99	0,523598775598	-1,7938106201	-12,9283648296
19	0,506145483078	-1,93925472444	-25,8567296592
19,01	0,488692190558	-2,42406840555	-28,8194799326
19,02	0,453785605519	-2,61799387799	-21,0085928481
19,03	0,436332312999	-2,76343798232	-17,9111721076
19,04	0,401425727959	-3,1028075591	-5,52148914597
19,05	0,366519142919	-2,81191935043	0,269340933945
19,06	0,349065850399	-2,86040071855	-12,3896829617
19,07	0,314159265359	-3,24825166343	-9,42693268824
19,08	0,279252680319	-3,24825166343	8,34956895244
19,09	0,244346095279	-2,86040071855	7,67621661757
19,1	0,226892802759	-2,86040071855	-13,1977057635
19,11	0,191986217719	-3,29673303154	-20,4699109802
19,12	0,157079632679	-3,44217713588	-11,8510010938
19,13	0,12217304764	-3,49065850399	-4,57879587714
19,14	0,0872664625997	-3,49065850399	-0,942693268824
19,15	0,0523598775598	-3,49065850399	-0,134670466975
19,16	0,0174532925199	-3,49065850399	4,99106928626E-012
19,17	-0,0174532925199	-3,49065850399	3,78709409511E-012
19,18	-0,0523598775598	-3,49065850399	-3,78709409511E-012
19,19	-0,0872664625997	-3,49065850399	-4,99106928626E-012
19,2	-0,12217304764	-3,49065850399	4,90965293112E-013
19,21	-0,157079632679	-3,49065850399	0,134670466975
19,22	-0,191986217719	-3,49065850399	0,942693268822
19,23	-0,226892802759	-3,49065850399	4,71346634412
19,24	-0,261799387799	-3,44217713588	12,7936943626
19,25	-0,296705972839	-3,29673303154	25,0487068573
19,26	-0,331612557879	-2,81191935043	25,0487068573
19,27	-0,349065850399	-2,6664752461	12,7936943626
19,28	-0,383972435439	-2,61799387799	4,8481368111
19,29	-0,401425727959	-2,61799387799	1,88538653765
19,3	-0,436332312999	-2,61799387799	4,8481368111
19,31	-0,453785605519	-2,56951250988	12,7936943626
19,32	-0,488692190558	-2,42406840555	25,0487068573
19,33	-0,506145483078	-1,93925472444	25,0487068573
19,34	-0,523598775598	-1,7938106201	12,9283648296
19,35	-0,541052068118	-1,74532925199	5,65615961294
19,36	-0,558505360638	-1,74532925199	5,65615961294
19,37	-0,575958653158	-1,69684788388	12,9283648296
19,38	-0,593411945678	-1,55140377955	25,0487068573
19,39	-0,610865238198	-1,06659009844	25,1833773243
19,4	-0,610865238198	-0,921145994108	13,7363876314
19,41	-0,628318530718	-0,872664625997	9,42693268825
19,42	-0,628318530718	-0,824183257886	13,7363876314
19,43	-0,645771823238	-0,678739153553	25,3180477913
19,44	-0,645771823238	-0,193925472444	25,9914001261
19,45	-0,645771823238	-0,0484813681109	17,5071607067
19,46	-0,645771823238	0,0484813681109	17,5071607067
19,47	-0,645771823238	0,193925472444	25,9914001261
19,48	-0,645771823238	0,678739153553	25,3180477913
19,49	-0,628318530718	0,824183257886	13,7363876314
19,5	-0,628318530718	0,872664625997	9,42693268825
19,51	-0,610865238198	0,921145994108	13,7363876314
19,52	-0,610865238198	1,06659009844	25,1833773243
19,53	-0,593411945678	1,55140377955	25,0487068573
19,54	-0,575958653158	1,69684788388	12,9283648296
19,55	-0,558505360638	1,74532925199	5,65615961294
19,56	-0,541052068118	1,74532925199	5,65615961294
19,57	-0,523598775598	1,7938106201	12,9283648296
19,58	-0,506145483078	1,93925472444	25,0487068573
19,59	-0,488692190558	2,42406840555	25,1833773243
19,6	-0,453785605519	2,56951250988	13,6017171645
19,61	-0,436332312999	2,61799387799	8,48423941942
19,62	-0,401425727959	2,6664752461	9,15759175429
19,63	-0,383972435439	2,76343798232	13,3323762305
19,64	-0,349065850399	3,1028075591	4,71346634412
19,65	-0,314159265359	2,81191935043	0,538681867896
19,66	-0,296705972839	2,86040071855	16,9684788388
19,67	-0,261799387799	3,29673303154	21,277933782
19,68	-0,226892802759	3,44217713588	11,9856715608
19,69	-0,191986217719	3,49065850399	4,57879587714
19,7	-0,157079632679	3,49065850399	0,942693268824
19,71	-0,12217304764	3,49065850399	0,134670466975
19,72	-0,0872664625997	3,49065850399	-4,99106928626E-012
19,73	-0,0523598775598	3,49065850399	-3,78709409511E-012
19,74	-0,0174532925199	3,49065850399	3,78709409511E-012
19,75	0,0174532925199	3,49065850399	4,99106928626E-012
19,76	0,0523598775598	3,49065850399	-4,90965293112E-013
19,77	0,0872664625997	3,49065850399	-0,134670466975
19,78	0,12217304764	3,49065850399	-0,942693268822
19,79	0,157079632679	3,49065850399	-4,57879587715
19,8	0,191986217719	3,44217713588	-11,8510010938
19,81	0,226892802759	3,29673303154	-20,4699109802
19,82	0,261799387799	2,86040071855	-13,1977057635
19,83	0,279252680319	2,86040071855	7,54154615059
19,84	0,314159265359	3,24825166343	7,40687568361
19,85	0,349065850399	3,24825166343	-14,0057285654
19,86	0,383972435439	2,81191935043	-24,2406840555
19,87	0,401425727959	2,61799387799	-20,0658995792
19,88	0,436332312999	2,47254977366	-17,7765016407
19,89	0,453785605519	2,13318019688	-5,65615961294
19,9	0,471238898038	2,42406840555	-0,673352334873
19,91	0,506145483078	2,37558703744	-16,9684788388
19,92	0,523598775598	1,93925472444	-21,412604249
19,93	0,541052068118	1,79381062011	-12,9283648296
19,94	0,558505360638	1,74532925199	-9,29226222126
19,95	0,575958653158	1,69684788388	-13,7902558182
19,96	0,593411945678	1,55140377955	-25,6143228185
19,97	0,610865238198	1,06659009844	-27,6882480099
19,98	0,610865238198	0,901753446867	-21,3318019686
19,99	0,628318530718	0,775701889785	-25,2372455113
20	0,628318530718	0,387850944893	-31,7283620202
