Vernier Format 2
Файл.gmbl 07.12.2019 14:02:04 ,
Новый
Время	Угол	Скорость	Ускорение
t	Угол	v	a
с	rad	rad/с	rad/с²

0	0	0	0
0,01	0	0	0
0,02	0	0	0
0,03	0	0	0
0,04	0	0	0
0,05	0	0	0
0,06	0	0	0
0,07	0	0	0
0,08	0	0	0
0,09	0	0	0
0,1	0	0	0
0,11	0	0	0
0,12	0	0	0
0,13	0	0	0
0,14	0	0	0
0,15	0	0	0
0,16	0	0	0
0,17	0	0	0
0,18	0	0	0
0,19	0	0	0
0,2	0	0	0
0,21	0	0	0
0,22	0	0	0
0,23	0	0	0
0,24	0	0	0
0,25	0	0	0
0,26	0	0	0
0,27	0	0	0
0,28	0	0	0
0,29	0	0	0
0,3	0	0	0
0,31	0	0	0
0,32	0	0	0
0,33	0	0	0
0,34	0	0	0
0,35	0	0	0
0,36	0	0	0
0,37	0	0	0
0,38	0	0	0
0,39	0	0	0
0,4	0	0	0
0,41	0	0	0
0,42	0	0	0
0,43	0	0	0
0,44	0	0	0
0,45	0	0	0
0,46	0	0	0
0,47	0	0	0
0,48	0	0	0
0,49	0	0	0
0,5	0	0	0
0,51	0	0	0
0,52	0	0	0
0,53	0	0	0
0,54	0	0	0
0,55	0	0	0
0,56	0	0	0
0,57	0	0	0
0,58	0	0	0
0,59	0	0	0
0,6	0	0	0
0,61	0	0	0
0,62	0	0	0
0,63	0	0	0
0,64	0	0	0
0,65	0	0	0
0,66	0	0	0
0,67	0	0	0
0,68	0	0	0
0,69	0	0	0
0,7	0	0	0
0,71	0	0	0
0,72	0	0	0
0,73	0	0	0
0,74	0	0	0
0,75	0	0	0
0,76	0	0	0
0,77	0	0	0
0,78	0	0	0
0,79	0	0	0
0,8	0	0	0
0,81	0	0	0
0,82	0	0	0
0,83	0	0	0
0,84	0	0	0
0,85	0	0	0
0,86	0	0	0
0,87	0	0	0
0,88	0	0	0
0,89	0	0	0
0,9	0	0	0
0,91	0	0	0
0,92	0	0	0
0,93	0	0	0
0,94	0	0	0
0,95	0	0	0
0,96	0	0	0
0,97	0	0	0
0,98	0	0	0
0,99	0	0	0
1	0	0	0
1,01	0	0	0
1,02	0	0	0
1,03	0	0	0
1,04	0	0	0
1,05	0	0	0
1,06	0	0	0
1,07	0	0	0
1,08	0	0	0
1,09	0	0	0
1,1	0	0	0
1,11	0	0	0
1,12	0	0	0
1,13	0	0	0
1,14	0	0	0
1,15	0	0	0
1,16	0	0	0
1,17	0	0	0
1,18	0	0	0
1,19	0	0	0
1,2	0	0	0
1,21	0	0	0
1,22	0	0	0
1,23	0	0	0
1,24	0	0	0
1,25	0	0	0
1,26	0	0	0
1,27	0	0	0
1,28	0	0	-0,134670466975
1,29	0	0	-0,942693268824
1,3	0	0	-4,71346634412
1,31	0	-0,048481368111	-12,7936943626
1,32	0	-0,193925472444	-25,0487068573
1,33	0	-0,678739153553	-25,1833773243
1,34	-0,0174532925199	-0,824183257886	-13,6017171645
1,35	-0,0174532925199	-0,872664625997	-8,48423941941
1,36	-0,0349065850399	-0,921145994108	-9,1575917543
1,37	-0,0349065850399	-1,01810873033	-13,3323762305
1,38	-0,0523598775598	-1,35747830711	-4,71346634412
1,39	-0,0698131700798	-1,06659009844	-0,538681867893
1,4	-0,0698131700798	-1,11507146655	-16,9684788388
1,41	-0,0872664625997	-1,55140377955	-21,277933782
1,42	-0,10471975512	-1,69684788388	-11,8510010938
1,43	-0,12217304764	-1,74532925199	-3,63610260832
1,44	-0,13962634016	-1,74532925199	3,50143214135
1,45	-0,157079632679	-1,69684788388	10,773637358
1,46	-0,174532925199	-1,55140377955	15,7564446361
1,47	-0,191986217719	-1,16355283466	0,404011400923
1,48	-0,191986217719	-1,308996939	-32,5902530079
1,49	-0,209439510239	-2,18166156499	-32,5902530079
1,5	-0,244346095279	-2,32710566933	0,404011400923
1,51	-0,261799387799	-1,93925472444	15,7564446361
1,52	-0,279252680319	-1,79381062011	10,773637358
1,53	-0,296705972839	-1,74532925199	3,50143214135
1,54	-0,314159265359	-1,74532925199	-3,63610260832
1,55	-0,331612557879	-1,79381062011	-11,7163306268
1,56	-0,349065850399	-1,93925472444	-20,3352405132
1,57	-0,366519142919	-2,37558703744	-12,3896829617
1,58	-0,401425727959	-2,37558703744	11,3123192259
1,59	-0,418879020479	-1,93925472444	15,7564446361
1,6	-0,436332312999	-1,84229198822	4,98860212398E-012
1,61	-0,453785605519	-1,93925472444	-15,7564446361
1,62	-0,471238898038	-2,37558703744	-11,3123192259
1,63	-0,506145483078	-2,37558703744	12,3896829617
1,64	-0,523598775598	-1,93925472444	20,3352405132
1,65	-0,541052068118	-1,79381062011	11,8510010938
1,66	-0,558505360638	-1,74532925199	4,57879587714
1,67	-0,575958653158	-1,74532925199	0,942693268826
1,68	-0,593411945678	-1,74532925199	0,134670466973
1,69	-0,610865238198	-1,74532925199	0,134670466975
1,7	-0,628318530718	-1,74532925199	0,942693268826
1,71	-0,645771823238	-1,74532925199	4,71346634412
1,72	-0,663225115758	-1,69684788388	12,7936943626
1,73	-0,680678408278	-1,55140377955	25,0487068573
1,74	-0,698131700798	-1,06659009844	25,1833773243
1,75	-0,698131700798	-0,921145994108	13,7363876314
1,76	-0,715584993318	-0,872664625997	9,42693268824
1,77	-0,715584993318	-0,824183257886	13,7363876314
1,78	-0,733038285838	-0,678739153553	25,1833773243
1,79	-0,733038285838	-0,193925472444	25,1833773243
1,8	-0,733038285838	-0,048481368111	13,7363876314
1,81	-0,733038285838	0	9,42693268824
1,82	-0,733038285838	0,048481368111	13,8710580984
1,83	-0,733038285838	0,193925472444	26,1260705931
1,84	-0,733038285838	0,678739153553	29,7621732014
1,85	-0,715584993318	0,872664625997	25,5873887252
1,86	-0,715584993318	1,06659009844	29,7621732014
1,87	-0,698131700798	1,55140377955	25,9914001261
1,88	-0,680678408278	1,69684788388	13,0630352966
1,89	-0,663225115758	1,74532925199	5,65615961294
1,9	-0,645771823238	1,74532925199	5,65615961294
1,91	-0,628318530718	1,79381062011	12,9283648296
1,92	-0,610865238198	1,93925472444	25,0487068573
1,93	-0,593411945678	2,42406840555	25,1833773243
1,94	-0,558505360638	2,56951250988	13,7363876314
1,95	-0,541052068118	2,61799387799	9,42693268824
1,96	-0,506145483078	2,6664752461	13,7363876314
1,97	-0,488692190558	2,81191935044	25,1833773243
1,98	-0,453785605519	3,29673303154	25,0487068573
1,99	-0,418879020479	3,44217713588	12,7936943626
2	-0,383972435439	3,49065850399	4,71346634413
2,01	-0,349065850399	3,49065850399	1,0773637358
2,02	-0,314159265359	3,49065850399	1,0773637358
2,03	-0,279252680319	3,49065850399	4,57879587715
2,04	-0,244346095279	3,5391398721	11,8510010938
2,05	-0,209439510239	3,68458397643	20,4699109802
2,06	-0,174532925199	4,12091628943	13,1977057635
2,07	-0,12217304764	4,12091628943	-7,67621661757
2,08	-0,0872664625997	3,73306534454	-8,48423941942
2,09	-0,0523598775598	3,73306534454	8,61890988639
2,1	-0,0174532925199	4,12091628943	8,61890988639
2,11	0,0349065850399	4,12091628943	-8,61890988639
2,12	0,0698131700798	3,73306534454	-8,61890988639
2,13	0,10471975512	3,73306534454	8,48423941942
2,14	0,13962634016	4,12091628943	7,67621661757
2,15	0,191986217719	4,12091628943	-13,1977057635
2,16	0,226892802759	3,68458397643	-20,4699109802
2,17	0,261799387799	3,5391398721	-11,8510010938
2,18	0,296705972839	3,49065850399	-4,71346634412
2,19	0,331612557879	3,49065850399	-1,88538653765
2,2	0,366519142919	3,49065850399	-4,71346634413
2,21	0,401425727959	3,44217713588	-11,9856715608
2,22	0,436332312999	3,29673303154	-21,412604249
2,23	0,471238898038	2,86040071855	-17,7765016407
2,24	0,488692190558	2,81191935044	-4,30945494319
2,25	0,523598775598	3,05432619099	-12,9283648296
2,26	0,558505360638	2,61799387799	-26,3954115271
2,27	0,575958653158	2,18166156499	-12,9283648296
2,28	0,593411945678	2,42406840555	-4,44412541017
2,29	0,628318530718	2,37558703744	-18,7191949095
2,3	0,645771823238	1,93925472444	-26,1260705931
2,31	0,663225115758	1,74532925199	-24,7793659234
2,32	0,680678408278	1,55140377955	-29,6275027345
2,33	0,698131700798	1,06659009844	-26,1260705931
2,34	0,698131700798	0,921145994108	-13,8710580984
2,35	0,715584993318	0,872664625997	-9,42693268825
2,36	0,715584993318	0,824183257886	-13,7363876314
2,37	0,733038285838	0,678739153553	-25,1833773243
2,38	0,733038285838	0,193925472444	-25,1833773243
2,39	0,733038285838	0,0484813681109	-13,7363876314
2,4	0,733038285838	0	-9,42693268824
2,41	0,733038285838	-0,0484813681109	-13,8710580984
2,42	0,733038285838	-0,193925472444	-26,1260705931
2,43	0,733038285838	-0,678739153553	-29,7621732014
2,44	0,715584993318	-0,872664625997	-25,5873887252
2,45	0,715584993318	-1,06659009844	-29,7621732015
2,46	0,698131700798	-1,55140377955	-25,9914001262
2,47	0,680678408278	-1,69684788388	-13,0630352966
2,48	0,663225115758	-1,74532925199	-5,65615961295
2,49	0,645771823238	-1,74532925199	-5,65615961294
2,5	0,628318530718	-1,79381062011	-12,9283648296
2,51	0,610865238198	-1,93925472444	-25,0487068573
2,52	0,593411945678	-2,42406840555	-25,1833773243
2,53	0,558505360638	-2,56951250988	-13,7363876314
2,54	0,541052068118	-2,61799387799	-9,42693268824
2,55	0,506145483078	-2,6664752461	-13,7363876314
2,56	0,488692190558	-2,81191935044	-25,1833773243
2,57	0,453785605519	-3,29673303155	-25,0487068573
2,58	0,418879020479	-3,44217713588	-12,7936943626
2,59	0,383972435439	-3,49065850399	-4,71346634412
2,6	0,349065850399	-3,49065850399	-1,0773637358
2,61	0,314159265359	-3,49065850399	-1,0773637358
2,62	0,279252680319	-3,49065850399	-4,57879587715
2,63	0,244346095279	-3,5391398721	-11,8510010938
2,64	0,209439510239	-3,68458397643	-20,4699109802
2,65	0,174532925199	-4,12091628943	-13,1977057635
2,66	0,12217304764	-4,12091628943	7,67621661757
2,67	0,0872664625997	-3,73306534454	8,48423941942
2,68	0,0523598775598	-3,73306534454	-8,61890988639
2,69	0,0174532925199	-4,12091628943	-8,61890988639
2,7	-0,0349065850399	-4,12091628943	8,61890988639
2,71	-0,0698131700798	-3,73306534454	8,61890988639
2,72	-0,10471975512	-3,73306534454	-8,48423941942
2,73	-0,13962634016	-4,12091628943	-7,67621661757
2,74	-0,191986217719	-4,12091628943	13,1977057635
2,75	-0,226892802759	-3,68458397643	20,4699109802
2,76	-0,261799387799	-3,5391398721	11,9856715608
2,77	-0,296705972839	-3,49065850399	5,52148914597
2,78	-0,331612557879	-3,49065850399	5,52148914597
2,79	-0,366519142919	-3,44217713588	12,1203420277
2,8	-0,401425727959	-3,29673303154	21,277933782
2,81	-0,436332312999	-2,86040071855	16,9684788388
2,82	-0,453785605519	-2,81191935044	0,673352334873
2,83	-0,488692190558	-3,1028075591	5,65615961294
2,84	-0,523598775598	-2,76343798232	17,9111721077
2,85	-0,541052068118	-2,61799387799	21,0085928481
2,86	-0,575958653158	-2,42406840555	28,8194799326
2,87	-0,593411945678	-1,93925472444	25,8567296592
2,88	-0,610865238198	-1,79381062011	13,0630352966
2,89	-0,628318530718	-1,74532925199	5,65615961295
2,9	-0,645771823238	-1,74532925199	5,65615961294
2,91	-0,663225115758	-1,69684788388	12,9283648296
2,92	-0,680678408278	-1,55140377955	25,0487068573
2,93	-0,698131700798	-1,06659009844	25,1833773243
2,94	-0,698131700798	-0,921145994108	13,7363876314
2,95	-0,715584993318	-0,872664625997	9,56160315521
2,96	-0,715584993318	-0,824183257886	14,6790809003
2,97	-0,733038285838	-0,678739153553	29,7621732015
2,98	-0,733038285838	-0,145444104333	37,0343784181
2,99	-0,733038285838	0,145444104333	34,2062986116
3	-0,733038285838	0,630257785442	22,4899679848
3,01	-0,715584993318	0,678739153553	5,25214821202
3,02	-0,715584993318	0,436332312999	13,0630352966
3,03	-0,715584993318	0,872664625997	26,3954115271
3,04	-0,698131700798	1,308996939	13,0630352966
3,05	-0,680678408278	1,06659009844	5,25214821202
3,06	-0,680678408278	1,11507146655	22,3552975178
3,07	-0,663225115758	1,59988514766	33,3982758098
3,08	-0,645771823238	1,89077335633	33,2636053428
3,09	-0,628318530718	2,37558703744	21,547274716
3,1	-0,593411945678	2,42406840555	1,6160456037
3,11	-0,575958653158	2,13318019688	5,79083007992
3,12	-0,558505360638	2,47254977366	17,9111721077
3,13	-0,523598775598	2,61799387799	21,0085928481
3,14	-0,506145483078	2,81191935044	28,8194799326
3,15	-0,471238898038	3,29673303154	25,8567296592
3,16	-0,436332312999	3,44217713588	12,9283648296
3,17	-0,401425727959	3,49065850399	4,71346634412
3,18	-0,366519142919	3,49065850399	0,942693268824
3,19	-0,331612557879	3,49065850399	0,134670466977
3,2	-0,296705972839	3,49065850399	0,134670466973
3,21	-0,261799387799	3,49065850399	0,942693268824
3,22	-0,226892802759	3,49065850399	4,57879587715
3,23	-0,191986217719	3,5391398721	11,8510010938
3,24	-0,157079632679	3,68458397643	20,4699109802
3,25	-0,12217304764	4,12091628943	13,1977057635
3,26	-0,0698131700798	4,12091628943	-7,67621661757
3,27	-0,0349065850399	3,73306534454	-8,48423941942
3,28	0	3,73306534454	8,48423941941
3,29	0,0349065850399	4,12091628943	7,67621661757
3,3	0,0872664625997	4,12091628943	-13,1977057635
3,31	0,12217304764	3,68458397643	-20,4699109802
3,32	0,157079632679	3,5391398721	-11,8510010938
3,33	0,191986217719	3,49065850399	-4,57879587715
3,34	0,226892802759	3,49065850399	-0,942693268822
3,35	0,261799387799	3,49065850399	-0,134670466977
3,36	0,296705972839	3,49065850399	-3,34300488526E-013
3,37	0,331612557879	3,49065850399	-0,134670466974
3,38	0,366519142919	3,49065850399	-0,942693268829
3,39	0,401425727959	3,49065850399	-4,71346634412
3,4	0,436332312999	3,44217713588	-12,9283648296
3,41	0,471238898038	3,29673303154	-25,8567296592
3,42	0,506145483078	2,81191935044	-28,8194799326
3,43	0,523598775598	2,61799387799	-21,0085928481
3,44	0,558505360638	2,47254977366	-17,9111721077
3,45	0,575958653158	2,13318019688	-5,79083007992
3,46	0,593411945678	2,42406840555	-1,6160456037
3,47	0,628318530718	2,37558703744	-21,547274716
3,48	0,645771823238	1,89077335633	-33,2636053428
3,49	0,663225115758	1,59988514766	-33,3982758098
3,5	0,680678408278	1,11507146655	-22,3552975178
3,51	0,680678408278	1,06659009844	-5,25214821201
3,52	0,698131700798	1,308996939	-13,0630352966
3,53	0,715584993318	0,872664625997	-26,3954115271
3,54	0,715584993318	0,436332312999	-13,0630352966
3,55	0,715584993318	0,678739153553	-5,25214821203
3,56	0,733038285838	0,630257785442	-22,3552975178
3,57	0,733038285838	0,145444104333	-33,3982758098
3,58	0,733038285838	-0,145444104333	-33,3982758098
3,59	0,733038285838	-0,630257785442	-22,3552975178
3,6	0,715584993318	-0,678739153553	-5,25214821203
3,61	0,715584993318	-0,436332312999	-13,0630352966
3,62	0,715584993318	-0,872664625997	-26,5300819941
3,63	0,698131700798	-1,308996939	-13,8710580984
3,64	0,680678408278	-1,06659009844	-8,88825082033
3,65	0,680678408278	-1,16355283466	-29,7621732014
3,66	0,663225115758	-1,74532925199	-42,690538031
3,67	0,645771823238	-2,32710566933	-28,9541503996
3,68	0,610865238198	-2,42406840555	-5,11747774505
3,69	0,593411945678	-2,13318019688	-5,65615961295
3,7	0,575958653158	-2,47254977366	-13,4670466975
3,71	0,541052068118	-2,56951250988	-9,15759175429
3,72	0,523598775598	-2,61799387799	-8,48423941942
3,73	0,488692190558	-2,6664752461	-13,6017171645
3,74	0,471238898038	-2,81191935044	-25,1833773243
3,75	0,436332312999	-3,29673303154	-25,0487068573
3,76	0,401425727959	-3,44217713588	-12,7936943626
3,77	0,366519142919	-3,49065850399	-4,71346634413
3,78	0,331612557879	-3,49065850399	-0,942693268824
3,79	0,296705972839	-3,49065850399	-0,26934093395
3,8	0,261799387799	-3,49065850399	-0,942693268826
3,81	0,226892802759	-3,49065850399	-4,57879587714
3,82	0,191986217719	-3,5391398721	-11,8510010938
3,83	0,157079632679	-3,68458397643	-20,4699109802
3,84	0,12217304764	-4,12091628943	-13,1977057635
3,85	0,0698131700798	-4,12091628943	7,67621661758
3,86	0,0349065850399	-3,73306534454	8,48423941942
3,87	0	-3,73306534454	-8,48423941942
3,88	-0,0349065850399	-4,12091628943	-7,67621661758
3,89	-0,0872664625997	-4,12091628943	13,1977057635
3,9	-0,12217304764	-3,68458397643	20,4699109802
3,91	-0,157079632679	-3,5391398721	11,8510010938
3,92	-0,191986217719	-3,49065850399	4,57879587714
3,93	-0,226892802759	-3,49065850399	0,942693268826
3,94	-0,261799387799	-3,49065850399	0,134670466975
3,95	-0,296705972839	-3,49065850399	0,134670466973
3,96	-0,331612557879	-3,49065850399	0,942693268826
3,97	-0,366519142919	-3,49065850399	4,57879587715
3,98	-0,401425727959	-3,44217713588	11,9856715608
3,99	-0,436332312999	-3,29673303154	21,412604249
4	-0,471238898038	-2,86040071855	17,9111721077
4,01	-0,488692190558	-2,81191935044	5,25214821201
4,02	-0,523598775598	-3,05432619099	17,5071607067
4,03	-0,558505360638	-2,56951250988	38,2464126209
4,04	-0,575958653158	-1,98773609255	33,2636053428
4,05	-0,593411945678	-1,79381062011	16,5644674379
4,06	-0,610865238198	-1,74532925199	5,65615961294
4,07	-0,628318530718	-1,74532925199	2,02005700463
4,08	-0,645771823238	-1,74532925199	4,84813681109
4,09	-0,663225115758	-1,69684788388	12,9283648296
4,1	-0,680678408278	-1,55140377955	25,9914001262
4,11	-0,698131700798	-1,06659009844	29,7621732014
4,12	-0,698131700798	-0,872664625997	25,5873887252
4,13	-0,715584993318	-0,678739153553	29,7621732014
4,14	-0,715584993318	-0,193925472444	26,1260705931
4,15	-0,715584993318	-0,048481368111	13,8710580984
4,16	-0,715584993318	0	9,42693268824
4,17	-0,715584993318	0,048481368111	13,7363876314
4,18	-0,715584993318	0,193925472444	25,1833773243
4,19	-0,715584993318	0,678739153553	25,1833773243
4,2	-0,698131700798	0,824183257886	13,7363876314
4,21	-0,698131700798	0,872664625997	9,42693268824
4,22	-0,680678408278	0,921145994108	13,8710580984
4,23	-0,680678408278	1,06659009844	26,1260705931
4,24	-0,663225115758	1,55140377955	29,6275027345
4,25	-0,645771823238	1,74532925199	24,7793659234
4,26	-0,628318530718	1,93925472444	25,9914001262
4,27	-0,610865238198	2,37558703744	17,9111721077
4,28	-0,575958653158	2,42406840555	0,808022801854
4,29	-0,558505360638	2,13318019688	5,65615961295
4,3	-0,541052068118	2,47254977366	17,9111721077
4,31	-0,506145483078	2,61799387799	21,0085928481
4,32	-0,488692190558	2,81191935044	28,8194799326
4,33	-0,453785605519	3,29673303154	25,8567296592
4,34	-0,418879020479	3,44217713588	12,9283648296
4,35	-0,383972435439	3,49065850399	4,71346634413
4,36	-0,349065850399	3,49065850399	0,942693268824
4,37	-0,314159265359	3,49065850399	0,134670466975
4,38	-0,279252680319	3,49065850399	0,134670466977
4,39	-0,244346095279	3,49065850399	0,942693268822
4,4	-0,209439510239	3,49065850399	4,57879587715
4,41	-0,174532925199	3,5391398721	11,8510010938
4,42	-0,13962634016	3,68458397643	20,3352405132
4,43	-0,10471975512	4,12091628943	12,3896829617
4,44	-0,0523598775598	4,12091628943	-11,3123192259
4,45	-0,0174532925199	3,68458397643	-15,7564446361
4,46	0,0174532925199	3,58762124021	4,98366779943E-012
4,47	0,0523598775598	3,68458397643	15,7564446361
4,48	0,0872664625997	4,12091628943	11,3123192259
4,49	0,13962634016	4,12091628943	-12,3896829617
4,5	0,174532925199	3,68458397643	-20,3352405132
4,51	0,209439510239	3,5391398721	-11,8510010938
4,52	0,244346095279	3,49065850399	-4,57879587715
4,53	0,279252680319	3,49065850399	-1,0773637358
4,54	0,314159265359	3,49065850399	-1,0773637358
4,55	0,349065850399	3,49065850399	-4,71346634412
4,56	0,383972435439	3,44217713588	-12,7936943626
4,57	0,418879020479	3,29673303154	-25,0487068573
4,58	0,453785605519	2,81191935044	-25,0487068573
4,59	0,471238898038	2,6664752461	-12,7936943626
4,6	0,506145483078	2,61799387799	-4,8481368111
4,61	0,523598775598	2,61799387799	-1,88538653765
4,62	0,558505360638	2,61799387799	-4,8481368111
4,63	0,575958653158	2,56951250988	-12,9283648296
4,64	0,610865238198	2,42406840555	-25,9914001262
4,65	0,628318530718	1,93925472444	-29,7621732014
4,66	0,645771823238	1,74532925199	-25,5873887252
4,67	0,663225115758	1,55140377955	-29,7621732015
4,68	0,680678408278	1,06659009844	-26,1260705931
4,69	0,680678408278	0,921145994108	-13,8710580984
4,7	0,698131700798	0,872664625997	-9,42693268824
4,71	0,698131700798	0,824183257886	-13,7363876314
4,72	0,715584993318	0,678739153553	-25,1833773243
4,73	0,715584993318	0,193925472444	-25,1833773243
4,74	0,715584993318	0,048481368111	-13,7363876314
4,75	0,715584993318	0	-9,42693268824
4,76	0,715584993318	-0,048481368111	-13,7363876314
4,77	0,715584993318	-0,193925472444	-25,1833773243
4,78	0,715584993318	-0,678739153553	-25,1833773243
4,79	0,698131700798	-0,824183257886	-13,7363876314
4,8	0,698131700798	-0,872664625997	-9,56160315521
4,81	0,680678408278	-0,921145994108	-14,6790809003
4,82	0,680678408278	-1,06659009844	-29,7621732014
4,83	0,663225115758	-1,59988514766	-37,0343784181
4,84	0,645771823238	-1,89077335633	-34,0716281446
4,85	0,628318530718	-2,37558703744	-21,681945183
4,86	0,593411945678	-2,42406840555	-1,48137513672
4,87	0,575958653158	-2,13318019688	-4,84813681109
4,88	0,558505360638	-2,47254977366	-13,3323762305
4,89	0,523598775598	-2,56951250988	-9,15759175429
4,9	0,506145483078	-2,61799387799	-8,48423941942
4,91	0,471238898038	-2,6664752461	-13,6017171645
4,92	0,453785605519	-2,81191935044	-25,1833773243
4,93	0,418879020479	-3,29673303154	-25,0487068573
4,94	0,383972435439	-3,44217713588	-12,7936943626
4,95	0,349065850399	-3,49065850399	-4,71346634412
4,96	0,314159265359	-3,49065850399	-1,0773637358
4,97	0,279252680319	-3,49065850399	-1,0773637358
4,98	0,244346095279	-3,49065850399	-4,57879587715
4,99	0,209439510239	-3,5391398721	-11,8510010938
5	0,174532925199	-3,68458397643	-20,3352405132
5,01	0,13962634016	-4,12091628943	-12,3896829617
5,02	0,0872664625997	-4,12091628943	11,3123192259
5,03	0,0523598775598	-3,68458397643	15,7564446361
5,04	0,0174532925199	-3,58762124021	4,98366779943E-012
5,05	-0,0174532925199	-3,68458397643	-15,7564446361
5,06	-0,0523598775598	-4,12091628943	-11,3123192259
5,07	-0,10471975512	-4,12091628943	12,3896829617
5,08	-0,13962634016	-3,68458397643	20,3352405132
5,09	-0,174532925199	-3,5391398721	11,8510010938
5,1	-0,209439510239	-3,49065850399	4,57879587715
5,11	-0,244346095279	-3,49065850399	0,942693268822
5,12	-0,279252680319	-3,49065850399	0,269340933952
5,13	-0,314159265359	-3,49065850399	0,942693268824
5,14	-0,349065850399	-3,49065850399	4,71346634412
5,15	-0,383972435439	-3,44217713588	12,7936943626
5,16	-0,418879020479	-3,29673303154	25,0487068573
5,17	-0,453785605519	-2,81191935044	25,1833773243
5,18	-0,471238898038	-2,6664752461	13,7363876314
5,19	-0,506145483078	-2,61799387799	9,42693268824
5,2	-0,523598775598	-2,56951250988	13,7363876314
5,21	-0,558505360638	-2,42406840555	25,1833773243
5,22	-0,575958653158	-1,93925472444	25,0487068573
5,23	-0,593411945678	-1,79381062011	12,9283648296
5,24	-0,610865238198	-1,74532925199	5,65615961294
5,25	-0,628318530718	-1,74532925199	5,65615961295
5,26	-0,645771823238	-1,69684788388	12,9283648296
5,27	-0,663225115758	-1,55140377955	25,0487068573
5,28	-0,680678408278	-1,06659009844	25,1833773243
5,29	-0,680678408278	-0,921145994108	13,7363876314
5,3	-0,698131700798	-0,872664625997	9,56160315521
5,31	-0,698131700798	-0,824183257886	14,6790809003
5,32	-0,715584993318	-0,678739153553	29,7621732014
5,33	-0,715584993318	-0,145444104333	37,0343784181
5,34	-0,715584993318	0,145444104333	34,0716281446
5,35	-0,715584993318	0,630257785442	21,681945183
5,36	-0,698131700798	0,678739153553	1,61604560369
5,37	-0,698131700798	0,387850944888	5,79083007991
5,38	-0,698131700798	0,727220521664	17,9111721077
5,39	-0,680678408278	0,872664625997	21,0085928481
5,4	-0,680678408278	1,06659009844	28,9541503996
5,41	-0,663225115758	1,55140377955	26,799422928
5,42	-0,645771823238	1,69684788388	17,5071607067
5,43	-0,628318530718	1,79381062011	16,6991379049
5,44	-0,610865238198	1,93925472444	22,3552975178
5,45	-0,593411945678	2,37558703744	17,9111721077
5,46	-0,558505360638	2,42406840555	4,30945494319
5,47	-0,541052068118	2,18166156499	12,9283648296
5,48	-0,523598775598	2,61799387799	26,3954115271
5,49	-0,488692190558	3,05432619099	12,9283648296
5,5	-0,453785605519	2,81191935044	4,3094549432
5,51	-0,436332312999	2,86040071855	17,7765016407
5,52	-0,401425727959	3,29673303154	21,412604249
5,53	-0,366519142919	3,44217713588	11,9856715608
5,54	-0,331612557879	3,49065850399	4,57879587715
5,55	-0,296705972839	3,49065850399	1,0773637358
5,56	-0,261799387799	3,49065850399	1,0773637358
5,57	-0,226892802759	3,49065850399	4,57879587715
5,58	-0,191986217719	3,5391398721	11,8510010938
5,59	-0,157079632679	3,68458397643	20,3352405132
5,6	-0,12217304764	4,12091628943	12,3896829617
5,61	-0,0698131700798	4,12091628943	-11,3123192259
5,62	-0,0349065850399	3,68458397643	-15,7564446361
5,63	0	3,58762124021	-6,47013307129E-012
5,64	0,0349065850399	3,68458397643	15,7564446361
5,65	0,0698131700798	4,12091628943	11,3123192259
5,66	0,12217304764	4,12091628943	-12,3896829617
5,67	0,157079632679	3,68458397643	-20,3352405132
5,68	0,191986217719	3,5391398721	-11,8510010938
5,69	0,226892802759	3,49065850399	-4,57879587714
5,7	0,261799387799	3,49065850399	-1,0773637358
5,71	0,296705972839	3,49065850399	-1,0773637358
5,72	0,331612557879	3,49065850399	-4,71346634412
5,73	0,366519142919	3,44217713588	-12,7936943626
5,74	0,401425727959	3,29673303154	-25,0487068573
5,75	0,436332312999	2,81191935044	-25,0487068573
5,76	0,453785605519	2,6664752461	-12,7936943626
5,77	0,488692190558	2,61799387799	-4,84813681109
5,78	0,506145483078	2,61799387799	-1,88538653765
5,79	0,541052068118	2,61799387799	-4,8481368111
5,8	0,558505360638	2,56951250988	-12,9283648296
5,81	0,593411945678	2,42406840555	-25,9914001262
5,82	0,610865238198	1,93925472444	-29,6275027345
5,83	0,628318530718	1,74532925199	-24,7793659234
5,84	0,645771823238	1,55140377955	-26,1260705931
5,85	0,663225115758	1,11507146655	-18,7191949095
5,86	0,663225115758	1,06659009844	-4,44412541017
5,87	0,680678408278	1,308996939	-12,9283648296
5,88	0,698131700798	0,872664625997	-26,3954115271
5,89	0,698131700798	0,436332312999	-13,0630352966
5,9	0,698131700798	0,678739153553	-5,25214821202
5,91	0,715584993318	0,630257785442	-22,3552975178
5,92	0,715584993318	0,145444104333	-33,3982758098
5,93	0,715584993318	-0,145444104333	-33,3982758098
5,94	0,715584993318	-0,630257785442	-22,3552975178
5,95	0,698131700798	-0,678739153553	-5,25214821202
5,96	0,698131700798	-0,436332312999	-13,0630352966
5,97	0,698131700798	-0,872664625997	-26,3954115271
5,98	0,680678408278	-1,308996939	-13,0630352966
5,99	0,663225115758	-1,06659009844	-5,25214821202
6	0,663225115758	-1,11507146655	-22,3552975178
6,01	0,645771823238	-1,59988514766	-33,3982758098
6,02	0,628318530718	-1,89077335633	-33,2636053428
6,03	0,610865238198	-2,37558703744	-21,547274716
6,04	0,575958653158	-2,42406840555	-1,6160456037
6,05	0,558505360638	-2,13318019688	-5,65615961295
6,06	0,541052068118	-2,47254977366	-16,9684788388
6,07	0,506145483078	-2,61799387799	-16,4297969709
6,08	0,488692190558	-2,76343798232	-16,9684788388
6,09	0,453785605519	-3,1028075591	-5,52148914597
6,1	0,418879020479	-2,81191935044	-0,673352334869
6,11	0,401425727959	-2,86040071855	-16,9684788388
6,12	0,366519142919	-3,29673303154	-21,277933782
6,13	0,331612557879	-3,44217713588	-12,1203420277
6,14	0,296705972839	-3,49065850399	-5,52148914597
6,15	0,261799387799	-3,49065850399	-5,52148914597
6,16	0,226892802759	-3,5391398721	-11,9856715608
6,17	0,191986217719	-3,68458397643	-20,3352405132
6,18	0,157079632679	-4,12091628943	-12,3896829617
6,19	0,10471975512	-4,12091628943	11,3123192259
6,2	0,0698131700798	-3,68458397643	15,7564446361
6,21	0,0349065850399	-3,58762124021	6,47013307129E-012
6,22	0	-3,68458397643	-15,7564446361
6,23	-0,0349065850399	-4,12091628943	-11,3123192259
6,24	-0,0872664625997	-4,12091628943	12,3896829617
6,25	-0,12217304764	-3,68458397643	20,3352405132
6,26	-0,157079632679	-3,5391398721	11,8510010938
6,27	-0,191986217719	-3,49065850399	4,57879587714
6,28	-0,226892802759	-3,49065850399	0,942693268826
6,29	-0,261799387799	-3,49065850399	0,26934093395
6,3	-0,296705972839	-3,49065850399	0,942693268822
6,31	-0,331612557879	-3,49065850399	4,71346634412
6,32	-0,366519142919	-3,44217713588	12,7936943626
6,33	-0,401425727959	-3,29673303154	25,0487068573
6,34	-0,436332312999	-2,81191935044	25,1833773243
6,35	-0,453785605519	-2,6664752461	13,6017171645
6,36	-0,488692190558	-2,61799387799	8,48423941941
6,37	-0,506145483078	-2,56951250988	9,15759175429
6,38	-0,541052068118	-2,47254977366	13,4670466975
6,39	-0,558505360638	-2,13318019688	5,65615961295
6,4	-0,575958653158	-2,42406840555	5,11747774505
6,41	-0,610865238198	-2,32710566933	28,9541503996
6,42	-0,628318530718	-1,74532925199	42,5558675641
6,43	-0,645771823238	-1,16355283466	28,9541503996
6,44	-0,645771823238	-1,06659009844	5,25214821201
6,45	-0,663225115758	-1,35747830711	6,59885288177
6,46	-0,680678408278	-1,01810873033	18,0458425746
6,47	-0,680678408278	-0,872664625997	21,0085928481
6,48	-0,698131700798	-0,678739153553	28,8194799326
6,49	-0,698131700798	-0,193925472444	25,9914001261
6,5	-0,698131700798	-0,0484813681109	13,8710580984
6,51	-0,698131700798	0	9,42693268824
6,52	-0,698131700798	0,0484813681109	13,7363876314
6,53	-0,698131700798	0,193925472444	25,1833773243
6,54	-0,698131700798	0,678739153553	25,1833773243
6,55	-0,680678408278	0,824183257886	13,7363876314
6,56	-0,680678408278	0,872664625997	9,42693268825
6,57	-0,663225115758	0,921145994108	13,7363876314
6,58	-0,663225115758	1,06659009844	25,3180477913
6,59	-0,645771823238	1,55140377955	25,9914001261
6,6	-0,628318530718	1,69684788388	17,5071607067
6,61	-0,610865238198	1,79381062011	17,5071607067
6,62	-0,593411945678	1,93925472444	25,9914001261
6,63	-0,575958653158	2,42406840555	25,3180477913
6,64	-0,541052068118	2,56951250988	13,7363876314
6,65	-0,523598775598	2,61799387799	9,29226222126
6,66	-0,488692190558	2,6664752461	12,7936943626
6,67	-0,471238898038	2,81191935044	20,6045814472
6,68	-0,436332312999	3,24825166343	13,1977057635
6,69	-0,401425727959	3,24825166343	-7,54154615059
6,7	-0,366519142919	2,86040071855	-7,5415461506
6,71	-0,349065850399	2,86040071855	13,3323762305
6,72	-0,314159265359	3,29673303154	21,412604249
6,73	-0,279252680319	3,44217713588	16,4297969709
6,74	-0,244346095279	3,5391398721	16,4297969709
6,75	-0,209439510239	3,68458397643	21,277933782
6,76	-0,174532925199	4,12091628943	12,5243534287
6,77	-0,12217304764	4,12091628943	-11,3123192259
6,78	-0,0872664625997	3,68458397643	-15,7564446361
6,79	-0,0523598775598	3,58762124021	-6,47013307129E-012
6,8	-0,0174532925199	3,68458397643	15,7564446361
6,81	0,0174532925199	4,12091628943	11,3123192259
6,82	0,0698131700798	4,12091628943	-12,3896829617
6,83	0,10471975512	3,68458397643	-20,3352405132
6,84	0,13962634016	3,5391398721	-11,8510010938
6,85	0,174532925199	3,49065850399	-4,57879587714
6,86	0,209439510239	3,49065850399	-0,942693268826
6,87	0,244346095279	3,49065850399	-0,26934093395
6,88	0,279252680319	3,49065850399	-0,942693268824
6,89	0,314159265359	3,49065850399	-4,57879587715
6,9	0,349065850399	3,44217713588	-11,9856715608
6,91	0,383972435439	3,29673303154	-21,412604249
6,92	0,418879020479	2,86040071855	-17,7765016407
6,93	0,436332312999	2,81191935044	-4,30945494319
6,94	0,471238898038	3,05432619099	-12,9283648296
6,95	0,506145483078	2,61799387799	-26,3954115271
6,96	0,523598775598	2,18166156499	-12,9283648296
6,97	0,541052068118	2,42406840555	-4,30945494319
6,98	0,575958653158	2,37558703744	-17,9111721077
6,99	0,593411945678	1,93925472444	-22,3552975178
7	0,610865238198	1,79381062011	-16,5644674379
7,01	0,628318530718	1,69684788388	-16,5644674379
7,02	0,645771823238	1,55140377955	-22,3552975178
7,03	0,663225115758	1,11507146655	-18,0458425746
7,04	0,663225115758	1,06659009844	-5,25214821202
7,05	0,680678408278	1,308996939	-17,5071607067
7,06	0,698131700798	0,824183257886	-38,2464126209
7,07	0,698131700798	0,242406840555	-33,2636053428
7,08	0,698131700798	0,048481368111	-16,6991379049
7,09	0,698131700798	0	-6,46418241479
7,1	0,698131700798	0	-5,79083007992
7,11	0,698131700798	-0,048481368111	-13,0630352966
7,12	0,698131700798	-0,193925472444	-25,8567296592
7,13	0,698131700798	-0,678739153553	-28,8194799326
7,14	0,680678408278	-0,872664625997	-21,0085928481
7,15	0,680678408278	-1,01810873033	-18,0458425746
7,16	0,663225115758	-1,35747830711	-6,59885288177
7,17	0,645771823238	-1,06659009844	-5,25214821202
7,18	0,645771823238	-1,16355283466	-28,9541503996
7,19	0,628318530718	-1,74532925199	-42,5558675641
7,2	0,610865238198	-2,32710566933	-28,9541503996
7,21	0,575958653158	-2,42406840555	-5,11747774504
7,22	0,558505360638	-2,13318019688	-5,65615961295
7,23	0,541052068118	-2,47254977366	-13,4670466975
7,24	0,506145483078	-2,56951250988	-9,15759175429
7,25	0,488692190558	-2,61799387799	-8,48423941942
7,26	0,453785605519	-2,6664752461	-13,6017171645
7,27	0,436332312999	-2,81191935044	-25,1833773243
7,28	0,401425727959	-3,29673303154	-25,0487068573
7,29	0,366519142919	-3,44217713588	-12,7936943626
7,3	0,331612557879	-3,49065850399	-4,71346634412
7,31	0,296705972839	-3,49065850399	-0,942693268824
7,32	0,261799387799	-3,49065850399	-0,134670466977
7,33	0,226892802759	-3,49065850399	1,97619698383E-012
7,34	0,191986217719	-3,49065850399	-0,134670466975
7,35	0,157079632679	-3,49065850399	-0,942693268826
7,36	0,12217304764	-3,49065850399	-4,57879587714
7,37	0,0872664625997	-3,5391398721	-11,8510010938
7,38	0,0523598775598	-3,68458397643	-20,3352405132
7,39	0,0174532925199	-4,12091628943	-12,2550124947
7,4	-0,0349065850399	-4,12091628943	12,2550124947
7,41	-0,0698131700798	-3,68458397643	20,3352405132
7,42	-0,10471975512	-3,5391398721	11,8510010938
7,43	-0,13962634016	-3,49065850399	4,57879587714
7,44	-0,174532925199	-3,49065850399	0,942693268826
7,45	-0,209439510239	-3,49065850399	0,134670466975
7,46	-0,244346095279	-3,49065850399	0,134670466973
7,47	-0,279252680319	-3,49065850399	0,942693268826
7,48	-0,314159265359	-3,49065850399	4,57879587714
7,49	-0,349065850399	-3,44217713588	11,9856715608
7,5	-0,383972435439	-3,29673303155	21,412604249
7,51	-0,418879020479	-2,86040071855	17,7765016407
7,52	-0,436332312999	-2,81191935044	4,3094549432
7,53	-0,471238898038	-3,05432619099	12,9283648296
7,54	-0,506145483078	-2,61799387799	26,3954115271
7,55	-0,523598775598	-2,18166156499	12,9283648296
7,56	-0,541052068118	-2,42406840555	4,30945494319
7,57	-0,575958653158	-2,37558703744	17,9111721077
7,58	-0,593411945678	-1,93925472444	22,3552975178
7,59	-0,610865238198	-1,79381062011	16,6991379049
7,6	-0,628318530718	-1,69684788388	17,5071607067
7,61	-0,645771823238	-1,55140377955	26,799422928
7,62	-0,663225115758	-1,06659009844	28,9541503996
7,63	-0,663225115758	-0,872664625997	21,0085928481
7,64	-0,680678408278	-0,727220521664	17,9111721077
7,65	-0,680678408278	-0,387850944888	5,79083007993
7,66	-0,680678408278	-0,678739153553	1,6160456037
7,67	-0,698131700798	-0,630257785442	21,547274716
7,68	-0,698131700798	-0,145444104333	33,2636053428
7,69	-0,698131700798	0,145444104333	33,3982758098
7,7	-0,698131700798	0,630257785442	22,3552975178
7,71	-0,680678408278	0,678739153553	5,25214821203
7,72	-0,680678408278	0,436332312999	13,0630352966
7,73	-0,680678408278	0,872664625997	26,3954115271
7,74	-0,663225115758	1,308996939	13,0630352966
7,75	-0,645771823238	1,06659009844	5,25214821201
7,76	-0,645771823238	1,11507146655	22,3552975178
7,77	-0,628318530718	1,59988514766	33,3982758098
7,78	-0,610865238198	1,89077335633	33,2636053428
7,79	-0,593411945678	2,37558703744	21,547274716
7,8	-0,558505360638	2,42406840555	1,6160456037
7,81	-0,541052068118	2,13318019688	5,65615961294
7,82	-0,523598775598	2,47254977366	16,9684788388
7,83	-0,488692190558	2,61799387799	16,4297969709
7,84	-0,471238898038	2,76343798232	16,9684788388
7,85	-0,436332312999	3,1028075591	5,52148914598
7,86	-0,401425727959	2,81191935044	0,673352334876
7,87	-0,383972435439	2,86040071855	16,9684788388
7,88	-0,349065850399	3,29673303154	21,277933782
7,89	-0,314159265359	3,44217713588	11,9856715608
7,9	-0,279252680319	3,49065850399	4,57879587715
7,91	-0,244346095279	3,49065850399	1,0773637358
7,92	-0,209439510239	3,49065850399	1,0773637358
7,93	-0,174532925199	3,49065850399	4,57879587715
7,94	-0,13962634016	3,5391398721	11,8510010938
7,95	-0,10471975512	3,68458397643	20,3352405132
7,96	-0,0698131700798	4,12091628943	12,2550124947
7,97	-0,0174532925199	4,12091628943	-12,2550124947
7,98	0,0174532925199	3,68458397643	-20,3352405132
7,99	0,0523598775598	3,5391398721	-11,8510010938
8	0,0872664625997	3,49065850399	-4,57879587715
8,01	0,12217304764	3,49065850399	-0,942693268822
8,02	0,157079632679	3,49065850399	-0,134670466977
8,03	0,191986217719	3,49065850399	0
8,04	0,226892802759	3,49065850399	1,97619698383E-012
8,05	0,261799387799	3,49065850399	-0,134670466977
8,06	0,296705972839	3,49065850399	-0,942693268824
8,07	0,331612557879	3,49065850399	-4,71346634412
8,08	0,366519142919	3,44217713588	-12,7936943626
8,09	0,401425727959	3,29673303154	-25,0487068573
8,1	0,436332312999	2,81191935044	-25,1833773243
8,11	0,453785605519	2,6664752461	-13,7363876314
8,12	0,488692190558	2,61799387799	-9,42693268824
8,13	0,506145483078	2,56951250988	-13,7363876314
8,14	0,541052068118	2,42406840555	-25,1833773243
8,15	0,558505360638	1,93925472444	-25,0487068573
8,16	0,575958653158	1,79381062011	-12,9283648296
8,17	0,593411945678	1,74532925199	-5,65615961294
8,18	0,610865238198	1,74532925199	-5,65615961295
8,19	0,628318530718	1,69684788388	-12,9283648296
8,2	0,645771823238	1,55140377955	-25,0487068573
8,21	0,663225115758	1,06659009844	-25,1833773243
8,22	0,663225115758	0,921145994108	-13,7363876314
8,23	0,680678408278	0,872664625997	-9,42693268824
8,24	0,680678408278	0,824183257886	-13,8710580984
8,25	0,698131700798	0,678739153553	-26,1260705931
8,26	0,698131700798	0,193925472444	-29,6275027345
8,27	0,698131700798	0	-24,7793659234
8,28	0,698131700798	-0,193925472444	-26,1260705931
8,29	0,698131700798	-0,630257785442	-18,8538653765
8,3	0,680678408278	-0,678739153553	-5,38681867899
8,31	0,680678408278	-0,436332312999	-17,5071607067
8,32	0,680678408278	-0,921145994108	-38,2464126209
8,33	0,663225115758	-1,50292241144	-33,2636053428
8,34	0,645771823238	-1,69684788388	-16,5644674379
8,35	0,628318530718	-1,74532925199	-5,65615961294
8,36	0,610865238198	-1,74532925199	-2,02005700463
8,37	0,593411945678	-1,74532925199	-4,84813681109
8,38	0,575958653158	-1,79381062011	-12,7936943626
8,39	0,558505360638	-1,93925472444	-25,0487068573
8,4	0,541052068118	-2,42406840555	-25,1833773243
8,41	0,506145483078	-2,56951250988	-13,7363876314
8,42	0,488692190558	-2,61799387799	-9,42693268824
8,43	0,453785605519	-2,6664752461	-13,6017171645
8,44	0,436332312999	-2,81191935044	-24,2406840555
8,45	0,401425727959	-3,29673303154	-20,4699109802
8,46	0,366519142919	-3,39369576777	-0,942693268829
8,47	0,331612557879	-3,29673303155	15,4871037021
8,48	0,296705972839	-2,86040071855	10,3696259571
8,49	0,279252680319	-2,86040071855	-16,9684788388
8,5	0,244346095279	-3,34521439966	-32,186241607
8,51	0,209439510239	-3,63610260832	-32,186241607
8,52	0,174532925199	-4,12091628943	-16,8338083719
8,53	0,12217304764	-4,12091628943	11,3123192259
8,54	0,0872664625997	-3,68458397643	20,0658995793
8,55	0,0523598775598	-3,5391398721	10,908307825
8,56	0,0174532925199	-3,49065850399	4,98736854284E-012
8,57	-0,0174532925199	-3,5391398721	-10,908307825
8,58	-0,0523598775598	-3,68458397643	-20,2005700462
8,59	-0,0872664625997	-4,12091628943	-12,2550124947
8,6	-0,13962634016	-4,12091628943	12,2550124947
8,61	-0,174532925199	-3,68458397643	20,4699109802
8,62	-0,209439510239	-3,5391398721	12,7936943626
8,63	-0,244346095279	-3,49065850399	9,15759175429
8,64	-0,279252680319	-3,44217713588	12,9283648296
8,65	-0,314159265359	-3,29673303154	21,412604249
8,66	-0,349065850399	-2,86040071855	16,9684788388
8,67	-0,366519142919	-2,81191935044	0,538681867898
8,68	-0,401425727959	-3,1028075591	4,71346634412
8,69	-0,436332312999	-2,76343798232	13,3323762305
8,7	-0,453785605519	-2,6664752461	9,15759175429
8,71	-0,488692190558	-2,61799387799	8,48423941941
8,72	-0,506145483078	-2,56951250988	13,6017171645
8,73	-0,541052068118	-2,42406840555	25,1833773243
8,74	-0,558505360638	-1,93925472444	25,0487068573
8,75	-0,575958653158	-1,79381062011	12,9283648296
8,76	-0,593411945678	-1,74532925199	5,65615961294
8,77	-0,610865238198	-1,74532925199	5,65615961295
8,78	-0,628318530718	-1,69684788388	13,0630352966
8,79	-0,645771823238	-1,55140377955	25,9914001261
8,8	-0,663225115758	-1,06659009844	29,7621732014
8,81	-0,663225115758	-0,872664625997	25,5873887252
8,82	-0,680678408278	-0,678739153553	29,7621732015
8,83	-0,680678408278	-0,193925472444	25,9914001262
8,84	-0,680678408278	-0,048481368111	13,0630352966
8,85	-0,680678408278	0	5,65615961295
8,86	-0,680678408278	0	5,65615961295
8,87	-0,680678408278	0,048481368111	13,0630352966
8,88	-0,680678408278	0,193925472444	25,8567296592
8,89	-0,680678408278	0,678739153553	28,8194799326
8,9	-0,663225115758	0,872664625997	21,0085928481
8,91	-0,663225115758	1,01810873033	18,0458425746
8,92	-0,645771823238	1,35747830711	6,59885288176
8,93	-0,628318530718	1,06659009844	5,25214821202
8,94	-0,628318530718	1,16355283466	28,9541503996
8,95	-0,610865238198	1,74532925199	42,5558675641
8,96	-0,593411945678	2,32710566933	28,9541503996
8,97	-0,558505360638	2,42406840555	5,11747774504
8,98	-0,541052068118	2,13318019688	5,65615961294
8,99	-0,523598775598	2,47254977366	13,4670466975
9	-0,488692190558	2,56951250988	9,15759175429
9,01	-0,471238898038	2,61799387799	8,48423941942
9,02	-0,436332312999	2,6664752461	13,6017171645
9,03	-0,418879020479	2,81191935044	25,1833773243
9,04	-0,383972435439	3,29673303155	25,0487068573
9,05	-0,349065850399	3,44217713588	12,7936943626
9,06	-0,314159265359	3,49065850399	4,71346634412
9,07	-0,279252680319	3,49065850399	0,942693268826
9,08	-0,244346095279	3,49065850399	0,134670466973
9,09	-0,209439510239	3,49065850399	0
9,1	-0,174532925199	3,49065850399	1,97619698383E-012
9,11	-0,13962634016	3,49065850399	-2,0329417162E-012
9,12	-0,10471975512	3,49065850399	0,134670466975
9,13	-0,0698131700798	3,49065850399	0,942693268824
9,14	-0,0349065850399	3,49065850399	4,57879587714
9,15	0	3,5391398721	11,8510010938
9,16	0,0349065850399	3,68458397643	20,3352405132
9,17	0,0698131700798	4,12091628943	12,2550124947
9,18	0,12217304764	4,12091628943	-12,2550124947
9,19	0,157079632679	3,68458397643	-20,4699109802
9,2	0,191986217719	3,5391398721	-12,7936943626
9,21	0,226892802759	3,49065850399	-9,15759175429
9,22	0,261799387799	3,44217713588	-12,7936943626
9,23	0,296705972839	3,29673303154	-20,6045814472
9,24	0,331612557879	2,86040071855	-13,1977057635
9,25	0,349065850399	2,86040071855	7,54154615059
9,26	0,383972435439	3,24825166343	7,40687568362
9,27	0,418879020479	3,24825166343	-14,0057285654
9,28	0,453785605519	2,81191935044	-24,2406840555
9,29	0,471238898038	2,61799387799	-20,0658995793
9,3	0,506145483078	2,47254977366	-17,7765016407
9,31	0,523598775598	2,13318019688	-5,65615961294
9,32	0,541052068118	2,42406840555	-0,808022801846
9,33	0,575958653158	2,37558703744	-17,9111721077
9,34	0,593411945678	1,93925472444	-25,9914001262
9,35	0,610865238198	1,74532925199	-24,7793659234
9,36	0,628318530718	1,55140377955	-29,6275027345
9,37	0,645771823238	1,06659009844	-26,1260705931
9,38	0,645771823238	0,921145994108	-13,8710580984
9,39	0,663225115758	0,872664625997	-9,42693268825
9,4	0,663225115758	0,824183257886	-13,7363876314
9,41	0,680678408278	0,678739153553	-25,1833773243
9,42	0,680678408278	0,193925472444	-25,0487068573
9,43	0,680678408278	0,0484813681109	-12,9283648296
9,44	0,680678408278	0	-5,65615961294
9,45	0,680678408278	0	-5,65615961294
9,46	0,680678408278	-0,0484813681109	-13,0630352966
9,47	0,680678408278	-0,193925472444	-25,9914001261
9,48	0,680678408278	-0,678739153553	-29,7621732014
9,49	0,663225115758	-0,872664625997	-25,5873887252
9,5	0,663225115758	-1,06659009844	-29,7621732015
9,51	0,645771823238	-1,55140377955	-25,9914001262
9,52	0,628318530718	-1,69684788388	-13,0630352966
9,53	0,610865238198	-1,74532925199	-5,65615961295
9,54	0,593411945678	-1,74532925199	-5,65615961294
9,55	0,575958653158	-1,79381062011	-12,9283648296
9,56	0,558505360638	-1,93925472444	-25,0487068573
9,57	0,541052068118	-2,42406840555	-25,1833773243
9,58	0,506145483078	-2,56951250988	-13,6017171645
9,59	0,488692190558	-2,61799387799	-8,48423941942
9,6	0,453785605519	-2,6664752461	-9,15759175429
9,61	0,436332312999	-2,76343798232	-13,3323762305
9,62	0,401425727959	-3,1028075591	-4,71346634412
9,63	0,366519142919	-2,81191935044	-0,538681867904
9,64	0,349065850399	-2,86040071855	-16,9684788388
9,65	0,314159265359	-3,29673303155	-21,277933782
9,66	0,279252680319	-3,44217713588	-11,9856715608
9,67	0,244346095279	-3,49065850399	-4,71346634412
9,68	0,209439510239	-3,49065850399	-1,88538653765
9,69	0,174532925199	-3,49065850399	-4,71346634412
9,7	0,13962634016	-3,5391398721	-11,8510010938
9,71	0,10471975512	-3,68458397643	-20,3352405132
9,72	0,0698131700798	-4,12091628943	-12,2550124947
9,73	0,0174532925199	-4,12091628943	12,2550124947
9,74	-0,0174532925199	-3,68458397643	20,3352405132
9,75	-0,0523598775598	-3,5391398721	11,8510010938
9,76	-0,0872664625997	-3,49065850399	4,57879587714
9,77	-0,12217304764	-3,49065850399	0,942693268824
9,78	-0,157079632679	-3,49065850399	0,134670466975
9,79	-0,191986217719	-3,49065850399	0,134670466973
9,8	-0,226892802759	-3,49065850399	0,942693268826
9,81	-0,261799387799	-3,49065850399	4,57879587714
9,82	-0,296705972839	-3,44217713588	11,9856715608
9,83	-0,331612557879	-3,29673303155	21,277933782
9,84	-0,366519142919	-2,86040071855	16,9684788388
9,85	-0,383972435439	-2,81191935044	0,673352334879
9,86	-0,418879020479	-3,1028075591	5,52148914597
9,87	-0,453785605519	-2,76343798232	16,9684788388
9,88	-0,471238898038	-2,61799387799	16,4297969709
9,89	-0,506145483078	-2,47254977366	16,9684788388
9,9	-0,523598775598	-2,13318019688	5,65615961294
9,91	-0,541052068118	-2,42406840555	1,6160456037
9,92	-0,575958653158	-2,37558703744	21,547274716
9,93	-0,593411945678	-1,89077335633	33,2636053428
9,94	-0,610865238198	-1,59988514766	33,3982758098
9,95	-0,628318530718	-1,11507146655	22,3552975178
9,96	-0,628318530718	-1,06659009844	5,25214821202
9,97	-0,645771823238	-1,308996939	13,0630352966
9,98	-0,663225115758	-0,872664625997	26,3954115271
9,99	-0,663225115758	-0,436332312999	12,9283648296
10	-0,663225115758	-0,678739153553	4,44412541017
10,01	-0,680678408278	-0,630257785442	18,7191949095
10,02	-0,680678408278	-0,193925472444	26,1260705931
10,03	-0,680678408278	0	24,7793659234
10,04	-0,680678408278	0,193925472444	29,6275027345
10,05	-0,680678408278	0,678739153553	26,1260705931
10,06	-0,663225115758	0,824183257886	13,8710580984
10,07	-0,663225115758	0,872664625997	9,42693268824
10,08	-0,645771823238	0,921145994108	13,7363876314
10,09	-0,645771823238	1,06659009844	25,1833773243
10,1	-0,628318530718	1,55140377955	25,0487068573
10,11	-0,610865238198	1,69684788388	12,9283648296
10,12	-0,593411945678	1,74532925199	5,65615961294
10,13	-0,575958653158	1,74532925199	5,65615961295
10,14	-0,558505360638	1,79381062011	12,9283648296
10,15	-0,541052068118	1,93925472444	25,0487068573
10,16	-0,523598775598	2,42406840555	25,1833773243
10,17	-0,488692190558	2,56951250988	13,7363876314
10,18	-0,471238898038	2,61799387799	9,42693268824
10,19	-0,436332312999	2,6664752461	13,6017171645
10,2	-0,418879020479	2,81191935044	24,2406840555
10,21	-0,383972435439	3,29673303155	20,4699109802
10,22	-0,349065850399	3,39369576777	0,94269326882
10,23	-0,314159265359	3,29673303154	-15,4871037021
10,24	-0,279252680319	2,86040071855	-10,3696259571
10,25	-0,261799387799	2,86040071855	16,9684788388
10,26	-0,226892802759	3,34521439966	32,186241607
10,27	-0,191986217719	3,63610260832	32,186241607
10,28	-0,157079632679	4,12091628943	16,8338083719
10,29	-0,10471975512	4,12091628943	-11,3123192259
10,3	-0,0698131700798	3,68458397643	-20,2005700462
10,31	-0,0349065850399	3,5391398721	-11,8510010938
10,32	0	3,49065850399	-4,57879587715
10,33	0,0349065850399	3,49065850399	-0,94269326882
10,34	0,0698131700798	3,49065850399	-0,13467046697
10,35	0,10471975512	3,49065850399	-4,79863062866E-013
10,36	0,13962634016	3,49065850399	3,34300488526E-013
10,37	0,174532925199	3,49065850399	2,0329417162E-012
10,38	0,209439510239	3,49065850399	-0,134670466977
10,39	0,244346095279	3,49065850399	-0,942693268824
10,4	0,279252680319	3,49065850399	-4,57879587714
10,41	0,314159265359	3,44217713588	-11,9856715608
10,42	0,349065850399	3,29673303154	-21,412604249
10,43	0,383972435439	2,86040071855	-17,7765016407
10,44	0,401425727959	2,81191935044	-4,3094549432
10,45	0,436332312999	3,05432619099	-12,9283648296
10,46	0,471238898038	2,61799387799	-26,3954115271
10,47	0,488692190558	2,18166156499	-12,9283648296
10,48	0,506145483078	2,42406840555	-4,3094549432
10,49	0,541052068118	2,37558703744	-17,7765016407
10,5	0,558505360638	1,93925472444	-21,547274716
10,51	0,575958653158	1,79381062011	-12,9283648296
10,52	0,593411945678	1,74532925199	-9,29226222127
10,53	0,610865238198	1,69684788388	-13,7363876314
10,54	0,628318530718	1,55140377955	-25,1833773243
10,55	0,645771823238	1,06659009844	-25,1833773243
10,56	0,645771823238	0,921145994108	-13,7363876314
10,57	0,663225115758	0,872664625997	-9,42693268825
10,58	0,663225115758	0,824183257886	-13,7363876314
10,59	0,680678408278	0,678739153553	-25,3180477913
10,6	0,680678408278	0,193925472444	-25,9914001261
10,61	0,680678408278	0,0484813681109	-17,5071607067
10,62	0,680678408278	-0,0484813681109	-17,5071607067
10,63	0,680678408278	-0,193925472444	-25,9914001261
10,64	0,680678408278	-0,678739153553	-25,3180477913
10,65	0,663225115758	-0,824183257886	-13,7363876314
10,66	0,663225115758	-0,872664625997	-9,42693268825
10,67	0,645771823238	-0,921145994108	-13,7363876314
10,68	0,645771823238	-1,06659009844	-25,1833773243
10,69	0,628318530718	-1,55140377955	-25,1833773243
10,7	0,610865238198	-1,69684788388	-13,7363876314
10,71	0,593411945678	-1,74532925199	-9,42693268824
10,72	0,575958653158	-1,79381062011	-13,7363876314
10,73	0,558505360638	-1,93925472444	-25,1833773243
10,74	0,541052068118	-2,42406840555	-25,1833773243
10,75	0,506145483078	-2,56951250988	-13,6017171645
10,76	0,488692190558	-2,61799387799	-8,48423941942
10,77	0,453785605519	-2,6664752461	-9,15759175429
10,78	0,436332312999	-2,76343798232	-13,3323762305
10,79	0,401425727959	-3,1028075591	-4,71346634412
10,8	0,366519142919	-2,81191935044	-0,538681867904
10,81	0,349065850399	-2,86040071855	-16,9684788388
10,82	0,314159265359	-3,29673303155	-21,277933782
10,83	0,279252680319	-3,44217713588	-11,9856715608
10,84	0,244346095279	-3,49065850399	-4,57879587714
10,85	0,209439510239	-3,49065850399	-0,942693268826
10,86	0,174532925199	-3,49065850399	-0,269340933948
10,87	0,13962634016	-3,49065850399	-0,942693268824
10,88	0,10471975512	-3,49065850399	-4,57879587715
10,89	0,0698131700798	-3,5391398721	-11,8510010938
10,9	0,0349065850399	-3,68458397643	-20,3352405132
10,91	0	-4,12091628943	-12,2550124947
10,92	-0,0523598775598	-4,12091628943	12,2550124947
10,93	-0,0872664625997	-3,68458397643	20,3352405132
10,94	-0,12217304764	-3,5391398721	11,8510010938
10,95	-0,157079632679	-3,49065850399	4,71346634412
10,96	-0,191986217719	-3,49065850399	1,88538653765
10,97	-0,226892802759	-3,49065850399	4,71346634412
10,98	-0,261799387799	-3,44217713588	11,9856715608
10,99	-0,296705972839	-3,29673303154	21,277933782
11	-0,331612557879	-2,86040071855	16,9684788388
11,01	-0,349065850399	-2,81191935044	0,538681867898
11,02	-0,383972435439	-3,1028075591	4,71346634412
11,03	-0,418879020479	-2,76343798232	13,3323762305
11,04	-0,436332312999	-2,6664752461	9,1575917543
11,05	-0,471238898038	-2,61799387799	8,48423941942
11,06	-0,488692190558	-2,56951250988	13,6017171645
11,07	-0,523598775598	-2,42406840555	25,1833773243
11,08	-0,541052068118	-1,93925472444	25,0487068573
11,09	-0,558505360638	-1,79381062011	12,9283648296
11,1	-0,575958653158	-1,74532925199	5,65615961295
11,11	-0,593411945678	-1,74532925199	5,65615961294
11,12	-0,610865238198	-1,69684788388	13,0630352966
11,13	-0,628318530718	-1,55140377955	25,9914001262
11,14	-0,645771823238	-1,06659009844	29,7621732014
11,15	-0,645771823238	-0,872664625997	25,5873887252
11,16	-0,663225115758	-0,678739153553	29,7621732014
11,17	-0,663225115758	-0,193925472444	25,9914001262
11,18	-0,663225115758	-0,048481368111	12,9283648296
11,19	-0,663225115758	0	4,8481368111
11,2	-0,663225115758	0	1,88538653765
11,21	-0,663225115758	0	4,8481368111
11,22	-0,663225115758	0,048481368111	12,9283648296
11,23	-0,663225115758	0,193925472444	25,9914001262
11,24	-0,663225115758	0,678739153553	29,7621732014
11,25	-0,645771823238	0,872664625997	25,5873887252
11,26	-0,645771823238	1,06659009844	29,7621732014
11,27	-0,628318530718	1,55140377955	25,9914001262
11,28	-0,610865238198	1,69684788388	13,0630352966
11,29	-0,593411945678	1,74532925199	5,65615961294
11,3	-0,575958653158	1,74532925199	5,65615961295
11,31	-0,558505360638	1,79381062011	12,9283648296
11,32	-0,541052068118	1,93925472444	25,0487068573
11,33	-0,523598775598	2,42406840555	25,1833773243
11,34	-0,488692190558	2,56951250988	13,7363876314
11,35	-0,471238898038	2,61799387799	9,42693268824
11,36	-0,436332312999	2,6664752461	13,6017171645
11,37	-0,418879020479	2,81191935044	24,2406840555
11,38	-0,383972435439	3,29673303155	20,4699109802
11,39	-0,349065850399	3,39369576777	0,94269326882
11,4	-0,314159265359	3,29673303154	-15,6217741691
11,41	-0,279252680319	2,86040071855	-11,3123192259
11,42	-0,261799387799	2,86040071855	12,5243534287
11,43	-0,226892802759	3,29673303155	21,277933782
11,44	-0,191986217719	3,44217713588	16,4297969709
11,45	-0,157079632679	3,5391398721	16,4297969709
11,46	-0,12217304764	3,68458397643	21,277933782
11,47	-0,0872664625997	4,12091628943	12,3896829617
11,48	-0,0349065850399	4,12091628943	-12,2550124947
11,49	0	3,68458397643	-20,3352405132
11,5	0,0349065850399	3,5391398721	-11,8510010938
11,51	0,0698131700798	3,49065850399	-4,57879587714
11,52	0,10471975512	3,49065850399	-0,942693268824
11,53	0,13962634016	3,49065850399	-0,134670466975
11,54	0,174532925199	3,49065850399	-0,134670466973
11,55	0,209439510239	3,49065850399	-0,942693268826
11,56	0,244346095279	3,49065850399	-4,57879587714
11,57	0,279252680319	3,44217713588	-11,9856715608
11,58	0,314159265359	3,29673303155	-21,277933782
11,59	0,349065850399	2,86040071855	-16,9684788388
11,6	0,366519142919	2,81191935044	-0,673352334879
11,61	0,401425727959	3,1028075591	-5,52148914597
11,62	0,436332312999	2,76343798232	-16,9684788388
11,63	0,453785605519	2,61799387799	-16,4297969709
11,64	0,488692190558	2,47254977366	-16,9684788388
11,65	0,506145483078	2,13318019688	-5,52148914597
11,66	0,523598775598	2,42406840555	-0,808022801848
11,67	0,558505360638	2,37558703744	-17,9111721077
11,68	0,575958653158	1,93925472444	-25,8567296592
11,69	0,593411945678	1,74532925199	-23,9713431215
11,7	0,610865238198	1,55140377955	-25,9914001262
11,71	0,628318530718	1,11507146655	-18,8538653765
11,72	0,628318530718	1,06659009844	-5,25214821201
11,73	0,645771823238	1,308996939	-16,5644674379
11,74	0,663225115758	0,824183257886	-33,6676167437
11,75	0,663225115758	0,290888208666	-21,547274716
11,76	0,663225115758	0,242406840555	2,82807980646
11,77	0,663225115758	0,630257785442	2,1547274716
11,78	0,680678408278	0,581776417331	-25,3180477913
11,79	0,680678408278	0	-41,8825152292
11,8	0,680678408278	-0,581776417331	-29,6275027345
11,81	0,663225115758	-0,678739153553	-8,88825082035
11,82	0,663225115758	-0,436332312999	-13,8710580984
11,83	0,663225115758	-0,872664625997	-26,5300819941
11,84	0,645771823238	-1,308996939	-12,9283648296
11,85	0,628318530718	-1,06659009844	-4,44412541016
11,86	0,628318530718	-1,11507146655	-18,7191949095
11,87	0,610865238198	-1,55140377955	-25,9914001262
11,88	0,593411945678	-1,74532925199	-23,9713431215
11,89	0,575958653158	-1,93925472444	-25,8567296592
11,9	0,558505360638	-2,37558703744	-17,9111721077
11,91	0,523598775598	-2,42406840555	-0,808022801848
11,92	0,506145483078	-2,13318019688	-5,65615961294
11,93	0,488692190558	-2,47254977366	-17,7765016407
11,94	0,453785605519	-2,61799387799	-20,0658995793
11,95	0,436332312999	-2,81191935044	-24,2406840555
11,96	0,401425727959	-3,24825166343	-14,0057285654
11,97	0,366519142919	-3,24825166343	7,40687568361
11,98	0,331612557879	-2,86040071855	7,54154615059
11,99	0,314159265359	-2,86040071855	-13,1977057635
12	0,279252680319	-3,29673303154	-20,4699109802
12,01	0,244346095279	-3,44217713588	-11,8510010938
12,02	0,209439510239	-3,49065850399	-4,57879587715
12,03	0,174532925199	-3,49065850399	-0,942693268822
12,04	0,13962634016	-3,49065850399	-0,134670466975
12,05	0,10471975512	-3,49065850399	-0,134670466975
12,06	0,0698131700798	-3,49065850399	-0,942693268819
12,07	0,0349065850399	-3,49065850399	-4,57879587714
12,08	0	-3,5391398721	-11,8510010938
12,09	-0,0349065850399	-3,68458397643	-20,2005700462
12,1	-0,0698131700798	-4,12091628943	-11,3123192259
12,11	-0,12217304764	-4,12091628943	16,8338083719
12,12	-0,157079632679	-3,63610260832	32,186241607
12,13	-0,191986217719	-3,34521439966	32,186241607
12,14	-0,226892802759	-2,86040071855	16,9684788388
12,15	-0,244346095279	-2,86040071855	-10,3696259571
12,16	-0,279252680319	-3,29673303154	-15,4871037021
12,17	-0,314159265359	-3,39369576777	0,942693268824
12,18	-0,349065850399	-3,29673303154	20,4699109802
12,19	-0,383972435439	-2,81191935044	24,1060135885
12,2	-0,401425727959	-2,6664752461	12,6590238956
12,21	-0,436332312999	-2,61799387799	4,8481368111
12,22	-0,453785605519	-2,61799387799	1,88538653765
12,23	-0,488692190558	-2,61799387799	4,84813681109
12,24	-0,506145483078	-2,56951250988	12,9283648296
12,25	-0,541052068118	-2,42406840555	25,9914001261
12,26	-0,558505360638	-1,93925472444	29,6275027345
12,27	-0,575958653158	-1,74532925199	24,7793659234
12,28	-0,593411945678	-1,55140377955	25,9914001261
12,29	-0,610865238198	-1,11507146655	17,9111721077
12,3	-0,610865238198	-1,06659009844	0,808022801853
12,31	-0,628318530718	-1,35747830711	5,65615961295
12,32	-0,645771823238	-1,01810873033	17,9111721077
12,33	-0,645771823238	-0,872664625997	21,0085928481
12,34	-0,663225115758	-0,678739153553	28,8194799326
12,35	-0,663225115758	-0,193925472444	25,9914001262
12,36	-0,663225115758	-0,048481368111	13,8710580984
12,37	-0,663225115758	0	9,42693268824
12,38	-0,663225115758	0,048481368111	13,8710580984
12,39	-0,663225115758	0,193925472444	25,9914001262
12,4	-0,663225115758	0,678739153553	28,8194799326
12,41	-0,645771823238	0,872664625997	21,0085928481
12,42	-0,645771823238	1,01810873033	17,9111721077
12,43	-0,628318530718	1,35747830711	5,65615961295
12,44	-0,610865238198	1,06659009844	0,808022801853
12,45	-0,610865238198	1,11507146655	17,9111721077
12,46	-0,593411945678	1,55140377955	25,9914001261
12,47	-0,575958653158	1,74532925199	24,7793659234
12,48	-0,558505360638	1,93925472444	29,6275027345
12,49	-0,541052068118	2,42406840555	25,9914001261
12,5	-0,506145483078	2,56951250988	12,9283648296
12,51	-0,488692190558	2,61799387799	4,84813681109
12,52	-0,453785605519	2,61799387799	1,88538653765
12,53	-0,436332312999	2,61799387799	4,8481368111
12,54	-0,401425727959	2,6664752461	12,6590238956
12,55	-0,383972435439	2,81191935044	24,1060135885
12,56	-0,349065850399	3,29673303154	20,4699109802
12,57	-0,314159265359	3,39369576777	0,942693268824
12,58	-0,279252680319	3,29673303154	-15,4871037021
12,59	-0,244346095279	2,86040071855	-10,3696259571
12,6	-0,226892802759	2,86040071855	16,9684788388
12,61	-0,191986217719	3,34521439966	32,186241607
12,62	-0,157079632679	3,63610260832	32,186241607
12,63	-0,12217304764	4,12091628943	16,8338083719
12,64	-0,0698131700798	4,12091628943	-11,3123192259
12,65	-0,0349065850399	3,68458397643	-20,2005700462
12,66	0	3,5391398721	-11,8510010938
12,67	0,0349065850399	3,49065850399	-4,57879587714
12,68	0,0698131700798	3,49065850399	-0,942693268819
12,69	0,10471975512	3,49065850399	-0,26934093395
12,7	0,13962634016	3,49065850399	-0,942693268824
12,71	0,174532925199	3,49065850399	-4,57879587714
12,72	0,209439510239	3,44217713588	-11,8510010938
12,73	0,244346095279	3,29673303154	-20,4699109802
12,74	0,279252680319	2,86040071855	-13,1977057635
12,75	0,296705972839	2,86040071855	7,5415461506
12,76	0,331612557879	3,24825166343	7,54154615059
12,77	0,366519142919	3,24825166343	-13,1977057635
12,78	0,401425727959	2,81191935044	-20,6045814472
12,79	0,418879020479	2,6664752461	-12,7936943626
12,8	0,453785605519	2,61799387799	-9,29226222126
12,81	0,471238898038	2,56951250988	-13,7363876314
12,82	0,506145483078	2,42406840555	-25,1833773243
12,83	0,523598775598	1,93925472444	-25,0487068573
12,84	0,541052068118	1,79381062011	-12,7936943626
12,85	0,558505360638	1,74532925199	-4,8481368111
12,86	0,575958653158	1,74532925199	-1,88538653765
12,87	0,593411945678	1,74532925199	-4,8481368111
12,88	0,610865238198	1,69684788388	-12,9283648296
12,89	0,628318530718	1,55140377955	-25,9914001261
12,9	0,645771823238	1,06659009844	-29,7621732014
12,91	0,645771823238	0,872664625997	-25,5873887252
12,92	0,663225115758	0,678739153553	-29,7621732015
12,93	0,663225115758	0,193925472444	-25,9914001262
12,94	0,663225115758	0,048481368111	-13,0630352966
12,95	0,663225115758	0	-5,65615961295
12,96	0,663225115758	0	-5,65615961295
12,97	0,663225115758	-0,048481368111	-13,0630352966
12,98	0,663225115758	-0,193925472444	-25,9914001262
12,99	0,663225115758	-0,678739153553	-29,7621732015
13	0,645771823238	-0,872664625997	-25,5873887252
13,01	0,645771823238	-1,06659009844	-29,7621732014
13,02	0,628318530718	-1,55140377955	-25,9914001261
13,03	0,610865238198	-1,69684788388	-12,9283648296
13,04	0,593411945678	-1,74532925199	-4,8481368111
13,05	0,575958653158	-1,74532925199	-1,88538653765
13,06	0,558505360638	-1,74532925199	-4,8481368111
13,07	0,541052068118	-1,79381062011	-12,7936943626
13,08	0,523598775598	-1,93925472444	-25,0487068573
13,09	0,506145483078	-2,42406840555	-25,1833773243
13,1	0,471238898038	-2,56951250988	-13,7363876314
13,11	0,453785605519	-2,61799387799	-9,29226222126
13,12	0,418879020479	-2,6664752461	-12,7936943626
13,13	0,401425727959	-2,81191935044	-20,6045814472
13,14	0,366519142919	-3,24825166343	-13,1977057635
13,15	0,331612557879	-3,24825166343	7,54154615059
13,16	0,296705972839	-2,86040071855	7,5415461506
13,17	0,279252680319	-2,86040071855	-13,1977057635
13,18	0,244346095279	-3,29673303154	-20,4699109802
13,19	0,209439510239	-3,44217713588	-11,8510010938
13,2	0,174532925199	-3,49065850399	-4,57879587714
13,21	0,13962634016	-3,49065850399	-0,942693268824
13,22	0,10471975512	-3,49065850399	-0,26934093395
13,23	0,0698131700798	-3,49065850399	-0,942693268819
13,24	0,0349065850399	-3,49065850399	-4,44412541017
13,25	0	-3,5391398721	-10,908307825
13,26	-0,0349065850399	-3,68458397643	-15,7564446361
13,27	-0,0698131700798	-4,07243492132	-0,404011400924
13,28	-0,12217304764	-3,92699081699	32,5902530079
13,29	-0,157079632679	-3,05432619099	32,5902530079
13,3	-0,174532925199	-2,90888208666	-0,404011400923
13,31	-0,209439510239	-3,29673303154	-15,6217741691
13,32	-0,244346095279	-3,44217713588	-9,96561455614
13,33	-0,279252680319	-3,49065850399	0,269340933951
13,34	-0,314159265359	-3,44217713588	11,8510010938
13,35	-0,349065850399	-3,29673303154	24,9140363904
13,36	-0,383972435439	-2,81191935044	25,1833773243
13,37	-0,401425727959	-2,6664752461	13,7363876314
13,38	-0,436332312999	-2,61799387799	9,29226222127
13,39	-0,453785605519	-2,56951250988	12,9283648296
13,4	-0,488692190558	-2,42406840555	21,547274716
13,41	-0,506145483078	-1,98773609255	17,7765016407
13,42	-0,523598775598	-1,93925472444	4,3094549432
13,43	-0,541052068118	-2,18166156499	12,9283648296
13,44	-0,575958653158	-1,74532925199	26,3954115271
13,45	-0,575958653158	-1,308996939	12,9283648296
13,46	-0,593411945678	-1,55140377955	4,44412541017
13,47	-0,610865238198	-1,50292241144	18,5845244425
13,48	-0,628318530718	-1,06659009844	25,1833773243
13,49	-0,628318530718	-0,872664625997	20,2005700462
13,5	-0,645771823238	-0,727220521664	17,9111721077
13,51	-0,645771823238	-0,387850944888	6,59885288176
13,52	-0,645771823238	-0,678739153553	5,25214821202
13,53	-0,663225115758	-0,581776417332	28,9541503996
13,54	-0,663225115758	0	42,5558675641
13,55	-0,663225115758	0,581776417332	28,9541503996
13,56	-0,645771823238	0,678739153553	5,25214821202
13,57	-0,645771823238	0,387850944888	6,59885288176
13,58	-0,645771823238	0,727220521664	18,0458425746
13,59	-0,628318530718	0,872664625997	21,0085928481
13,6	-0,628318530718	1,06659009844	28,8194799326
13,61	-0,610865238198	1,55140377955	25,8567296592
13,62	-0,593411945678	1,69684788388	12,9283648296
13,63	-0,575958653158	1,74532925199	4,8481368111
13,64	-0,558505360638	1,74532925199	1,88538653765
13,65	-0,541052068118	1,74532925199	4,84813681109
13,66	-0,523598775598	1,79381062011	12,9283648296
13,67	-0,506145483078	1,93925472444	25,8567296592
13,68	-0,488692190558	2,42406840555	28,8194799326
13,69	-0,453785605519	2,61799387799	21,0085928481
13,7	-0,436332312999	2,76343798232	17,9111721077
13,71	-0,401425727959	3,1028075591	5,65615961295
13,72	-0,366519142919	2,81191935044	0,673352334873
13,73	-0,349065850399	2,86040071855	16,9684788388
13,74	-0,314159265359	3,29673303154	21,277933782
13,75	-0,279252680319	3,44217713588	11,9856715608
13,76	-0,244346095279	3,49065850399	4,57879587714
13,77	-0,209439510239	3,49065850399	0,942693268824
13,78	-0,174532925199	3,49065850399	0,134670466977
13,79	-0,13962634016	3,49065850399	-2,0329417162E-012
13,8	-0,10471975512	3,49065850399	-3,34300488526E-013
13,81	-0,0698131700798	3,49065850399	4,79863062866E-013
13,82	-0,0349065850399	3,49065850399	-4,98983570512E-012
13,83	0	3,49065850399	-3,77105754031E-012
13,84	0,0349065850399	3,49065850399	3,77105754031E-012
13,85	0,0698131700798	3,49065850399	4,98983570512E-012
13,86	0,10471975512	3,49065850399	-0,134670466975
13,87	0,13962634016	3,49065850399	-0,942693268824
13,88	0,174532925199	3,49065850399	-4,57879587714
13,89	0,209439510239	3,44217713588	-11,8510010938
13,9	0,244346095279	3,29673303154	-20,4699109802
13,91	0,279252680319	2,86040071855	-13,1977057635
13,92	0,296705972839	2,86040071855	7,5415461506
13,93	0,331612557879	3,24825166343	7,54154615059
13,94	0,366519142919	3,24825166343	-13,1977057635
13,95	0,401425727959	2,81191935044	-20,6045814472
13,96	0,418879020479	2,6664752461	-12,7936943626
13,97	0,453785605519	2,61799387799	-9,29226222126
13,98	0,471238898038	2,56951250988	-13,7363876314
13,99	0,506145483078	2,42406840555	-25,1833773243
14	0,523598775598	1,93925472444	-25,0487068573
14,01	0,541052068118	1,79381062011	-12,9283648296
14,02	0,558505360638	1,74532925199	-5,65615961295
14,03	0,575958653158	1,74532925199	-5,65615961294
14,04	0,593411945678	1,69684788388	-13,0630352966
14,05	0,610865238198	1,55140377955	-25,8567296592
14,06	0,628318530718	1,06659009844	-28,8194799326
14,07	0,628318530718	0,872664625997	-21,0085928481
14,08	0,645771823238	0,727220521664	-17,9111721077
14,09	0,645771823238	0,387850944888	-5,79083007992
14,1	0,645771823238	0,678739153553	-1,6160456037
14,11	0,663225115758	0,630257785442	-21,547274716
14,12	0,663225115758	0,145444104333	-33,2636053428
14,13	0,663225115758	-0,145444104333	-33,2636053428
14,14	0,663225115758	-0,630257785442	-21,547274716
14,15	0,645771823238	-0,678739153553	-1,6160456037
14,16	0,645771823238	-0,387850944888	-5,79083007992
14,17	0,645771823238	-0,727220521664	-17,9111721077
14,18	0,628318530718	-0,872664625997	-21,0085928481
14,19	0,628318530718	-1,06659009844	-28,8194799326
14,2	0,610865238198	-1,55140377955	-25,9914001262
14,21	0,593411945678	-1,69684788388	-13,8710580984
14,22	0,575958653158	-1,74532925199	-9,42693268824
14,23	0,558505360638	-1,79381062011	-13,7363876314
14,24	0,541052068118	-1,93925472444	-25,1833773243
14,25	0,523598775598	-2,42406840555	-25,0487068573
14,26	0,488692190558	-2,56951250988	-12,7936943626
14,27	0,471238898038	-2,61799387799	-4,84813681109
14,28	0,436332312999	-2,61799387799	-1,88538653764
14,29	0,418879020479	-2,61799387799	-4,84813681109
14,3	0,383972435439	-2,6664752461	-12,6590238956
14,31	0,366519142919	-2,81191935044	-24,1060135885
14,32	0,331612557879	-3,29673303154	-20,4699109802
14,33	0,296705972839	-3,39369576777	-0,942693268826
14,34	0,261799387799	-3,29673303154	15,6217741691
14,35	0,226892802759	-2,86040071855	11,3123192259
14,36	0,209439510239	-2,86040071855	-12,3896829617
14,37	0,174532925199	-3,29673303154	-20,4699109802
14,38	0,13962634016	-3,44217713588	-12,7936943626
14,39	0,10471975512	-3,49065850399	-9,15759175429
14,4	0,0698131700798	-3,5391398721	-12,7936943626
14,41	0,0349065850399	-3,68458397643	-20,4699109802
14,42	0	-4,12091628943	-12,1203420277
14,43	-0,0523598775598	-4,12091628943	13,1977057635
14,44	-0,0872664625997	-3,68458397643	24,9140363903
14,45	-0,12217304764	-3,49065850399	23,7020021876
14,46	-0,157079632679	-3,29673303154	24,9140363904
14,47	-0,191986217719	-2,86040071855	13,3323762305
14,48	-0,209439510239	-2,86040071855	-11,1776487589
14,49	-0,244346095279	-3,29673303155	-15,7564446361
14,5	-0,279252680319	-3,39369576777	0,13467046698
14,51	-0,314159265359	-3,29673303154	16,8338083719
14,52	-0,349065850399	-2,86040071855	16,8338083719
14,53	-0,366519142919	-2,81191935044	4,17478447622
14,54	-0,401425727959	-3,05432619099	12,9283648296
14,55	-0,436332312999	-2,61799387799	26,3954115271
14,56	-0,453785605519	-2,18166156499	12,9283648296
14,57	-0,471238898038	-2,42406840555	4,3094549432
14,58	-0,506145483078	-2,37558703744	17,7765016407
14,59	-0,523598775598	-1,93925472444	21,547274716
14,6	-0,541052068118	-1,79381062011	12,9283648296
14,61	-0,558505360638	-1,74532925199	9,29226222127
14,62	-0,575958653158	-1,69684788388	13,7363876314
14,63	-0,593411945678	-1,55140377955	25,1833773243
14,64	-0,610865238198	-1,06659009844	25,1833773243
14,65	-0,610865238198	-0,921145994108	13,7363876314
14,66	-0,628318530718	-0,872664625997	9,42693268825
14,67	-0,628318530718	-0,824183257886	13,7363876314
14,68	-0,645771823238	-0,678739153553	25,1833773243
14,69	-0,645771823238	-0,193925472444	25,1833773243
14,7	-0,645771823238	-0,0484813681109	13,7363876314
14,71	-0,645771823238	0	9,42693268824
14,72	-0,645771823238	0,0484813681109	13,7363876314
14,73	-0,645771823238	0,193925472444	25,1833773243
14,74	-0,645771823238	0,678739153553	25,1833773243
14,75	-0,628318530718	0,824183257886	13,7363876314
14,76	-0,628318530718	0,872664625997	9,42693268825
14,77	-0,610865238198	0,921145994108	13,7363876314
14,78	-0,610865238198	1,06659009844	25,3180477913
14,79	-0,593411945678	1,55140377955	25,9914001261
14,8	-0,575958653158	1,69684788388	17,3724902398
14,81	-0,558505360638	1,79381062011	16,6991379049
14,82	-0,541052068118	1,93925472444	22,2206270509
14,83	-0,523598775598	2,37558703744	17,1031493058
14,84	-0,488692190558	2,42406840555	0,673352334873
14,85	-0,471238898038	2,13318019688	5,52148914597
14,86	-0,453785605519	2,47254977366	16,9684788388
14,87	-0,418879020479	2,61799387799	16,4297969709
14,88	-0,401425727959	2,76343798232	16,9684788388
14,89	-0,366519142919	3,1028075591	5,52148914597
14,9	-0,331612557879	2,81191935044	0,673352334879
14,91	-0,314159265359	2,86040071855	16,9684788388
14,92	-0,279252680319	3,29673303155	21,277933782
14,93	-0,244346095279	3,44217713588	11,9856715608
14,94	-0,209439510239	3,49065850399	4,57879587714
14,95	-0,174532925199	3,49065850399	0,942693268826
14,96	-0,13962634016	3,49065850399	0,134670466973
14,97	-0,10471975512	3,49065850399	-3,34300488526E-013
14,98	-0,0698131700798	3,49065850399	4,79863062866E-013
14,99	-0,0349065850399	3,49065850399	-4,98983570512E-012
15	0	3,49065850399	-3,77105754031E-012
15,01	0,0349065850399	3,49065850399	3,77105754031E-012
15,02	0,0698131700798	3,49065850399	4,98983570512E-012
15,03	0,10471975512	3,49065850399	-0,134670466975
15,04	0,13962634016	3,49065850399	-0,942693268824
15,05	0,174532925199	3,49065850399	-4,57879587714
15,06	0,209439510239	3,44217713588	-11,8510010938
15,07	0,244346095279	3,29673303154	-20,4699109802
15,08	0,279252680319	2,86040071855	-13,1977057635
15,09	0,296705972839	2,86040071855	7,5415461506
15,1	0,331612557879	3,24825166343	7,40687568362
15,11	0,366519142919	3,24825166343	-14,0057285654
15,12	0,401425727959	2,81191935044	-24,2406840555
15,13	0,418879020479	2,61799387799	-20,0658995793
15,14	0,453785605519	2,47254977366	-17,7765016407
15,15	0,471238898038	2,13318019688	-5,65615961294
15,16	0,488692190558	2,42406840555	-0,673352334871
15,17	0,523598775598	2,37558703744	-17,1031493058
15,18	0,541052068118	1,93925472444	-22,2206270509
15,19	0,558505360638	1,79381062011	-16,6991379049
15,2	0,575958653158	1,69684788388	-17,3724902398
15,21	0,593411945678	1,55140377955	-25,9914001262
15,22	0,610865238198	1,06659009844	-25,3180477913
15,23	0,610865238198	0,921145994108	-13,7363876314
15,24	0,628318530718	0,872664625997	-9,42693268824
15,25	0,628318530718	0,824183257886	-13,7363876314
15,26	0,645771823238	0,678739153553	-25,1833773243
15,27	0,645771823238	0,193925472444	-25,0487068573
15,28	0,645771823238	0,048481368111	-12,9283648296
15,29	0,645771823238	0	-5,65615961295
15,3	0,645771823238	0	-5,65615961295
15,31	0,645771823238	-0,048481368111	-13,0630352966
15,32	0,645771823238	-0,193925472444	-25,9914001262
15,33	0,645771823238	-0,678739153553	-29,7621732014
15,34	0,628318530718	-0,872664625997	-25,5873887252
15,35	0,628318530718	-1,06659009844	-29,7621732014
15,36	0,610865238198	-1,55140377955	-25,9914001262
15,37	0,593411945678	-1,69684788388	-12,9283648296
15,38	0,575958653158	-1,74532925199	-4,84813681109
15,39	0,558505360638	-1,74532925199	-1,88538653765
15,4	0,541052068118	-1,74532925199	-4,84813681109
15,41	0,523598775598	-1,79381062011	-12,7936943626
15,42	0,506145483078	-1,93925472444	-25,0487068573
15,43	0,488692190558	-2,42406840555	-25,1833773243
15,44	0,453785605519	-2,56951250988	-13,6017171645
15,45	0,436332312999	-2,61799387799	-8,48423941942
15,46	0,401425727959	-2,6664752461	-9,15759175429
15,47	0,383972435439	-2,76343798232	-13,3323762305
15,48	0,349065850399	-3,1028075591	-4,71346634412
15,49	0,314159265359	-2,81191935044	-0,538681867904
15,5	0,296705972839	-2,86040071855	-16,9684788388
15,51	0,261799387799	-3,29673303155	-21,277933782
15,52	0,226892802759	-3,44217713588	-11,9856715608
15,53	0,191986217719	-3,49065850399	-4,57879587714
15,54	0,157079632679	-3,49065850399	-0,942693268826
15,55	0,12217304764	-3,49065850399	-0,134670466973
15,56	0,0872664625997	-3,49065850399	3,34300488526E-013
15,57	0,0523598775598	-3,49065850399	-4,79863062866E-013
15,58	0,0174532925199	-3,49065850399	4,98983570512E-012
15,59	-0,0174532925199	-3,49065850399	3,77105754031E-012
15,6	-0,0523598775598	-3,49065850399	0,134670466971
15,61	-0,0872664625997	-3,49065850399	0,942693268819
15,62	-0,12217304764	-3,49065850399	4,57879587715
15,63	-0,157079632679	-3,44217713588	11,8510010938
15,64	-0,191986217719	-3,29673303154	20,4699109802
15,65	-0,226892802759	-2,86040071855	13,1977057635
15,66	-0,244346095279	-2,86040071855	-7,67621661757
15,67	-0,279252680319	-3,24825166343	-8,34956895244
15,68	-0,314159265359	-3,24825166343	9,56160315522
15,69	-0,349065850399	-2,86040071855	13,1977057635
15,7	-0,366519142919	-2,81191935044	3,36676167437
15,71	-0,401425727959	-3,05432619099	12,7936943626
15,72	-0,436332312999	-2,61799387799	26,3954115271
15,73	-0,453785605519	-2,18166156499	12,9283648296
15,74	-0,471238898038	-2,42406840555	4,3094549432
15,75	-0,506145483078	-2,37558703744	17,7765016407
15,76	-0,523598775598	-1,93925472444	21,547274716
15,77	-0,541052068118	-1,79381062011	12,9283648296
15,78	-0,558505360638	-1,74532925199	9,29226222127
15,79	-0,575958653158	-1,69684788388	13,8710580984
15,8	-0,593411945678	-1,55140377955	25,9914001261
15,81	-0,610865238198	-1,06659009844	28,8194799326
15,82	-0,610865238198	-0,872664625997	21,0085928481
15,83	-0,628318530718	-0,727220521664	17,9111721077
15,84	-0,628318530718	-0,387850944888	5,65615961295
15,85	-0,628318530718	-0,678739153553	0,808022801854
15,86	-0,645771823238	-0,630257785442	17,9111721077
15,87	-0,645771823238	-0,193925472444	25,9914001261
15,88	-0,645771823238	0	24,7793659234
15,89	-0,645771823238	0,193925472444	29,6275027345
15,9	-0,645771823238	0,678739153553	26,1260705931
15,91	-0,628318530718	0,824183257886	13,8710580984
15,92	-0,628318530718	0,872664625997	9,42693268825
15,93	-0,610865238198	0,921145994108	13,7363876314
15,94	-0,610865238198	1,06659009844	25,1833773243
15,95	-0,593411945678	1,55140377955	25,0487068573
15,96	-0,575958653158	1,69684788388	12,7936943626
15,97	-0,558505360638	1,74532925199	4,8481368111
15,98	-0,541052068118	1,74532925199	1,88538653765
15,99	-0,523598775598	1,74532925199	4,84813681109
16	-0,506145483078	1,79381062011	12,9283648296
16,01	-0,488692190558	1,93925472444	25,8567296592
16,02	-0,471238898038	2,42406840555	28,8194799326
16,03	-0,436332312999	2,61799387799	21,0085928481
16,04	-0,418879020479	2,76343798232	17,9111721077
16,05	-0,383972435439	3,1028075591	5,65615961294
16,06	-0,349065850399	2,81191935043	0,538681867898
16,07	-0,331612557879	2,86040071855	16,02578557
16,08	-0,296705972839	3,29673303154	16,6991379049
16,09	-0,261799387799	3,39369576777	0,134670466975
16,1	-0,226892802759	3,29673303154	-15,7564446361
16,11	-0,191986217719	2,86040071855	-11,3123192259
16,12	-0,174532925199	2,86040071855	12,3896829617
16,13	-0,13962634016	3,29673303154	20,3352405132
16,14	-0,10471975512	3,44217713588	11,8510010938
16,15	-0,0698131700798	3,49065850399	4,57879587714
16,16	-0,0349065850399	3,49065850399	0,942693268819
16,17	0	3,49065850399	0,134670466971
16,18	0,0349065850399	3,49065850399	3,78709409511E-012
16,19	0,0698131700798	3,49065850399	4,99106928626E-012
16,2	0,10471975512	3,49065850399	-4,90965293112E-013
16,21	0,13962634016	3,49065850399	-0,134670466975
16,22	0,174532925199	3,49065850399	-0,942693268822
16,23	0,209439510239	3,49065850399	-4,57879587715
16,24	0,244346095279	3,44217713588	-11,9856715608
16,25	0,279252680319	3,29673303154	-21,277933782
16,26	0,314159265359	2,86040071855	-16,9684788388
16,27	0,331612557879	2,81191935043	-0,673352334876
16,28	0,366519142919	3,1028075591	-5,52148914597
16,29	0,401425727959	2,76343798232	-16,9684788388
16,3	0,418879020479	2,61799387799	-16,4297969709
16,31	0,453785605519	2,47254977366	-16,9684788388
16,32	0,471238898038	2,13318019688	-5,52148914597
16,33	0,488692190558	2,42406840555	-0,808022801845
16,34	0,523598775598	2,37558703744	-17,9111721076
16,35	0,541052068118	1,93925472444	-25,8567296592
16,36	0,558505360638	1,74532925199	-23,9713431215
16,37	0,575958653158	1,55140377955	-25,9914001261
16,38	0,593411945678	1,11507146655	-18,7191949095
16,39	0,593411945678	1,06659009844	-4,44412541017
16,4	0,610865238198	1,308996939	-12,9283648296
16,41	0,628318530718	0,872664625997	-26,3954115271
16,42	0,628318530718	0,436332312998	-12,9283648296
16,43	0,628318530718	0,678739153553	-4,30945494319
16,44	0,645771823238	0,630257785442	-17,9111721077
16,45	0,645771823238	0,193925472444	-22,3552975178
16,46	0,645771823238	0,048481368111	-16,6991379049
16,47	0,645771823238	-0,048481368111	-17,5071607067
16,48	0,645771823238	-0,193925472444	-26,799422928
16,49	0,645771823238	-0,678739153553	-28,9541503996
16,5	0,628318530718	-0,872664625997	-21,0085928481
16,51	0,628318530718	-1,01810873033	-17,9111721076
16,52	0,610865238198	-1,35747830711	-5,65615961295
16,53	0,593411945678	-1,06659009844	-0,808022801852
16,54	0,593411945678	-1,11507146655	-17,9111721077
16,55	0,575958653158	-1,55140377955	-25,8567296592
16,56	0,558505360638	-1,74532925199	-23,9713431215
16,57	0,541052068118	-1,93925472444	-25,8567296592
16,58	0,523598775598	-2,37558703744	-17,9111721076
16,59	0,488692190558	-2,42406840555	-0,673352334871
16,6	0,471238898038	-2,13318019688	-4,71346634412
16,61	0,453785605519	-2,47254977366	-13,3323762305
16,62	0,418879020479	-2,56951250988	-9,15759175428
16,63	0,401425727959	-2,61799387799	-8,48423941942
16,64	0,366519142919	-2,6664752461	-13,4670466975
16,65	0,349065850399	-2,81191935043	-24,2406840555
16,66	0,314159265359	-3,29673303154	-20,4699109802
16,67	0,279252680319	-3,39369576777	-0,942693268819
16,68	0,244346095279	-3,29673303154	15,6217741691
16,69	0,209439510239	-2,86040071855	11,3123192259
16,7	0,191986217719	-2,86040071855	-12,3896829617
16,71	0,157079632679	-3,29673303154	-20,3352405132
16,72	0,12217304764	-3,44217713588	-11,8510010938
16,73	0,0872664625997	-3,49065850399	-4,57879587714
16,74	0,0523598775598	-3,49065850399	-0,942693268824
16,75	0,0174532925199	-3,49065850399	-0,13467046697
16,76	-0,0174532925199	-3,49065850399	3,78709409511E-012
16,77	-0,0523598775598	-3,49065850399	-3,78709409511E-012
16,78	-0,0872664625997	-3,49065850399	-4,99106928626E-012
16,79	-0,12217304764	-3,49065850399	0,134670466975
16,8	-0,157079632679	-3,49065850399	0,942693268824
16,81	-0,191986217719	-3,49065850399	4,57879587714
16,82	-0,226892802759	-3,44217713588	11,9856715608
16,83	-0,261799387799	-3,29673303154	21,277933782
16,84	-0,296705972839	-2,86040071855	16,9684788388
16,85	-0,314159265359	-2,81191935043	0,673352334871
16,86	-0,349065850399	-3,1028075591	5,52148914597
16,87	-0,383972435439	-2,76343798232	16,9684788388
16,88	-0,401425727959	-2,61799387799	16,4297969709
16,89	-0,436332312999	-2,47254977366	16,9684788388
16,9	-0,453785605519	-2,13318019688	5,52148914597
16,91	-0,471238898038	-2,42406840555	0,673352334874
16,92	-0,506145483078	-2,37558703744	17,1031493058
16,93	-0,523598775598	-1,93925472444	22,2206270508
16,94	-0,541052068118	-1,7938106201	16,6991379049
16,95	-0,558505360638	-1,69684788388	17,3724902398
16,96	-0,575958653158	-1,55140377955	25,9914001261
16,97	-0,593411945678	-1,06659009844	25,3180477913
16,98	-0,593411945678	-0,921145994108	13,7363876314
16,99	-0,610865238198	-0,872664625997	9,42693268823
17	-0,610865238198	-0,824183257886	13,7363876314
17,01	-0,628318530718	-0,678739153553	25,1833773243
17,02	-0,628318530718	-0,193925472444	25,0487068573
17,03	-0,628318530718	-0,048481368111	12,9283648296
17,04	-0,628318530718	0	5,65615961294
17,05	-0,628318530718	0	5,65615961294
17,06	-0,628318530718	0,048481368111	12,9283648296
17,07	-0,628318530718	0,193925472444	25,0487068573
17,08	-0,628318530718	0,678739153553	25,1833773243
17,09	-0,610865238198	0,824183257886	13,7363876314
17,1	-0,610865238198	0,872664625997	9,42693268823
17,11	-0,593411945678	0,921145994108	13,7363876314
17,12	-0,593411945678	1,06659009844	25,3180477913
17,13	-0,575958653158	1,55140377955	25,9914001261
17,14	-0,558505360638	1,69684788388	17,5071607067
17,15	-0,541052068118	1,7938106201	17,5071607067
17,16	-0,523598775598	1,93925472444	25,9914001261
17,17	-0,506145483078	2,42406840555	25,1833773243
17,18	-0,471238898038	2,56951250988	12,7936943626
17,19	-0,453785605519	2,61799387799	4,84813681109
17,2	-0,418879020479	2,61799387799	1,75071607067
17,21	-0,401425727959	2,61799387799	3,90544354227
17,22	-0,366519142919	2,6664752461	8,21489848546
17,23	-0,349065850399	2,76343798232	13,1977057635
17,24	-0,314159265359	3,1028075591	4,71346634412
17,25	-0,279252680319	2,81191935043	0,538681867904
17,26	-0,261799387799	2,86040071855	16,9684788388
17,27	-0,226892802759	3,29673303154	21,277933782
17,28	-0,191986217719	3,44217713588	11,9856715608
17,29	-0,157079632679	3,49065850399	4,57879587714
17,3	-0,12217304764	3,49065850399	0,942693268824
17,31	-0,0872664625997	3,49065850399	0,13467046697
17,32	-0,0523598775598	3,49065850399	-3,78709409511E-012
17,33	-0,0174532925199	3,49065850399	3,78709409511E-012
17,34	0,0174532925199	3,49065850399	4,99106928626E-012
17,35	0,0523598775598	3,49065850399	-0,134670466975
17,36	0,0872664625997	3,49065850399	-0,942693268824
17,37	0,12217304764	3,49065850399	-4,57879587714
17,38	0,157079632679	3,44217713588	-11,8510010938
17,39	0,191986217719	3,29673303154	-20,4699109802
17,4	0,226892802759	2,86040071855	-13,1977057635
17,41	0,244346095279	2,86040071855	7,54154615059
17,42	0,279252680319	3,24825166343	7,54154615059
17,43	0,314159265359	3,24825166343	-13,1977057635
17,44	0,349065850399	2,81191935043	-20,6045814472
17,45	0,366519142919	2,6664752461	-12,6590238956
17,46	0,401425727959	2,61799387799	-8,34956895244
17,47	0,418879020479	2,56951250988	-9,15759175428
17,48	0,453785605519	2,47254977366	-13,3323762305
17,49	0,471238898038	2,13318019688	-4,84813681109
17,5	0,488692190558	2,42406840555	-1,48137513672
17,51	0,523598775598	2,37558703744	-21,547274716
17,52	0,541052068118	1,89077335633	-33,2636053428
17,53	0,558505360638	1,59988514766	-33,2636053428
17,54	0,575958653158	1,11507146655	-21,547274716
17,55	0,575958653158	1,06659009844	-1,61604560369
17,56	0,593411945678	1,35747830711	-5,65615961294
17,57	0,610865238198	1,01810873033	-16,9684788388
17,58	0,610865238198	0,872664625997	-16,4297969709
17,59	0,628318530718	0,727220521664	-17,1031493058
17,6	0,628318530718	0,387850944888	-6,46418241478
17,61	0,628318530718	0,678739153553	-5,25214821201
17,62	0,645771823238	0,581776417331	-28,9541503996
17,63	0,645771823238	0	-42,5558675641
17,64	0,645771823238	-0,581776417331	-28,9541503996
17,65	0,628318530718	-0,678739153553	-5,25214821201
17,66	0,628318530718	-0,387850944888	-6,59885288176
17,67	0,628318530718	-0,727220521664	-18,0458425746
17,68	0,610865238198	-0,872664625997	-21,0085928481
17,69	0,610865238198	-1,06659009844	-28,8194799326
17,7	0,593411945678	-1,55140377955	-25,8567296592
17,71	0,575958653158	-1,69684788388	-12,9283648296
17,72	0,558505360638	-1,74532925199	-4,8481368111
17,73	0,541052068118	-1,74532925199	-1,88538653765
17,74	0,523598775598	-1,74532925199	-4,84813681109
17,75	0,506145483078	-1,7938106201	-12,9283648296
17,76	0,488692190558	-1,93925472444	-25,8567296592
17,77	0,471238898038	-2,42406840555	-28,8194799326
17,78	0,436332312999	-2,61799387799	-21,0085928481
17,79	0,418879020479	-2,76343798232	-17,7765016407
17,8	0,383972435439	-3,1028075591	-4,71346634412
17,81	0,349065850399	-2,81191935043	3,90544354227
17,82	0,331612557879	-2,81191935043	-5,11747774504
17,83	0,296705972839	-3,1028075591	-0,942693268825
17,84	0,261799387799	-2,81191935043	0,269340933945
17,85	0,244346095279	-2,86040071855	-16,8338083719
17,86	0,209439510239	-3,29673303154	-21,277933782
17,87	0,174532925199	-3,44217713588	-11,9856715608
17,88	0,13962634016	-3,49065850399	-4,57879587714
17,89	0,10471975512	-3,49065850399	-0,942693268824
17,9	0,0698131700798	-3,49065850399	-0,13467046697
17,91	0,0349065850399	-3,49065850399	3,78709409511E-012
17,92	0	-3,49065850399	0,134670466971
17,93	-0,0349065850399	-3,49065850399	0,942693268819
17,94	-0,0698131700798	-3,49065850399	4,57879587714
17,95	-0,10471975512	-3,44217713588	11,8510010938
17,96	-0,13962634016	-3,29673303154	20,3352405132
17,97	-0,174532925199	-2,86040071855	12,3896829617
17,98	-0,191986217719	-2,86040071855	-11,3123192259
17,99	-0,226892802759	-3,29673303154	-15,6217741691
18	-0,261799387799	-3,39369576777	0,942693268824
18,01	-0,296705972839	-3,29673303154	20,4699109802
18,02	-0,331612557879	-2,81191935043	24,1060135885
18,03	-0,349065850399	-2,6664752461	12,6590238956
18,04	-0,383972435439	-2,61799387799	4,8481368111
18,05	-0,401425727959	-2,61799387799	1,88538653765
18,06	-0,436332312999	-2,61799387799	4,8481368111
18,07	-0,453785605519	-2,56951250988	12,7936943626
18,08	-0,488692190558	-2,42406840555	25,0487068573
18,09	-0,506145483078	-1,93925472444	25,1833773243
18,1	-0,523598775598	-1,7938106201	13,7363876314
18,11	-0,541052068118	-1,74532925199	9,42693268824
18,12	-0,558505360638	-1,69684788388	13,7363876314
18,13	-0,575958653158	-1,55140377955	25,1833773243
18,14	-0,593411945678	-1,06659009844	25,1833773243
18,15	-0,593411945678	-0,921145994108	13,7363876314
18,16	-0,610865238198	-0,872664625997	9,42693268823
18,17	-0,610865238198	-0,824183257886	13,7363876314
18,18	-0,628318530718	-0,678739153553	25,1833773243
18,19	-0,628318530718	-0,193925472444	25,1833773243
18,2	-0,628318530718	-0,048481368111	13,7363876314
18,21	-0,628318530718	0	9,42693268824
18,22	-0,628318530718	0,048481368111	13,7363876314
18,23	-0,628318530718	0,193925472444	25,1833773243
18,24	-0,628318530718	0,678739153553	25,1833773243
18,25	-0,610865238198	0,824183257886	13,7363876314
18,26	-0,610865238198	0,872664625997	9,42693268823
18,27	-0,593411945678	0,921145994108	13,7363876314
18,28	-0,593411945678	1,06659009844	25,1833773243
18,29	-0,575958653158	1,55140377955	25,1833773243
18,3	-0,558505360638	1,69684788388	13,7363876314
18,31	-0,541052068118	1,74532925199	9,29226222126
18,32	-0,523598775598	1,7938106201	12,9283648296
18,33	-0,506145483078	1,93925472444	21,412604249
18,34	-0,488692190558	2,37558703744	16,9684788388
18,35	-0,453785605519	2,42406840555	0,673352334871
18,36	-0,436332312999	2,13318019688	5,52148914597
18,37	-0,418879020479	2,47254977366	16,9684788388
18,38	-0,383972435439	2,61799387799	16,4297969709
18,39	-0,366519142919	2,76343798232	16,9684788388
18,4	-0,331612557879	3,1028075591	5,52148914597
18,41	-0,296705972839	2,81191935043	0,673352334873
18,42	-0,279252680319	2,86040071855	16,9684788388
18,43	-0,244346095279	3,29673303154	21,277933782
18,44	-0,209439510239	3,44217713588	11,9856715608
18,45	-0,174532925199	3,49065850399	4,57879587715
18,46	-0,13962634016	3,49065850399	0,942693268822
18,47	-0,10471975512	3,49065850399	-3,26899001695E-013
18,48	-0,0698131700798	3,49065850399	-0,942693268823
18,49	-0,0349065850399	3,49065850399	-4,57879587715
18,5	0	3,44217713588	-11,8510010938
18,51	0,0349065850399	3,29673303154	-20,3352405132
18,52	0,0698131700798	2,86040071855	-12,2550124947
18,53	0,0872664625997	2,86040071855	12,2550124947
18,54	0,12217304764	3,29673303154	20,2005700462
18,55	0,157079632679	3,44217713588	10,908307825
18,56	0,191986217719	3,49065850399	0
18,57	0,226892802759	3,44217713588	-11,0429782919
18,58	0,261799387799	3,29673303154	-21,143263315
18,59	0,296705972839	2,86040071855	-16,9684788388
18,6	0,314159265359	2,81191935043	-0,673352334879
18,61	0,349065850399	3,1028075591	-5,65615961294
18,62	0,383972435439	2,76343798232	-17,7765016407
18,63	0,401425727959	2,61799387799	-20,0658995792
18,64	0,436332312999	2,42406840555	-24,2406840555
18,65	0,453785605519	1,98773609255	-14,0057285654
18,66	0,471238898038	1,98773609255	7,27220521664
18,67	0,488692190558	2,37558703744	6,59885288177
18,68	0,523598775598	2,37558703744	-17,7765016407
18,69	0,541052068118	1,89077335633	-32,4555825409
18,7	0,558505360638	1,59988514766	-33,1289348758
18,71	0,575958653158	1,11507146655	-21,547274716
18,72	0,575958653158	1,06659009844	-1,61604560369
18,73	0,593411945678	1,35747830711	-5,79083007992
18,74	0,610865238198	1,01810873033	-17,9111721077
18,75	0,610865238198	0,872664625997	-21,0085928481
18,76	0,628318530718	0,678739153553	-28,8194799326
18,77	0,628318530718	0,193925472444	-25,8567296592
18,78	0,628318530718	0,0484813681109	-13,0630352966
18,79	0,628318530718	0	-5,65615961294
18,8	0,628318530718	0	-5,65615961294
18,81	0,628318530718	-0,0484813681109	-13,0630352966
18,82	0,628318530718	-0,193925472444	-25,9914001261
18,83	0,628318530718	-0,678739153553	-29,6275027345
18,84	0,610865238198	-0,872664625997	-24,6446954564
18,85	0,610865238198	-1,06659009844	-25,3180477913
18,86	0,593411945678	-1,50292241144	-15,0830923012
18,87	0,575958653158	-1,50292241144	2,82807980648
18,88	0,558505360638	-1,16355283466	-4,3094549432
18,89	0,558505360638	-1,308996939	-33,6676167437
18,9	0,541052068118	-2,18166156499	-33,6676167437
18,91	0,506145483078	-2,32710566933	-4,3094549432
18,92	0,488692190558	-1,98773609255	2,96275027345
18,93	0,471238898038	-1,98773609255	-14,1403990324
18,94	0,453785605519	-2,42406840555	-20,7392519141
18,95	0,418879020479	-2,56951250988	-12,6590238956
18,96	0,401425727959	-2,61799387799	-8,34956895244
18,97	0,366519142919	-2,6664752461	-9,15759175429
18,98	0,349065850399	-2,76343798232	-13,3323762305
18,99	0,314159265359	-3,1028075591	-4,71346634412
19	0,279252680319	-2,81191935043	-0,538681867898
19,01	0,261799387799	-2,86040071855	-16,9684788388
19,02	0,226892802759	-3,29673303154	-21,277933782
19,03	0,191986217719	-3,44217713588	-11,9856715608
19,04	0,157079632679	-3,49065850399	-4,57879587715
19,05	0,12217304764	-3,49065850399	-0,808022801847
19,06	0,0872664625997	-3,49065850399	0,808022801849
19,07	0,0523598775598	-3,49065850399	4,57879587714
19,08	0,0174532925199	-3,44217713588	11,8510010938
19,09	-0,0174532925199	-3,29673303154	20,3352405132
19,1	-0,0523598775598	-2,86040071855	12,2550124947
19,11	-0,0698131700798	-2,86040071855	-12,2550124947
19,12	-0,10471975512	-3,29673303154	-20,2005700462
19,13	-0,13962634016	-3,44217713588	-10,908307825
19,14	-0,174532925199	-3,49065850399	1,648064401E-012
19,15	-0,209439510239	-3,44217713588	11,0429782919
19,16	-0,244346095279	-3,29673303154	21,143263315
19,17	-0,279252680319	-2,86040071855	16,9684788388
19,18	-0,296705972839	-2,81191935043	0,673352334873
19,19	-0,331612557879	-3,1028075591	5,52148914597
19,2	-0,366519142919	-2,76343798232	16,9684788388
19,21	-0,383972435439	-2,61799387799	16,4297969709
19,22	-0,418879020479	-2,47254977366	16,9684788388
19,23	-0,436332312999	-2,13318019688	5,52148914597
19,24	-0,453785605519	-2,42406840555	0,673352334871
19,25	-0,488692190558	-2,37558703744	17,1031493058
19,26	-0,506145483078	-1,93925472444	22,2206270508
19,27	-0,523598775598	-1,7938106201	16,5644674379
19,28	-0,541052068118	-1,69684788388	16,5644674379
19,29	-0,558505360638	-1,55140377955	22,3552975178
19,3	-0,575958653158	-1,11507146655	17,9111721077
19,31	-0,575958653158	-1,06659009844	4,3094549432
19,32	-0,593411945678	-1,308996939	12,9283648296
19,33	-0,610865238198	-0,872664625997	26,3954115271
19,34	-0,610865238198	-0,436332312999	13,0630352966
19,35	-0,610865238198	-0,678739153553	5,25214821202
19,36	-0,628318530718	-0,630257785442	22,3552975178
19,37	-0,628318530718	-0,145444104333	33,3982758098
19,38	-0,628318530718	0,145444104333	33,2636053428
19,39	-0,628318530718	0,630257785442	21,547274716
19,4	-0,610865238198	0,678739153553	1,6160456037
19,41	-0,610865238198	0,387850944888	5,79083007992
19,42	-0,610865238198	0,727220521664	17,9111721076
19,43	-0,593411945678	0,872664625997	21,0085928481
19,44	-0,593411945678	1,06659009844	28,8194799326
19,45	-0,575958653158	1,55140377955	25,8567296592
19,46	-0,558505360638	1,69684788388	12,9283648296
19,47	-0,541052068118	1,74532925199	4,84813681109
19,48	-0,523598775598	1,74532925199	1,88538653765
19,49	-0,506145483078	1,74532925199	4,84813681109
19,5	-0,488692190558	1,7938106201	12,7936943626
19,51	-0,471238898038	1,93925472444	25,0487068573
19,52	-0,453785605519	2,42406840555	25,1833773243
19,53	-0,418879020479	2,56951250988	13,6017171645
19,54	-0,401425727959	2,61799387799	8,48423941941
19,55	-0,366519142919	2,6664752461	9,15759175429
19,56	-0,349065850399	2,76343798232	13,3323762305
19,57	-0,314159265359	3,1028075591	4,71346634412
19,58	-0,279252680319	2,81191935043	0,538681867904
19,59	-0,261799387799	2,86040071855	16,8338083719
19,6	-0,226892802759	3,29673303154	20,3352405132
19,61	-0,191986217719	3,44217713588	7,40687568361
19,62	-0,157079632679	3,44217713588	-7,27220521664
19,63	-0,12217304764	3,29673303154	-19,3925472444
19,64	-0,0872664625997	2,86040071855	-12,1203420277
19,65	-0,0698131700798	2,86040071855	12,2550124947
19,66	-0,0349065850399	3,29673303154	20,3352405132
19,67	0	3,44217713588	11,8510010938
19,68	0,0349065850399	3,49065850399	4,57879587715
19,69	0,0698131700798	3,49065850399	0,808022801854
19,7	0,10471975512	3,49065850399	-0,808022801849
19,71	0,13962634016	3,49065850399	-4,57879587714
19,72	0,174532925199	3,44217713588	-11,9856715608
19,73	0,209439510239	3,29673303154	-21,277933782
19,74	0,244346095279	2,86040071855	-16,9684788388
19,75	0,261799387799	2,81191935043	-0,538681867904
19,76	0,296705972839	3,1028075591	-4,71346634412
19,77	0,331612557879	2,76343798232	-13,3323762305
19,78	0,349065850399	2,6664752461	-9,02292128731
19,79	0,383972435439	2,61799387799	-7,54154615059
19,8	0,401425727959	2,56951250988	-9,02292128731
19,81	0,436332312999	2,47254977366	-13,3323762305
19,82	0,453785605519	2,13318019688	-4,71346634412
19,83	0,471238898038	2,42406840555	-0,673352334873
19,84	0,506145483078	2,37558703744	-17,9111721077
19,85	0,523598775598	1,93925472444	-25,8567296592
19,86	0,541052068118	1,74532925199	-23,9713431215
19,87	0,558505360638	1,55140377955	-25,9914001261
19,88	0,575958653158	1,11507146655	-18,7191949095
19,89	0,575958653158	1,06659009844	-4,44412541016
19,9	0,593411945678	1,308996939	-12,9283648296
19,91	0,610865238198	0,872664625997	-26,3954115271
19,92	0,610865238198	0,436332312998	-12,9283648296
19,93	0,610865238198	0,678739153553	-4,44412541017
19,94	0,628318530718	0,630257785442	-18,7191949095
19,95	0,628318530718	0,193925472444	-26,0183342195
19,96	0,628318530718	0	-24,1194806352
19,97	0,628318530718	-0,193925472444	-26,3011422003
19,98	0,628318530718	-0,639954059066	-17,8977050613
19,99	0,610865238198	-0,702979837618	2,531804779
20	0,610865238198	-0,387850944893	18,8807994705
