Vernier Format 2
Файл.gmbl 07.12.2019 14:33:54 ,
Новый
Время	Угол	Скорость	Ускорение
t	Угол	v	a
с	rad	rad/с	rad/с²

0	0	0	0
0,01	0	0	0
0,02	0	0	0
0,03	0	0	0
0,04	0	0	0
0,05	0	0	0
0,06	0	0	0
0,07	0	0	0
0,08	0	0	0
0,09	0	0	0
0,1	0	0	0
0,11	0	0	0
0,12	0	0	0
0,13	0	0	0
0,14	0	0	0
0,15	0	0	0
0,16	0	0	0
0,17	0	0	0
0,18	0	0	0
0,19	0	0	0
0,2	0	0	0
0,21	0	0	0
0,22	0	0	0
0,23	0	0	0
0,24	0	0	0
0,25	0	0	0
0,26	0	0	0
0,27	0	0	0
0,28	0	0	0
0,29	0	0	0
0,3	0	0	0
0,31	0	0	0
0,32	0	0	0
0,33	0	0	0
0,34	0	0	0
0,35	0	0	0
0,36	0	0	0
0,37	0	0	0
0,38	0	0	0
0,39	0	0	-0,134670466975
0,4	0	0	-0,942693268823
0,41	0	0	-4,57879587714
0,42	0	-0,0484813681109	-11,8510010938
0,43	0	-0,193925472444	-20,3352405132
0,44	0	-0,630257785441	-12,2550124947
0,45	-0,0174532925199	-0,630257785441	12,2550124947
0,46	-0,0174532925199	-0,193925472444	20,3352405132
0,47	-0,0174532925199	-0,0484813681109	11,8510010938
0,48	-0,0174532925199	0	4,57879587714
0,49	-0,0174532925199	0	0,942693268823
0,5	-0,0174532925199	0	0,134670466975
0,51	-0,0174532925199	0	0
0,52	-0,0174532925199	0	0
0,53	-0,0174532925199	0	0
0,54	-0,0174532925199	0	0
0,55	-0,0174532925199	0	0
0,56	-0,0174532925199	0	0
0,57	-0,0174532925199	0	0
0,58	-0,0174532925199	0	0
0,59	-0,0174532925199	0	0
0,6	-0,0174532925199	0	0
0,61	-0,0174532925199	0	0
0,62	-0,0174532925199	0	0
0,63	-0,0174532925199	0	0
0,64	-0,0174532925199	0	0
0,65	-0,0174532925199	0	0
0,66	-0,0174532925199	0	0
0,67	-0,0174532925199	0	0
0,68	-0,0174532925199	0	0
0,69	-0,0174532925199	0	0
0,7	-0,0174532925199	0	0
0,71	-0,0174532925199	0	0
0,72	-0,0174532925199	0	0
0,73	-0,0174532925199	0	0,134670466975
0,74	-0,0174532925199	0	0,942693268823
0,75	-0,0174532925199	0	4,57879587714
0,76	-0,0174532925199	0,0484813681109	11,8510010938
0,77	-0,0174532925199	0,193925472444	20,3352405132
0,78	-0,0174532925199	0,630257785441	12,2550124947
0,79	0	0,630257785441	-12,2550124947
0,8	0	0,193925472444	-20,3352405132
0,81	0	0,0484813681109	-11,8510010938
0,82	0	0	-4,57879587714
0,83	0	0	-0,942693268823
0,84	0	0	-0,134670466975
0,85	0	0	0
0,86	0	0	0
0,87	0	0	0
0,88	0	0	0
0,89	0	0	0
0,9	0	0	0
0,91	0	0	0
0,92	0	0	0
0,93	0	0	0
0,94	0	0	0
0,95	0	0	0
0,96	0	0	0
0,97	0	0	0
0,98	0	0	0
0,99	0	0	0
1	0	0	0
1,01	0	0	0
1,02	0	0	0
1,03	0	0	0
1,04	0	0	0
1,05	0	0	0
1,06	0	0	0
1,07	0	0	0
1,08	0	0	0
1,09	0	0	0
1,1	0	0	0
1,11	0	0	0
1,12	0	0	0
1,13	0	0	0
1,14	0	0	0
1,15	0	0	0
1,16	0	0	0
1,17	0	0	0
1,18	0	0	0
1,19	0	0	0
1,2	0	0	0
1,21	0	0	0
1,22	0	0	0
1,23	0	0	0
1,24	0	0	0
1,25	0	0	0
1,26	0	0	0
1,27	0	0	0
1,28	0	0	0
1,29	0	0	0
1,3	0	0	0,134670466975
1,31	0	0	0,942693268823
1,32	0	0	4,71346634411
1,33	0	0,0484813681109	12,9283648296
1,34	0	0,193925472444	25,9914001261
1,35	0	0,678739153553	29,7621732015
1,36	0,0174532925199	0,872664625997	25,5873887253
1,37	0,0174532925199	1,06659009844	29,8968436685
1,38	0,0349065850399	1,55140377955	26,9340933949
1,39	0,0523598775599	1,69684788388	17,6418311736
1,4	0,0698131700798	1,7938106201	17,6418311737
1,41	0,0872664625997	1,93925472444	26,934093395
1,42	0,10471975512	2,42406840555	30,0315141353
1,43	0,13962634016	2,61799387799	26,530081994
1,44	0,157079632679	2,81191935044	34,4756395456
1,45	0,191986217719	3,34521439966	38,9197649557
1,46	0,226892802759	3,63610260832	38,9197649557
1,47	0,261799387799	4,16939765754	34,4756395455
1,48	0,314159265359	4,36332312999	26,530081994
1,49	0,349065850399	4,55724860243	30,0315141354
1,5	0,401425727959	5,04206228354	26,934093395
1,51	0,453785605519	5,18750638787	17,6418311737
1,52	0,506145483078	5,28446912409	17,6418311737
1,53	0,558505360638	5,42991322843	26,934093395
1,54	0,610865238198	5,91472690954	29,8968436685
1,55	0,680678408278	6,10865238198	25,5873887252
1,56	0,733038285838	6,30257785443	29,8968436683
1,57	0,802851455917	6,78739153553	26,9340933948
1,58	0,872664625997	6,93283563986	17,5071607066
1,59	0,942477796077	7,02979837609	16,6991379049
1,6	1,01229096616	7,17524248042	22,220627051
1,61	1,08210413624	7,61157479342	17,1031493059
1,62	1,16937059884	7,66005616153	0,673352334904
1,63	1,23918376892	7,36916795287	5,52148914597
1,64	1,308996939	7,70853752964	16,9684788388
1,65	1,3962634016	7,85398163397	16,295126504
1,66	1,46607657168	7,99942573831	16,0257855701
1,67	1,55334303427	8,33879531509	0,808022801928
1,68	1,64060949687	7,99942573831	-12,2550124948
1,69	1,71042266695	7,90246300209	-9,02292128744
1,7	1,79768912955	7,85398163397	-8,34956895251
1,71	1,86750229963	7,80550026586	-12,6590238957
1,72	1,95476876223	7,66005616153	-20,7392519142
1,73	2,02458193231	7,22372384853	-14,1403990324
1,74	2,09439510239	7,22372384853	2,96275027347
1,75	2,16420827247	7,56309342531	-4,44412541008
1,76	2,25147473507	7,41764932098	-34,4756395456
1,77	2,32128790515	6,54498469498	-37,4383898191
1,78	2,37364778271	6,35105922253	-12,5243534286
1,79	2,44346095279	6,59346606309	-10,23495549
1,8	2,51327412287	6,25409648631	-18,9885358434
1,81	2,56563400043	6,10865238198	-22,085956584
1,82	2,63544717051	5,91472690953	-33,5329462768
1,83	2,68780704807	5,38143186031	-38,6504240217
1,84	2,74016692563	5,09054365165	-37,9770716869
1,85	2,79252680319	4,55724860243	-29,8968436685
1,86	2,82743338823	4,4118044981	-14,8137513673
1,87	2,87979326579	4,36332312999	-10,504296424
1,88	2,91469985083	4,31484176187	-18,4498539755
1,89	2,96705972839	4,12091628943	-38,1117421538
1,9	3,00196631343	3,49065850399	-51,0401069834
1,91	3,03687289847	2,86040071855	-42,555867564
1,92	3,05432619099	2,61799387799	-30,3008550694
1,93	3,08923277603	2,42406840555	-30,8395369374
1,94	3,10668606855	1,93925472444	-27,203434329
1,95	3,12413936107	1,7938106201	-18,4498539755
1,96	3,14159265359	1,69684788388	-21,2779337819
1,97	3,15904594611	1,50292241144	-34,3409690785
1,98	3,17649923863	0,921145994111	-39,3237763567
1,99	3,17649923863	0,436332312999	-22,220627051
2	3,17649923863	0,630257785442	-18,0458425747
2,01	3,19395253115	0,436332312998	-42,959878965
2,02	3,19395253115	-0,484813681109	-46,7306520403
2,03	3,17649923863	-0,775701889775	-26,6647524611
2,04	3,17649923863	-0,872664626	-18,5845244426
2,05	3,15904594611	-0,969627362222	-26,6647524609
2,06	3,15904594611	-1,26051557088	-46,7306520401
2,07	3,14159265359	-2,18166156499	-42,9598789649
2,08	3,10668606855	-2,37558703743	-18,0458425747
2,09	3,08923277603	-2,18166156499	-22,220627051
2,1	3,07177948351	-2,6664752461	-39,3237763567
2,11	3,03687289847	-3,24825166343	-34,3409690785
2,12	3,00196631343	-3,44217713588	-21,2779337819
2,13	2,96705972839	-3,5391398721	-18,4498539756
2,14	2,93215314335	-3,68458397643	-27,0687638621
2,15	2,89724655831	-4,16939765754	-30,0315141354
2,16	2,84488668075	-4,36332312999	-26,530081994
2,17	2,80998009571	-4,55724860243	-34,4756395455
2,18	2,75762021815	-5,09054365165	-38,7850944888
2,19	2,70526034059	-5,38143186031	-37,977071687
2,2	2,65290046303	-5,91472690954	-29,8968436685
2,21	2,58308729295	-6,06017101387	-14,6790809002
2,22	2,53072741539	-6,10865238198	-9,5616031551
2,23	2,46091424531	-6,15713375009	-13,8710580983
2,24	2,40855436775	-6,30257785442	-26,1260705932
2,25	2,33874119767	-6,78739153553	-29,6275027346
2,26	2,26892802759	-6,98131700798	-24,7793659234
2,27	2,19911485751	-7,17524248042	-25,9914001261
2,28	2,12930168743	-7,61157479342	-17,9111721076
2,29	2,04203522483	-7,66005616153	-0,673352334874
2,3	1,97222205475	-7,36916795287	-4,71346634411
2,31	1,90240888467	-7,70853752964	-13,1977057635
2,32	1,81514242207	-7,80550026586	-8,21489848546
2,33	1,74532925199	-7,85398163397	-3,77077307529
2,34	1,65806278939	-7,85398163397	-0,673352334873
2,35	1,58824961931	-7,85398163397	0,673352334873
2,36	1,50098315672	-7,85398163397	3,77077307529
2,37	1,43116998664	-7,80550026586	8,21489848546
2,38	1,34390352404	-7,70853752964	13,1977057635
2,39	1,27409035396	-7,36916795287	4,71346634411
2,4	1,20427718388	-7,66005616153	0,538681867899
2,41	1,11701072128	-7,61157479342	17,1031493058
2,42	1,0471975512	-7,17524248042	22,2206270508
2,43	0,977384381117	-7,02979837609	16,6991379049
2,44	0,907571211037	-6,93283563987	17,5071607068
2,45	0,837758040957	-6,78739153553	26,9340933951
2,46	0,767944870877	-6,30257785442	29,8968436685
2,47	0,715584993318	-6,10865238198	25,5873887251
2,48	0,645771823238	-5,91472690954	29,8968436683
2,49	0,593411945678	-5,42991322843	26,934093395
2,5	0,541052068118	-5,28446912409	17,6418311738
2,51	0,488692190558	-5,18750638787	17,6418311737
2,52	0,436332312999	-5,04206228354	26,934093395
2,53	0,383972435439	-4,55724860243	30,0315141354
2,54	0,349065850399	-4,36332312999	26,5300819941
2,55	0,296705972839	-4,16939765754	34,4756395455
2,56	0,261799387799	-3,63610260832	38,9197649557
2,57	0,226892802759	-3,34521439966	38,9197649557
2,58	0,191986217719	-2,81191935044	34,4756395456
2,59	0,174532925199	-2,61799387799	26,5300819941
2,6	0,13962634016	-2,42406840555	30,0315141354
2,61	0,12217304764	-1,93925472444	26,9340933949
2,62	0,10471975512	-1,79381062011	17,6418311736
2,63	0,0872664625997	-1,69684788388	17,6418311738
2,64	0,0698131700798	-1,55140377955	27,068763862
2,65	0,0523598775599	-1,06659009844	30,8395369373
2,66	0,0523598775599	-0,872664625996	30,3008550693
2,67	0,0349065850399	-0,630257785441	42,555867564
2,68	0,0349065850399	0	51,0401069834
2,69	0,0349065850399	0,630257785441	38,1117421538
2,7	0,0523598775599	0,824183257885	18,5845244425
2,71	0,0523598775599	0,872664625996	11,3123192259
2,72	0,0698131700798	0,921145994107	18,5845244426
2,73	0,0698131700798	1,11507146655	38,111742154
2,74	0,0872664625997	1,745329252	51,0401069835
2,75	0,10471975512	2,37558703744	42,555867564
2,76	0,13962634016	2,61799387799	30,3008550693
2,77	0,157079632679	2,81191935044	30,8395369373
2,78	0,191986217719	3,29673303155	27,0687638619
2,79	0,226892802759	3,44217713588	17,6418311737
2,8	0,261799387799	3,5391398721	17,6418311736
2,81	0,296705972839	3,68458397643	26,934093395
2,82	0,331612557879	4,16939765754	30,0315141355
2,83	0,383972435439	4,36332312999	26,5300819941
2,84	0,418879020479	4,55724860243	34,4756395455
2,85	0,471238898038	5,09054365165	38,7850944888
2,86	0,523598775598	5,38143186032	37,9770716869
2,87	0,575958653158	5,91472690954	29,8968436683
2,88	0,645771823238	6,06017101387	14,6790809002
2,89	0,698131700798	6,10865238198	9,56160315529
2,9	0,767944870877	6,15713375009	13,8710580985
2,91	0,820304748437	6,30257785443	26,1260705932
2,92	0,890117918517	6,78739153553	29,6275027345
2,93	0,959931088597	6,98131700798	24,7793659233
2,94	1,02974425868	7,17524248042	25,9914001261
2,95	1,09955742876	7,61157479342	17,9111721076
2,96	1,18682389136	7,66005616153	0,673352334873
2,97	1,25663706144	7,36916795287	4,71346634411
2,98	1,32645023152	7,70853752964	13,1977057635
2,99	1,41371669412	7,80550026586	8,21489848546
3	1,4835298642	7,85398163397	3,77077307529
3,01	1,57079632679	7,85398163397	0,673352334873
3,02	1,64060949687	7,85398163397	-0,808022801848
3,03	1,72787595947	7,85398163397	-4,57879587714
3,04	1,79768912955	7,80550026586	-11,8510010938
3,05	1,88495559215	7,66005616153	-20,4699109802
3,06	1,95476876223	7,22372384853	-13,3323762305
3,07	2,02458193231	7,22372384853	6,59885288175
3,08	2,09439510239	7,61157479342	2,96275027341
3,09	2,18166156499	7,56309342531	-25,1833773243
3,1	2,25147473507	6,98131700798	-41,8825152293
3,11	2,32128790515	6,39954059064	-29,7621732015
3,12	2,37364778271	6,30257785442	-9,8309440891
3,13	2,44346095279	6,54498469498	-18,4498539755
3,14	2,51327412287	6,06017101387	-38,3810830878
3,15	2,56563400043	5,47839459654	-33,3982758098
3,16	2,61799387799	5,28446912409	-17,5071607067
3,17	2,67035375555	5,23598775598	-10,2349554901
3,18	2,72271363311	5,18750638787	-14,0057285654
3,19	2,77507351067	5,04206228354	-26,1260705931
3,2	2,82743338823	4,55724860243	-29,8968436684
3,21	2,86233997327	4,36332312999	-26,5300819941
3,22	2,91469985083	4,16939765754	-34,4756395456
3,23	2,94960643587	3,63610260832	-38,9197649557
3,24	2,98451302091	3,34521439966	-38,9197649557
3,25	3,01941960595	2,81191935044	-34,4756395456
3,26	3,03687289847	2,61799387799	-26,664752461
3,27	3,07177948351	2,42406840555	-30,8395369372
3,28	3,08923277603	1,93925472444	-30,7048664703
3,29	3,10668606855	1,74532925199	-25,8567296593
3,3	3,12413936107	1,55140377955	-30,7048664703
3,31	3,14159265359	1,06659009844	-30,7048664703
3,32	3,14159265359	0,872664625996	-25,8567296591
3,33	3,15904594611	0,678739153552	-30,7048664702
3,34	3,15904594611	0,193925472444	-30,7048664702
3,35	3,15904594611	0	-25,8567296591
3,36	3,15904594611	-0,193925472444	-30,7048664702
3,37	3,15904594611	-0,678739153552	-30,8395369372
3,38	3,14159265359	-0,872664625996	-26,664752461
3,39	3,14159265359	-1,06659009844	-34,4756395455
3,4	3,12413936107	-1,59988514766	-38,9197649558
3,41	3,10668606855	-1,89077335633	-38,9197649558
3,42	3,08923277603	-2,42406840555	-34,4756395457
3,43	3,05432619099	-2,61799387799	-26,5300819941
3,44	3,03687289847	-2,81191935044	-30,0315141353
3,45	3,00196631343	-3,29673303154	-27,0687638618
3,46	2,96705972839	-3,44217713588	-18,5845244425
3,47	2,93215314335	-3,5391398721	-22,2206270509
3,48	2,89724655831	-3,73306534454	-38,7850944888
3,49	2,86233997327	-4,36332312999	-50,2320841817
3,5	2,80998009571	-4,99358091543	-37,9770716869
3,51	2,75762021815	-5,18750638787	-18,4498539755
3,52	2,70526034059	-5,23598775598	-10,3696259571
3,53	2,65290046303	-5,2844691241	-14,0057285654
3,54	2,60054058547	-5,42991322843	-26,126070593
3,55	2,54818070791	-5,91472690953	-29,7621732014
3,56	2,47836753783	-6,10865238198	-25,5873887253
3,57	2,42600766027	-6,30257785442	-29,7621732015
3,58	2,35619449019	-6,78739153553	-25,9914001262
3,59	2,28638132011	-6,93283563987	-13,0630352966
3,6	2,21656815003	-6,98131700798	-5,65615961294
3,61	2,14675497995	-6,98131700798	-5,65615961294
3,62	2,07694180987	-7,02979837609	-12,9283648296
3,63	2,00712863979	-7,17524248042	-24,9140363903
3,64	1,93731546971	-7,66005616153	-24,2406840554
3,65	1,85004900711	-7,80550026586	-9,0229212873
3,66	1,78023583703	-7,80550026586	3,36676167437
3,67	1,69296937443	-7,70853752964	11,3123192259
3,68	1,62315620435	-7,36916795287	0
3,69	1,55334303427	-7,70853752964	-11,3123192259
3,7	1,46607657168	-7,80550026586	-3,36676167436
3,71	1,3962634016	-7,80550026586	9,02292128733
3,72	1,308996939	-7,66005616153	24,2406840555
3,73	1,23918376892	-7,17524248042	24,9140363904
3,74	1,16937059884	-7,02979837609	12,7936943627
3,75	1,09955742876	-6,98131700797	4,84813681101
3,76	1,02974425868	-6,98131700798	1,88538653751
3,77	0,959931088597	-6,98131700798	4,84813681101
3,78	0,890117918517	-6,93283563987	12,9283648295
3,79	0,820304748437	-6,78739153553	25,9914001261
3,8	0,750491578358	-6,30257785443	29,7621732015
3,81	0,698131700798	-6,10865238198	25,7220591923
3,82	0,628318530718	-5,91472690953	30,7048664703
3,83	0,575958653158	-5,42991322843	30,7048664702
3,84	0,523598775598	-5,23598775598	25,8567296591
3,85	0,471238898038	-5,04206228354	30,7048664703
3,86	0,418879020479	-4,55724860243	30,7048664702
3,87	0,383972435439	-4,36332312999	25,8567296592
3,88	0,331612557879	-4,16939765754	30,7048664704
3,89	0,296705972839	-3,68458397643	30,7048664703
3,9	0,261799387799	-3,49065850399	25,8567296591
3,91	0,226892802759	-3,29673303155	30,7048664702
3,92	0,191986217719	-2,81191935044	30,8395369373
3,93	0,174532925199	-2,61799387799	26,6647524611
3,94	0,13962634016	-2,42406840555	34,4756395456
3,95	0,12217304764	-1,89077335633	38,9197649556
3,96	0,10471975512	-1,59988514766	38,9197649556
3,97	0,0872664625997	-1,06659009844	34,4756395456
3,98	0,0872664625997	-0,872664625997	26,5300819941
3,99	0,0698131700798	-0,678739153553	30,0315141354
4	0,0698131700798	-0,193925472444	26,934093395
4,01	0,0698131700798	-0,0484813681109	17,6418311737
4,02	0,0698131700798	0,0484813681109	17,6418311737
4,03	0,0698131700798	0,193925472444	27,0687638619
4,04	0,0698131700798	0,678739153553	30,8395369373
4,05	0,0872664625997	0,872664625997	30,3008550694
4,06	0,0872664625997	1,11507146655	42,5558675641
4,07	0,10471975512	1,745329252	51,0401069834
4,08	0,12217304764	2,37558703743	38,2464126208
4,09	0,157079632679	2,56951250988	19,3925472444
4,1	0,174532925199	2,61799387799	14,9484218343
4,11	0,209439510239	2,71495661421	25,8567296592
4,12	0,226892802759	3,00584482288	46,5959815733
4,13	0,261799387799	3,92699081699	42,9598789649
4,14	0,314159265359	4,12091628943	18,0458425746
4,15	0,349065850399	3,92699081699	22,2206270509
4,16	0,383972435439	4,4118044981	39,1891058897
4,17	0,436332312999	4,99358091543	33,5329462767
4,18	0,488692190558	5,18750638787	17,6418311737
4,19	0,541052068118	5,23598775598	11,042978292
4,2	0,593411945678	5,2844691241	17,6418311737
4,21	0,645771823238	5,47839459654	33,3982758097
4,22	0,698131700798	6,06017101387	38,2464126209
4,23	0,767944870877	6,54498469498	17,5071607068
4,24	0,837758040957	6,30257785443	5,38681867906
4,25	0,890117918517	6,35105922254	18,8538653765
4,26	0,959931088597	6,78739153553	25,9914001261
4,27	1,02974425868	6,98131700798	23,9713431214
4,28	1,09955742876	7,17524248042	25,8567296592
4,29	1,16937059884	7,61157479342	17,9111721077
4,3	1,25663706144	7,66005616153	0,673352334847
4,31	1,32645023152	7,36916795286	4,57879587709
4,32	1,3962634016	7,70853752964	12,3896829617
4,33	1,4835298642	7,80550026586	4,44412541022
4,34	1,55334303427	7,80550026586	-4,44412541012
4,35	1,64060949687	7,70853752964	-12,2550124948
4,36	1,71042266695	7,36916795286	-3,63610260841
4,37	1,78023583703	7,66005616153	4,04011400924
4,38	1,86750229963	7,66005616153	-5,11747774504
4,39	1,93731546971	7,36916795286	-1,07736373572
4,4	2,00712863979	7,66005616153	-0,673352334842
4,41	2,09439510239	7,61157479342	-21,4126042491
4,42	2,16420827247	7,12676111231	-33,2636053428
4,43	2,23402144255	6,83587290364	-33,3982758097
4,44	2,30383461263	6,35105922254	-22,4899679848
4,45	2,35619449019	6,30257785443	-6,19484148089
4,46	2,42600766027	6,54498469498	-17,6418311738
4,47	2,49582083035	6,06017101387	-38,2464126209
4,48	2,54818070791	5,47839459654	-33,3982758097
4,49	2,60054058547	5,2844691241	-17,6418311736
4,5	2,65290046303	5,23598775599	-11,042978292
4,51	2,70526034059	5,18750638787	-17,6418311738
4,52	2,75762021815	4,99358091543	-33,5329462767
4,53	2,80998009571	4,4118044981	-39,1891058896
4,54	2,84488668075	3,92699081699	-22,0859565838
4,55	2,87979326579	4,12091628943	-17,2378197728
4,56	2,93215314335	3,92699081699	-39,3237763568
4,57	2,96705972839	3,05432619099	-39,3237763567
4,58	2,98451302091	2,86040071855	-17,2378197728
4,59	3,01941960595	3,05432619099	-22,2206270509
4,6	3,05432619099	2,56951250988	-40,1317991585
4,61	3,07177948351	1,98773609255	-38,1117421538
4,62	3,08923277603	1,745329252	-29,4928322676
4,63	3,10668606855	1,55140377955	-31,5128892722
4,64	3,12413936107	1,06659009844	-30,9742074043
4,65	3,12413936107	0,872664625996	-26,664752461
4,66	3,14159265359	0,678739153552	-34,4756395455
4,67	3,14159265359	0,145444104333	-38,9197649557
4,68	3,14159265359	-0,145444104333	-38,9197649557
4,69	3,14159265359	-0,678739153552	-34,4756395455
4,7	3,12413936107	-0,872664625996	-26,530081994
4,71	3,12413936107	-1,06659009844	-30,0315141354
4,72	3,10668606855	-1,55140377955	-26,9340933951
4,73	3,08923277603	-1,69684788388	-17,6418311738
4,74	3,07177948351	-1,79381062011	-17,6418311737
4,75	3,05432619099	-1,93925472444	-26,9340933949
4,76	3,03687289847	-2,42406840555	-30,0315141354
4,77	3,00196631343	-2,61799387799	-26,530081994
4,78	2,98451302091	-2,81191935043	-34,4756395455
4,79	2,94960643587	-3,34521439966	-38,9197649558
4,8	2,91469985083	-3,63610260832	-38,9197649557
4,81	2,87979326579	-4,16939765754	-34,4756395456
4,82	2,82743338823	-4,36332312999	-26,5300819941
4,83	2,79252680319	-4,55724860243	-30,0315141354
4,84	2,74016692563	-5,04206228354	-27,0687638619
4,85	2,68780704807	-5,18750638787	-18,4498539755
4,86	2,63544717051	-5,28446912409	-21,2779337821
4,87	2,58308729295	-5,47839459654	-34,2062986117
4,88	2,53072741539	-6,06017101387	-38,3810830878
4,89	2,46091424531	-6,54498469498	-17,5071607066
4,9	2,39110107523	-6,30257785442	-5,25214821194
4,91	2,33874119767	-6,35105922253	-18,0458425747
4,92	2,26892802759	-6,78739153553	-22,3552975179
4,93	2,19911485751	-6,93283563987	-16,564467438
4,94	2,12930168743	-7,02979837609	-16,5644674379
4,95	2,05948851735	-7,17524248042	-22,2206270508
4,96	1,98967534727	-7,61157479342	-16,9684788388
4,97	1,90240888467	-7,66005616153	0,269340933949
4,98	1,83259571459	-7,36916795287	-0,942693268823
4,99	1,76278254451	-7,66005616153	-4,98280727806
5	1,67551608191	-7,66005616153	4,84813681109
5,01	1,60570291183	-7,36916795287	0
5,02	1,53588974175	-7,66005616153	-4,84813681109
5,03	1,44862327916	-7,66005616153	4,98280727806
5,04	1,37881010908	-7,36916795287	0,942693268823
5,05	1,308996939	-7,66005616153	-0,269340933948
5,06	1,2217304764	-7,61157479342	16,9684788388
5,07	1,15191730632	-7,17524248042	22,2206270509
5,08	1,08210413624	-7,02979837609	16,564467438
5,09	1,01229096616	-6,93283563987	16,564467438
5,1	0,942477796077	-6,78739153553	22,3552975179
5,11	0,872664625997	-6,35105922253	18,0458425745
5,12	0,820304748437	-6,30257785442	5,25214821191
5,13	0,750491578358	-6,54498469498	17,6418311737
5,14	0,680678408278	-6,06017101387	39,1891058897
5,15	0,628318530718	-5,47839459654	37,977071687
5,16	0,575958653158	-5,23598775598	29,3581618005
5,17	0,523598775598	-5,04206228354	30,5701960033
5,18	0,471238898038	-4,55724860243	26,3954115271
5,19	0,436332312999	-4,4118044981	14,8137513673
5,2	0,383972435439	-4,36332312999	14,0057285654
5,21	0,349065850399	-4,26636039376	25,7220591922
5,22	0,296705972839	-3,9754721851	46,5959815732
5,23	0,261799387799	-3,05432619099	42,9598789649
5,24	0,244346095279	-2,86040071855	18,0458425746
5,25	0,209439510239	-3,05432619099	22,3552975179
5,26	0,174532925199	-2,56951250988	40,1317991586
5,27	0,157079632679	-1,98773609255	38,111742154
5,28	0,13962634016	-1,74532925199	29,4928322675
5,29	0,12217304764	-1,55140377955	31,512889272
5,3	0,10471975512	-1,06659009844	30,8395369371
5,31	0,10471975512	-0,872664626	25,8567296591
5,32	0,0872664625997	-0,678739153556	30,7048664703
5,33	0,0872664625997	-0,193925472445	30,7048664704
5,34	0,0872664625997	0	25,8567296593
5,35	0,0872664625997	0,193925472445	30,7048664704
5,36	0,0872664625997	0,678739153556	30,7048664703
5,37	0,10471975512	0,872664626	25,8567296591
5,38	0,10471975512	1,06659009844	30,7048664701
5,39	0,12217304764	1,55140377955	30,7048664702
5,4	0,13962634016	1,74532925199	25,8567296592
5,41	0,157079632679	1,93925472444	30,7048664704
5,42	0,174532925199	2,42406840555	30,8395369374
5,43	0,209439510239	2,61799387799	26,664752461
5,44	0,226892802759	2,81191935044	34,4756395455
5,45	0,261799387799	3,34521439966	38,9197649556
5,46	0,296705972839	3,63610260832	38,9197649557
5,47	0,331612557879	4,16939765754	34,4756395457
5,48	0,383972435439	4,36332312999	26,5300819941
5,49	0,418879020479	4,55724860243	30,0315141354
5,5	0,471238898038	5,04206228354	26,934093395
5,51	0,523598775598	5,18750638787	17,6418311737
5,52	0,575958653158	5,28446912409	17,6418311737
5,53	0,628318530718	5,42991322843	26,934093395
5,54	0,680678408278	5,91472690954	29,8968436685
5,55	0,750491578358	6,10865238198	25,5873887252
5,56	0,802851455917	6,30257785442	29,7621732013
5,57	0,872664625997	6,78739153553	25,991400126
5,58	0,942477796077	6,93283563986	12,9283648296
5,59	1,01229096616	6,98131700798	4,84813681122
5,6	1,08210413624	6,98131700798	1,88538653772
5,61	1,15191730632	6,98131700798	4,84813681112
5,62	1,2217304764	7,02979837609	12,7936943626
5,63	1,29154364648	7,17524248042	24,9140363903
5,64	1,36135681656	7,66005616153	24,2406840554
5,65	1,44862327916	7,80550026586	9,0229212873
5,66	1,51843644924	7,80550026586	-3,50143214134
5,67	1,60570291183	7,70853752964	-12,2550124947
5,68	1,67551608191	7,36916795287	-4,57879587714
5,69	1,74532925199	7,66005616153	-0,538681867899
5,7	1,83259571459	7,61157479342	-16,9684788388
5,71	1,90240888467	7,17524248042	-21,277933782
5,72	1,97222205475	7,02979837609	-11,9856715607
5,73	2,04203522483	6,98131700798	-4,71346634412
5,74	2,11184839491	6,98131700798	-1,88538653768
5,75	2,18166156499	6,98131700798	-4,84813681117
5,76	2,25147473507	6,93283563987	-12,9283648297
5,77	2,32128790515	6,78739153553	-25,9914001262
5,78	2,39110107523	6,30257785442	-29,7621732014
5,79	2,44346095279	6,10865238198	-25,5873887251
5,8	2,51327412287	5,91472690954	-29,8968436684
5,81	2,56563400043	5,42991322843	-26,934093395
5,82	2,61799387799	5,28446912409	-17,6418311737
5,83	2,67035375555	5,18750638787	-17,6418311737
5,84	2,72271363311	5,04206228354	-26,934093395
5,85	2,77507351067	4,55724860243	-30,0315141353
5,86	2,80998009571	4,36332312999	-26,530081994
5,87	2,86233997327	4,16939765754	-34,4756395456
5,88	2,89724655831	3,63610260832	-38,9197649558
5,89	2,93215314335	3,34521439966	-38,9197649558
5,9	2,96705972839	2,81191935043	-34,4756395456
5,91	2,98451302091	2,61799387799	-26,530081994
5,92	3,01941960595	2,42406840555	-30,0315141354
5,93	3,03687289847	1,93925472444	-26,934093395
5,94	3,05432619099	1,7938106201	-17,6418311736
5,95	3,07177948351	1,69684788388	-17,6418311736
5,96	3,08923277603	1,55140377955	-27,068763862
5,97	3,10668606855	1,06659009844	-30,8395369373
5,98	3,10668606855	0,872664625996	-30,3008550694
5,99	3,12413936107	0,630257785441	-42,555867564
6	3,12413936107	0	-51,0401069834
6,01	3,12413936107	-0,630257785441	-38,1117421538
6,02	3,10668606855	-0,824183257885	-18,5845244425
6,03	3,10668606855	-0,872664625996	-11,312319226
6,04	3,08923277603	-0,921145994108	-18,5845244426
6,05	3,08923277603	-1,11507146655	-38,1117421539
6,06	3,07177948351	-1,745329252	-51,0401069834
6,07	3,05432619099	-2,37558703744	-42,555867564
6,08	3,01941960595	-2,61799387799	-30,3008550693
6,09	3,00196631343	-2,81191935044	-30,8395369372
6,1	2,96705972839	-3,29673303154	-27,0687638619
6,11	2,93215314335	-3,44217713588	-17,6418311738
6,12	2,89724655831	-3,5391398721	-17,6418311738
6,13	2,86233997327	-3,68458397643	-26,934093395
6,14	2,82743338823	-4,16939765754	-29,8968436684
6,15	2,77507351067	-4,36332312999	-25,7220591921
6,16	2,74016692563	-4,55724860243	-30,7048664702
6,17	2,68780704807	-5,04206228354	-30,7048664703
6,18	2,63544717051	-5,23598775598	-25,8567296593
6,19	2,58308729295	-5,42991322843	-30,5701960033
6,2	2,53072741539	-5,91472690954	-29,7621732014
6,21	2,46091424531	-6,10865238198	-21,143263315
6,22	2,40855436775	-6,25409648631	-18,0458425747
6,23	2,33874119767	-6,59346606309	-6,59885288189
6,24	2,26892802759	-6,30257785443	-5,25214821209
6,25	2,21656815003	-6,39954059065	-28,8194799326
6,26	2,14675497995	-6,98131700798	-41,7478447622
6,27	2,07694180987	-7,56309342531	-25,1833773243
6,28	1,98967534727	-7,61157479342	3,09742074042
6,29	1,91986217719	-7,22372384853	7,40687568361
6,3	1,85004900711	-7,22372384853	-9,5616031552
6,31	1,78023583703	-7,61157479342	-12,2550124947
6,32	1,69296937443	-7,66005616153	1,21203420278
6,33	1,62315620435	-7,36916795287	-0,808022801824
6,34	1,55334303427	-7,66005616153	-4,98280727801
6,35	1,46607657168	-7,66005616153	4,98280727812
6,36	1,3962634016	-7,36916795286	0,9426932688
6,37	1,32645023152	-7,66005616153	-0,269340934032
6,38	1,23918376892	-7,61157479342	16,9684788389
6,39	1,16937059884	-7,17524248042	22,220627051
6,4	1,09955742876	-7,02979837609	16,6991379048
6,41	1,02974425868	-6,93283563987	17,3724902396
6,42	0,959931088597	-6,78739153553	25,9914001261
6,43	0,890117918517	-6,30257785443	25,3180477913
6,44	0,837758040957	-6,15713375009	13,7363876315
6,45	0,767944870877	-6,10865238198	9,56160315529
6,46	0,715584993318	-6,06017101387	14,6790809002
6,47	0,645771823238	-5,91472690954	29,8968436683
6,48	0,593411945678	-5,38143186032	37,9770716869
6,49	0,541052068118	-5,09054365165	38,7850944888
6,5	0,488692190558	-4,55724860243	34,4756395455
6,51	0,453785605519	-4,36332312999	26,530081994
6,52	0,401425727959	-4,16939765754	30,0315141355
6,53	0,366519142919	-3,68458397643	26,934093395
6,54	0,331612557879	-3,5391398721	17,6418311738
6,55	0,296705972839	-3,44217713588	17,6418311737
6,56	0,261799387799	-3,29673303154	26,9340933949
6,57	0,226892802759	-2,81191935044	30,0315141353
6,58	0,209439510239	-2,61799387799	26,5300819941
6,59	0,174532925199	-2,42406840555	34,4756395457
6,6	0,157079632679	-1,89077335633	38,9197649558
6,61	0,13962634016	-1,59988514766	38,9197649558
6,62	0,12217304764	-1,06659009844	34,4756395455
6,63	0,12217304764	-0,872664625996	26,664752461
6,64	0,10471975512	-0,678739153552	30,8395369372
6,65	0,10471975512	-0,193925472444	30,7048664702
6,66	0,10471975512	0	25,8567296591
6,67	0,10471975512	0,193925472444	30,7048664702
6,68	0,10471975512	0,678739153552	30,7048664702
6,69	0,12217304764	0,872664625996	25,8567296591
6,7	0,12217304764	1,06659009844	30,7048664703
6,71	0,13962634016	1,55140377955	30,7048664703
6,72	0,157079632679	1,74532925199	25,8567296593
6,73	0,174532925199	1,93925472444	30,7048664703
6,74	0,191986217719	2,42406840555	30,8395369372
6,75	0,226892802759	2,61799387799	26,664752461
6,76	0,244346095279	2,81191935044	34,4756395456
6,77	0,279252680319	3,34521439966	38,9197649557
6,78	0,314159265359	3,63610260832	38,9197649557
6,79	0,349065850399	4,16939765754	34,4756395456
6,8	0,401425727959	4,36332312999	26,5300819941
6,81	0,436332312999	4,55724860243	29,8968436684
6,82	0,488692190558	5,04206228354	26,1260705931
6,83	0,541052068118	5,18750638787	13,8710580984
6,84	0,593411945678	5,23598775598	9,42693268823
6,85	0,645771823238	5,28446912409	13,8710580984
6,86	0,698131700798	5,42991322843	26,1260705932
6,87	0,750491578358	5,91472690954	29,7621732015
6,88	0,820304748437	6,10865238198	25,5873887251
6,89	0,872664625997	6,30257785442	29,7621732014
6,9	0,942477796077	6,78739153553	26,1260705932
6,91	1,01229096616	6,93283563987	13,8710580985
6,92	1,08210413624	6,98131700798	9,29226222133
6,93	1,15191730632	7,02979837609	12,9283648296
6,94	1,2217304764	7,17524248042	21,412604249
6,95	1,29154364648	7,61157479342	16,8338083718
6,96	1,37881010908	7,66005616153	-0,269340933949
6,97	1,44862327916	7,36916795287	0,942693268823
6,98	1,51843644924	7,66005616153	4,98280727806
6,99	1,60570291183	7,66005616153	-4,98280727806
7	1,67551608191	7,36916795287	-0,942693268823
7,01	1,74532925199	7,66005616153	0,269340933949
7,02	1,83259571459	7,61157479342	-16,8338083718
7,03	1,90240888467	7,17524248042	-21,277933782
7,04	1,97222205475	7,02979837609	-11,9856715607
7,05	2,04203522483	6,98131700798	-4,71346634412
7,06	2,11184839491	6,98131700798	-2,02005700465
7,07	2,18166156499	6,98131700798	-5,65615961301
7,08	2,25147473507	6,93283563987	-16,564467438
7,09	2,32128790515	6,73891016742	-33,2636053428
7,1	2,39110107523	6,15713375009	-38,2464126208
7,11	2,44346095279	5,67232006898	-17,6418311736
7,12	2,49582083035	5,91472690954	-6,1948414809
7,13	2,56563400043	5,86624554142	-22,6246384518
7,14	2,61799387799	5,38143186031	-34,3409690785
7,15	2,67035375555	5,09054365165	-37,9770716869
7,16	2,72271363311	4,55724860243	-34,3409690786
7,17	2,75762021815	4,36332312999	-26,5300819941
7,18	2,80998009571	4,16939765754	-30,0315141354
7,19	2,84488668075	3,68458397643	-27,0687638619
7,2	2,87979326579	3,5391398721	-18,4498539756
7,21	2,91469985083	3,44217713588	-21,2779337821
7,22	2,94960643587	3,24825166343	-34,3409690786
7,23	2,98451302091	2,6664752461	-39,3237763566
7,24	3,00196631343	2,18166156499	-22,2206270508
7,25	3,01941960595	2,37558703744	-18,0458425747
7,26	3,05432619099	2,18166156499	-42,959878965
7,27	3,07177948351	1,26051557088	-46,5959815732
7,28	3,07177948351	0,969627362222	-25,8567296591
7,29	3,08923277603	0,872664626	-14,9484218343
7,3	3,08923277603	0,824183257886	-19,3925472445
7,31	3,10668606855	0,630257785442	-38,2464126209
7,32	3,10668606855	0	-51,0401069835
7,33	3,10668606855	-0,630257785442	-42,5558675641
7,34	3,08923277603	-0,872664625997	-30,3008550694
7,35	3,08923277603	-1,06659009844	-30,7048664703
7,36	3,07177948351	-1,55140377955	-26,26074106
7,37	3,05432619099	-1,69684788388	-14,0057285653
7,38	3,03687289847	-1,74532925199	-10,3696259571
7,39	3,01941960595	-1,79381062011	-18,4498539756
7,4	3,00196631343	-1,98773609255	-37,9770716869
7,41	2,98451302091	-2,61799387799	-50,2320841816
7,42	2,94960643587	-3,24825166343	-38,9197649558
7,43	2,91469985083	-3,44217713588	-23,0286498527
7,44	2,87979326579	-3,5391398721	-22,2206270508
7,45	2,84488668075	-3,73306534454	-34,4756395455
7,46	2,80998009571	-4,31484176187	-39,3237763566
7,47	2,75762021815	-4,79965544298	-22,0859565839
7,48	2,70526034059	-4,60572997054	-17,2378197729
7,49	2,67035375555	-4,79965544299	-39,1891058897
7,5	2,61799387799	-5,67232006898	-38,3810830877
7,51	2,54818070791	-5,86624554142	-12,6590238955
7,52	2,49582083035	-5,62383870087	-10,2349554901
7,53	2,44346095279	-5,96320827765	-18,8538653765
7,54	2,37364778271	-6,10865238198	-21,143263315
7,55	2,32128790515	-6,30257785442	-28,8194799327
7,56	2,25147473507	-6,78739153553	-25,9914001263
7,57	2,18166156499	-6,93283563987	-13,8710580985
7,58	2,11184839491	-6,98131700798	-9,29226222128
7,59	2,04203522483	-7,02979837609	-12,7936943626
7,6	1,97222205475	-7,17524248042	-20,6045814471
7,61	1,90240888467	-7,61157479342	-13,1977057635
7,62	1,81514242207	-7,61157479342	7,67621661756
7,63	1,74532925199	-7,22372384853	8,4842394194
7,64	1,67551608191	-7,22372384853	-8,61890988638
7,65	1,60570291183	-7,61157479342	-8,61890988638
7,66	1,51843644924	-7,61157479342	8,61890988638
7,67	1,44862327916	-7,22372384853	8,61890988638
7,68	1,37881010908	-7,22372384853	-8,4842394194
7,69	1,308996939	-7,61157479342	-7,54154615058
7,7	1,2217304764	-7,61157479342	14,1403990323
7,71	1,15191730632	-7,17524248042	25,1833773243
7,72	1,08210413624	-6,98131700798	24,6446954564
7,73	1,01229096616	-6,78739153553	29,6275027346
7,74	0,942477796077	-6,30257785442	26,1260705932
7,75	0,890117918517	-6,15713375009	13,8710580983
7,76	0,820304748437	-6,10865238198	9,42693268817
7,77	0,767944870877	-6,06017101387	13,8710580985
7,78	0,698131700798	-5,91472690953	26,1260705932
7,79	0,645771823238	-5,42991322843	29,7621732014
7,8	0,593411945678	-5,23598775598	25,7220591922
7,81	0,541052068118	-5,04206228354	30,7048664703
7,82	0,488692190558	-4,55724860243	30,7048664702
7,83	0,453785605519	-4,36332312999	25,7220591922
7,84	0,401425727959	-4,16939765754	29,8968436685
7,85	0,366519142919	-3,68458397643	27,068763862
7,86	0,331612557879	-3,5391398721	18,5845244426
7,87	0,296705972839	-3,44217713588	22,2206270509
7,88	0,261799387799	-3,24825166343	38,7850944887
7,89	0,226892802759	-2,61799387799	50,2320841816
7,9	0,209439510239	-1,98773609255	37,9770716869
7,91	0,191986217719	-1,79381062011	18,5845244425
7,92	0,174532925199	-1,745329252	11,312319226
7,93	0,157079632679	-1,69684788388	18,5845244426
7,94	0,13962634016	-1,50292241144	37,9770716869
7,95	0,12217304764	-0,872664625996	50,2320841816
7,96	0,12217304764	-0,242406840554	38,7850944887
7,97	0,12217304764	-0,0484813681109	22,2206270508
7,98	0,12217304764	0,0484813681109	18,5845244425
7,99	0,12217304764	0,193925472444	27,0687638619
8	0,12217304764	0,678739153552	30,0315141354
8,01	0,13962634016	0,872664625996	26,530081994
8,02	0,13962634016	1,06659009844	34,4756395456
8,03	0,157079632679	1,59988514766	38,9197649558
8,04	0,174532925199	1,89077335633	38,9197649558
8,05	0,191986217719	2,42406840555	34,4756395455
8,06	0,226892802759	2,61799387799	26,664752461
8,07	0,244346095279	2,81191935044	30,8395369373
8,08	0,279252680319	3,29673303155	30,7048664703
8,09	0,314159265359	3,49065850399	25,8567296592
8,1	0,349065850399	3,68458397643	30,7048664702
8,11	0,383972435439	4,16939765754	30,7048664703
8,12	0,436332312999	4,36332312999	25,7220591922
8,13	0,471238898038	4,55724860243	29,8968436685
8,14	0,523598775598	5,04206228354	26,934093395
8,15	0,575958653158	5,18750638787	17,6418311737
8,16	0,628318530718	5,28446912409	17,6418311738
8,17	0,680678408278	5,42991322843	26,934093395
8,18	0,733038285838	5,91472690954	29,8968436683
8,19	0,802851455917	6,10865238198	25,5873887251
8,2	0,855211333477	6,30257785442	29,7621732015
8,21	0,925024503557	6,78739153553	25,9914001262
8,22	0,994837673637	6,93283563987	12,9283648296
8,23	1,06465084372	6,98131700798	4,71346634414
8,24	1,1344640138	6,98131700798	1,0773637358
8,25	1,20427718388	6,98131700798	1,0773637358
8,26	1,27409035396	6,98131700798	4,57879587714
8,27	1,34390352404	7,02979837609	11,9856715607
8,28	1,41371669412	7,17524248042	21,277933782
8,29	1,4835298642	7,61157479342	16,8338083718
8,3	1,57079632679	7,66005616153	-0,40401140093
8,31	1,64060949687	7,36916795287	-2,97835830073E-011
8,32	1,71042266695	7,66005616153	0,404011400847
8,33	1,79768912955	7,61157479342	-16,833808372
8,34	1,86750229963	7,17524248042	-21,2779337821
8,35	1,93731546971	7,02979837609	-12,1203420276
8,36	2,00712863979	6,98131700798	-5,52148914583
8,37	2,07694180987	6,98131700798	-5,65615961286
8,38	2,14675497995	6,93283563987	-12,9283648295
8,39	2,21656815003	6,78739153553	-25,0487068573
8,4	2,28638132011	6,30257785443	-25,1833773243
8,41	2,33874119767	6,15713375009	-13,7363876316
8,42	2,40855436775	6,10865238198	-9,56160315529
8,43	2,46091424531	6,06017101387	-14,6790809002
8,44	2,53072741539	5,91472690954	-29,8968436683
8,45	2,58308729295	5,38143186032	-37,84240122
8,46	2,63544717051	5,09054365165	-37,84240122
8,47	2,68780704807	4,55724860243	-30,0315141354
8,48	2,72271363311	4,4118044981	-15,621774169
8,49	2,77507351067	4,36332312999	-14,1403990323
8,5	2,80998009571	4,26636039377	-25,7220591922
8,51	2,86233997327	3,9754721851	-46,5959815734
8,52	2,89724655831	3,05432619099	-42,959878965
8,53	2,91469985083	2,86040071855	-18,0458425746
8,54	2,94960643587	3,05432619099	-22,2206270509
8,55	2,98451302091	2,56951250988	-39,3237763566
8,56	3,00196631343	1,98773609255	-34,3409690785
8,57	3,01941960595	1,79381062011	-21,2779337821
8,58	3,03687289847	1,69684788388	-18,4498539756
8,59	3,05432619099	1,55140377955	-27,2034343289
8,6	3,07177948351	1,06659009844	-30,8395369371
8,61	3,07177948351	0,872664626	-30,1661846023
8,62	3,08923277603	0,630257785445	-41,7478447623
8,63	3,08923277603	0	-47,4040043754
8,64	3,08923277603	-0,581776417334	-30,8395369374
8,65	3,07177948351	-0,678739153556	-9,96561455608
8,66	3,07177948351	-0,436332312999	-18,5845244424
8,67	3,07177948351	-0,921145994107	-39,4584468235
8,68	3,05432619099	-1,50292241144	-38,7850944888
8,69	3,03687289847	-1,74532925199	-33,1289348759
8,7	3,01941960595	-1,98773609255	-38,7850944888
8,71	3,00196631343	-2,56951250988	-39,4584468236
8,72	2,96705972839	-3,05432619099	-18,5845244425
8,73	2,93215314335	-2,81191935044	-9,96561455621
8,74	2,91469985083	-2,90888208666	-30,7048664703
8,75	2,87979326579	-3,49065850399	-46,4613111063
8,76	2,84488668075	-4,12091628943	-37,169048885
8,77	2,79252680319	-4,31484176187	-18,4498539756
8,78	2,75762021815	-4,36332312999	-11,3123192259
8,79	2,70526034059	-4,4118044981	-18,4498539756
8,8	2,67035375555	-4,60572997054	-37,169048885
8,81	2,61799387799	-5,23598775598	-46,4613111063
8,82	2,56563400043	-5,81776417331	-30,5701960033
8,83	2,49582083035	-5,91472690954	-9,02292128736
8,84	2,44346095279	-5,67232006898	-13,8710580983
8,85	2,39110107523	-6,10865238198	-26,530081994
8,86	2,32128790515	-6,54498469498	-13,0630352966
8,87	2,25147473507	-6,30257785442	-5,25214821215
8,88	2,19911485751	-6,35105922254	-22,3552975179
8,89	2,12930168743	-6,83587290365	-33,2636053428
8,9	2,05948851735	-7,12676111231	-32,3209120739
8,91	1,98967534727	-7,61157479342	-16,9684788388
8,92	1,90240888467	-7,61157479342	10,3696259571
8,93	1,83259571459	-7,17524248042	15,6217741691
8,94	1,76278254451	-7,0782797442	8,75842608315E-013
8,95	1,69296937443	-7,17524248042	-15,891115103
8,96	1,62315620435	-7,61157479342	-12,2550124947
8,97	1,53588974175	-7,61157479342	7,81088708458
8,98	1,46607657168	-7,22372384853	8,48423941947
8,99	1,3962634016	-7,22372384853	-8,34956895245
9	1,32645023152	-7,61157479342	-6,73352334882
9,01	1,23918376892	-7,61157479342	17,7765016407
9,02	1,16937059884	-7,12676111231	32,455582541
9,03	1,09955742876	-6,83587290364	33,1289348757
9,04	1,02974425868	-6,35105922254	21,5472747158
9,05	0,977384381117	-6,30257785443	1,61604560365
9,06	0,907571211037	-6,59346606309	5,79083007996
9,07	0,837758040957	-6,25409648631	17,9111721078
9,08	0,785398163397	-6,10865238198	21,1432633151
9,09	0,715584993318	-5,91472690953	29,7621732014
9,1	0,663225115758	-5,42991322843	30,5701960032
9,11	0,610865238198	-5,23598775599	25,8567296592
9,12	0,558505360638	-5,04206228354	30,7048664704
9,13	0,506145483078	-4,55724860243	30,7048664703
9,14	0,471238898038	-4,36332312999	25,8567296592
9,15	0,418879020479	-4,16939765754	30,7048664702
9,16	0,383972435439	-3,68458397643	30,7048664703
9,17	0,349065850399	-3,49065850399	25,8567296592
9,18	0,314159265359	-3,29673303154	30,7048664703
9,19	0,279252680319	-2,81191935043	30,7048664703
9,2	0,261799387799	-2,61799387799	25,8567296591
9,21	0,226892802759	-2,42406840555	30,7048664703
9,22	0,209439510239	-1,93925472444	30,7048664702
9,23	0,191986217719	-1,745329252	25,8567296591
9,24	0,174532925199	-1,55140377955	30,7048664703
9,25	0,157079632679	-1,06659009844	30,7048664704
9,26	0,157079632679	-0,872664625996	25,8567296592
9,27	0,13962634016	-0,678739153552	30,7048664703
9,28	0,13962634016	-0,193925472444	30,7048664702
9,29	0,13962634016	0	25,8567296591
9,3	0,13962634016	0,193925472444	30,7048664702
9,31	0,13962634016	0,678739153552	30,8395369372
9,32	0,157079632679	0,872664625996	26,6647524611
9,33	0,157079632679	1,06659009844	34,4756395457
9,34	0,174532925199	1,59988514766	38,9197649558
9,35	0,191986217719	1,89077335633	38,9197649557
9,36	0,209439510239	2,42406840555	34,4756395455
9,37	0,244346095279	2,61799387799	26,530081994
9,38	0,261799387799	2,81191935044	30,0315141353
9,39	0,296705972839	3,29673303154	27,0687638619
9,4	0,331612557879	3,44217713588	18,4498539756
9,41	0,366519142919	3,5391398721	21,2779337821
9,42	0,401425727959	3,73306534454	34,3409690786
9,43	0,436332312999	4,31484176188	39,3237763566
9,44	0,488692190558	4,79965544298	22,0859565838
9,45	0,541052068118	4,60572997054	17,2378197727
9,46	0,575958653158	4,79965544298	39,1891058897
9,47	0,628318530718	5,67232006898	38,3810830879
9,48	0,698131700798	5,86624554143	12,6590238958
9,49	0,750491578358	5,62383870087	10,2349554901
9,5	0,802851455917	5,96320827765	18,8538653764
9,51	0,872664625997	6,10865238198	21,143263315
9,52	0,925024503557	6,30257785442	28,8194799327
9,53	0,994837673637	6,78739153553	25,8567296593
9,54	1,06465084372	6,93283563987	13,0630352966
9,55	1,1344640138	6,98131700798	5,65615961297
9,56	1,20427718388	6,98131700798	5,52148914597
9,57	1,27409035396	7,02979837609	11,9856715607
9,58	1,34390352404	7,17524248042	20,4699109802
9,59	1,41371669412	7,61157479342	13,1977057635
9,6	1,50098315672	7,61157479342	-7,67621661756
9,61	1,57079632679	7,22372384853	-8,48423941941
9,62	1,64060949687	7,22372384853	8,48423941937
9,63	1,71042266695	7,61157479342	7,67621661748
9,64	1,79768912955	7,61157479342	-13,1977057637
9,65	1,86750229963	7,17524248042	-20,4699109802
9,66	1,93731546971	7,02979837609	-11,9856715607
9,67	2,00712863979	6,98131700798	-5,52148914583
9,68	2,07694180987	6,98131700798	-5,65615961286
9,69	2,14675497995	6,93283563987	-13,0630352965
9,7	2,21656815003	6,78739153553	-25,9914001261
9,71	2,28638132011	6,30257785443	-29,7621732015
9,72	2,33874119767	6,10865238198	-25,5873887253
9,73	2,40855436775	5,91472690953	-29,7621732015
9,74	2,46091424531	5,42991322843	-26,1260705931
9,75	2,51327412287	5,2844691241	-13,8710580984
9,76	2,56563400043	5,23598775598	-9,42693268826
9,77	2,61799387799	5,18750638787	-13,8710580984
9,78	2,67035375555	5,04206228354	-26,1260705931
9,79	2,72271363311	4,55724860243	-29,8968436685
9,8	2,75762021815	4,36332312999	-26,5300819941
9,81	2,80998009571	4,16939765754	-34,4756395455
9,82	2,84488668075	3,63610260832	-38,9197649557
9,83	2,87979326579	3,34521439966	-38,9197649557
9,84	2,91469985083	2,81191935044	-34,4756395456
9,85	2,93215314335	2,61799387799	-26,5300819941
9,86	2,96705972839	2,42406840555	-30,0315141354
9,87	2,98451302091	1,93925472444	-26,9340933949
9,88	3,00196631343	1,79381062011	-17,6418311736
9,89	3,01941960595	1,69684788388	-17,6418311738
9,9	3,03687289847	1,55140377955	-27,068763862
9,91	3,05432619099	1,06659009844	-30,8395369373
9,92	3,05432619099	0,872664625996	-30,3008550693
9,93	3,07177948351	0,630257785441	-42,555867564
9,94	3,07177948351	0	-51,0401069834
9,95	3,07177948351	-0,630257785441	-38,1117421538
9,96	3,05432619099	-0,824183257885	-18,5845244425
9,97	3,05432619099	-0,872664625996	-11,3123192259
9,98	3,03687289847	-0,921145994107	-18,5845244426
9,99	3,03687289847	-1,11507146655	-38,111742154
10	3,01941960595	-1,745329252	-51,0401069835
10,01	3,00196631343	-2,37558703744	-42,555867564
10,02	2,96705972839	-2,61799387799	-30,3008550693
10,03	2,94960643587	-2,81191935044	-30,7048664703
10,04	2,91469985083	-3,29673303155	-26,2607410601
10,05	2,87979326579	-3,44217713588	-14,0057285654
10,06	2,84488668075	-3,49065850399	-10,3696259571
10,07	2,80998009571	-3,5391398721	-18,4498539755
10,08	2,77507351067	-3,73306534454	-37,9770716869
10,09	2,74016692563	-4,36332312999	-50,0974137146
10,1	2,68780704807	-4,99358091543	-37,9770716869
10,11	2,63544717051	-5,18750638787	-18,4498539756
10,12	2,58308729295	-5,23598775598	-10,3696259571
10,13	2,53072741539	-5,28446912409	-14,0057285654
10,14	2,47836753783	-5,42991322843	-26,1260705932
10,15	2,42600766027	-5,91472690954	-29,7621732015
10,16	2,35619449019	-6,10865238198	-25,5873887252
10,17	2,30383461263	-6,30257785443	-29,7621732014
10,18	2,23402144255	-6,78739153553	-25,991400126
10,19	2,16420827247	-6,93283563986	-12,9283648295
10,2	2,09439510239	-6,98131700797	-4,71346634419
10,21	2,02458193231	-6,98131700798	-1,07736373593
10,22	1,95476876223	-6,98131700798	-1,07736373587
10,23	1,88495559215	-6,98131700798	-4,57879587717
10,24	1,81514242207	-7,02979837609	-11,8510010938
10,25	1,74532925199	-7,17524248042	-20,3352405132
10,26	1,67551608191	-7,61157479342	-12,3896829617
10,27	1,58824961931	-7,61157479342	11,3123192259
10,28	1,51843644924	-7,17524248042	15,891115103
10,29	1,44862327916	-7,0782797442	0,942693268829
10,3	1,37881010908	-7,17524248042	-11,1776487589
10,31	1,308996939	-7,56309342531	0,538681867976
10,32	1,2217304764	-7,41764932098	32,859593942
10,33	1,15191730632	-6,54498469498	33,5329462768
10,34	1,09955742876	-6,39954059064	4,30945494311
10,35	1,02974425868	-6,73891016742	-2,82807980659
10,36	0,959931088597	-6,73891016742	15,0830923011
10,37	0,890117918517	-6,30257785443	25,3180477913
10,38	0,837758040957	-6,10865238198	24,6446954565
10,39	0,767944870877	-5,91472690953	29,7621732015
10,4	0,715584993318	-5,42991322843	26,9340933949
10,41	0,663225115758	-5,2844691241	17,6418311736
10,42	0,610865238198	-5,18750638787	17,6418311738
10,43	0,558505360638	-5,04206228354	26,9340933951
10,44	0,506145483078	-4,55724860243	29,8968436685
10,45	0,471238898038	-4,36332312999	25,7220591922
10,46	0,418879020479	-4,16939765754	30,8395369372
10,47	0,383972435439	-3,68458397643	31,5128892721
10,48	0,349065850399	-3,49065850399	29,4928322675
10,49	0,314159265359	-3,24825166343	37,9770716869
10,5	0,279252680319	-2,6664752461	39,3237763566
10,51	0,261799387799	-2,18166156499	18,5845244425
10,52	0,244346095279	-2,42406840555	9,96561455616
10,53	0,209439510239	-2,32710566932	30,8395369372
10,54	0,191986217719	-1,745329252	47,4040043751
10,55	0,174532925199	-1,11507146655	41,7478447623
10,56	0,174532925199	-0,872664625997	30,1661846025
10,57	0,157079632679	-0,678739153553	30,8395369373
10,58	0,157079632679	-0,193925472444	27,2034343289
10,59	0,157079632679	-0,0484813681109	18,5845244425
10,6	0,157079632679	0,0484813681109	22,2206270509
10,61	0,157079632679	0,242406840555	38,7850944888
10,62	0,157079632679	0,872664625997	50,2320841817
10,63	0,174532925199	1,50292241144	37,9770716869
10,64	0,191986217719	1,69684788388	18,5845244425
10,65	0,209439510239	1,74532925199	11,1776487588
10,66	0,226892802759	1,7938106201	17,7765016407
10,67	0,244346095279	1,98773609255	34,3409690786
10,68	0,261799387799	2,56951250988	42,8252084979
10,69	0,296705972839	3,1028075591	29,4928322675
10,7	0,331612557879	3,00584482288	26,6647524611
10,71	0,349065850399	3,49065850399	35,6876737483
10,72	0,401425727959	3,9754721851	25,7220591922
10,73	0,436332312999	3,87850944888	25,0487068573
10,74	0,471238898038	4,36332312999	31,9169006731
10,75	0,523598775598	4,79965544299	18,4498539756
10,76	0,575958653158	4,60572997054	16,4297969709
10,77	0,610865238198	4,79965544298	39,1891058897
10,78	0,663225115758	5,67232006898	39,1891058896
10,79	0,733038285838	5,86624554142	16,2951265039
10,8	0,785398163397	5,67232006898	17,5071607068
10,81	0,837758040957	6,10865238198	27,338104796
10,82	0,907571211037	6,54498469498	13,0630352966
10,83	0,977384381117	6,30257785443	4,30945494314
10,84	1,02974425868	6,35105922254	17,9111721075
10,85	1,09955742876	6,78739153553	22,3552975177
10,86	1,16937059884	6,93283563986	16,564467438
10,87	1,23918376892	7,02979837609	16,429796971
10,88	1,308996939	7,17524248042	21,2779337821
10,89	1,37881010908	7,61157479342	12,5243534287
10,9	1,46607657168	7,61157479342	-11,3123192259
10,91	1,53588974175	7,17524248042	-15,756444636
10,92	1,60570291183	7,0782797442	0
10,93	1,67551608191	7,17524248042	15,756444636
10,94	1,74532925199	7,61157479342	11,3123192259
10,95	1,83259571459	7,61157479342	-12,5243534286
10,96	1,90240888467	7,17524248042	-21,277933782
10,97	1,97222205475	7,02979837609	-16,4297969709
10,98	2,04203522483	6,93283563987	-16,564467438
10,99	2,11184839491	6,78739153553	-22,3552975179
11	2,18166156499	6,35105922253	-18,0458425747
11,01	2,23402144255	6,30257785442	-5,25214821194
11,02	2,30383461263	6,54498469498	-17,5071607066
11,03	2,37364778271	6,06017101387	-38,2464126208
11,04	2,42600766027	5,47839459654	-33,2636053429
11,05	2,47836753783	5,28446912409	-16,699137905
11,06	2,53072741539	5,23598775598	-6,59885288176
11,07	2,58308729295	5,23598775598	-6,73352334876
11,08	2,63544717051	5,18750638787	-17,6418311738
11,09	2,68780704807	4,99358091543	-37,8424012199
11,1	2,74016692563	4,36332312999	-50,2320841816
11,11	2,77507351067	3,73306534454	-38,7850944887
11,12	2,80998009571	3,5391398721	-22,2206270508
11,13	2,84488668075	3,44217713588	-18,5845244425
11,14	2,87979326579	3,29673303155	-27,0687638619
11,15	2,91469985083	2,81191935044	-29,8968436685
11,16	2,93215314335	2,61799387799	-25,7220591923
11,17	2,96705972839	2,42406840555	-30,7048664703
11,18	2,98451302091	1,93925472444	-30,7048664702
11,19	3,00196631343	1,745329252	-25,8567296591
11,2	3,01941960595	1,55140377955	-30,7048664703
11,21	3,03687289847	1,06659009844	-30,8395369373
11,22	3,03687289847	0,872664625996	-26,6647524611
11,23	3,05432619099	0,678739153552	-34,4756395455
11,24	3,05432619099	0,145444104333	-38,9197649557
11,25	3,05432619099	-0,145444104333	-38,9197649557
11,26	3,05432619099	-0,678739153552	-34,4756395455
11,27	3,03687289847	-0,872664625996	-26,5300819941
11,28	3,03687289847	-1,06659009844	-30,0315141355
11,29	3,01941960595	-1,55140377955	-27,068763862
11,3	3,00196631343	-1,69684788388	-18,5845244425
11,31	2,98451302091	-1,7938106201	-22,2206270508
11,32	2,96705972839	-1,98773609255	-38,7850944888
11,33	2,94960643587	-2,61799387799	-50,2320841817
11,34	2,91469985083	-3,24825166343	-37,9770716869
11,35	2,87979326579	-3,44217713588	-18,5845244425
11,36	2,84488668075	-3,49065850399	-11,1776487589
11,37	2,80998009571	-3,5391398721	-17,6418311737
11,38	2,77507351067	-3,73306534454	-33,5329462767
11,39	2,74016692563	-4,31484176187	-39,1891058897
11,4	2,68780704807	-4,79965544298	-22,0859565839
11,41	2,63544717051	-4,60572997054	-17,2378197728
11,42	2,60054058547	-4,79965544299	-39,1891058897
11,43	2,54818070791	-5,67232006898	-38,3810830878
11,44	2,47836753783	-5,86624554142	-12,6590238957
11,45	2,42600766027	-5,62383870087	-10,2349554901
11,46	2,37364778271	-5,96320827765	-18,8538653764
11,47	2,30383461263	-6,10865238198	-21,143263315
11,48	2,25147473507	-6,30257785442	-28,8194799327
11,49	2,18166156499	-6,78739153553	-25,8567296593
11,5	2,11184839491	-6,93283563987	-12,9283648296
11,51	2,04203522483	-6,98131700798	-4,71346634414
11,52	1,97222205475	-6,98131700798	-1,0773637358
11,53	1,90240888467	-6,98131700798	-1,0773637358
11,54	1,83259571459	-6,98131700798	-4,57879587714
11,55	1,76278254451	-7,02979837609	-11,8510010938
11,56	1,69296937443	-7,17524248042	-20,3352405132
11,57	1,62315620435	-7,61157479342	-12,2550124947
11,58	1,53588974175	-7,61157479342	12,2550124948
11,59	1,46607657168	-7,17524248042	20,3352405133
11,6	1,3962634016	-7,02979837609	11,8510010939
11,61	1,32645023152	-6,98131700797	4,71346634403
11,62	1,25663706144	-6,98131700798	1,88538653751
11,63	1,18682389136	-6,98131700798	4,84813681101
11,64	1,11701072128	-6,93283563987	12,7936943626
11,65	1,0471975512	-6,78739153553	25,0487068573
11,66	0,977384381117	-6,30257785443	25,1833773243
11,67	0,925024503557	-6,15713375009	13,7363876316
11,68	0,855211333477	-6,10865238198	9,56160315529
11,69	0,802851455917	-6,06017101387	14,6790809002
11,7	0,733038285838	-5,91472690954	29,8968436683
11,71	0,680678408278	-5,38143186032	37,84240122
11,72	0,628318530718	-5,09054365165	37,84240122
11,73	0,575958653158	-4,55724860243	29,8968436684
11,74	0,541052068118	-4,4118044981	14,8137513672
11,75	0,488692190558	-4,36332312999	10,504296424
11,76	0,453785605519	-4,31484176188	18,4498539755
11,77	0,401425727959	-4,12091628943	37,977071687
11,78	0,366519142919	-3,49065850399	50,0974137147
11,79	0,331612557879	-2,86040071855	38,111742154
11,8	0,314159265359	-2,6664752461	19,3925472444
11,81	0,279252680319	-2,61799387799	14,9484218341
11,82	0,261799387799	-2,52103114177	25,8567296591
11,83	0,226892802759	-2,2301429331	46,5959815733
11,84	0,209439510239	-1,308996939	42,959878965
11,85	0,209439510239	-1,11507146655	18,0458425746
11,86	0,191986217719	-1,308996939	22,2206270508
11,87	0,174532925199	-0,824183257889	39,3237763567
11,88	0,174532925199	-0,242406840556	34,3409690787
11,89	0,174532925199	-0,0484813681112	21,2779337821
11,9	0,174532925199	0,0484813681112	18,4498539756
11,91	0,174532925199	0,193925472445	27,203434329
11,92	0,174532925199	0,678739153556	30,8395369373
11,93	0,191986217719	0,872664626	30,1661846023
11,94	0,191986217719	1,11507146655	41,7478447621
11,95	0,209439510239	1,74532925199	47,4040043751
11,96	0,226892802759	2,32710566933	30,8395369373
11,97	0,261799387799	2,42406840555	9,96561455607
11,98	0,279252680319	2,18166156499	18,5845244425
11,99	0,296705972839	2,6664752461	39,3237763567
12	0,331612557879	3,24825166343	37,977071687
12,01	0,366519142919	3,49065850399	29,4928322676
12,02	0,401425727959	3,68458397643	31,5128892722
12,03	0,436332312999	4,16939765754	30,8395369372
12,04	0,488692190558	4,36332312999	25,7220591921
12,05	0,523598775598	4,55724860243	29,8968436684
12,06	0,575958653158	5,04206228354	26,934093395
12,07	0,628318530718	5,18750638787	17,6418311738
12,08	0,680678408278	5,2844691241	17,6418311737
12,09	0,733038285838	5,42991322843	26,799422928
12,1	0,785398163397	5,91472690953	28,9541503997
12,11	0,855211333477	6,10865238198	21,0085928482
12,12	0,907571211037	6,25409648631	17,9111721077
12,13	0,977384381117	6,59346606309	5,65615961289
12,14	1,0471975512	6,30257785442	0,673352334747
12,15	1,09955742876	6,35105922253	17,1031493057
12,16	1,16937059884	6,78739153553	22,2206270509
12,17	1,23918376892	6,93283563987	16,564467438
12,18	1,308996939	7,02979837609	16,429796971
12,19	1,37881010908	7,17524248042	21,277933782
12,2	1,44862327916	7,61157479342	12,3896829617
12,21	1,53588974175	7,61157479342	-12,2550124947
12,22	1,60570291183	7,17524248042	-20,3352405132
12,23	1,67551608191	7,02979837609	-11,8510010938
12,24	1,74532925199	6,98131700798	-4,57879587714
12,25	1,81514242207	6,98131700798	-0,942693268829
12,26	1,88495559215	6,98131700798	-0,269340933979
12,27	1,95476876223	6,98131700798	-0,9426932689
12,28	2,02458193231	6,98131700798	-4,71346634425
12,29	2,09439510239	6,93283563986	-12,7936943627
12,3	2,16420827247	6,78739153553	-25,0487068572
12,31	2,23402144255	6,30257785442	-25,1833773241
12,32	2,28638132011	6,15713375009	-13,7363876314
12,33	2,35619449019	6,10865238198	-9,56160315525
12,34	2,40855436775	6,06017101387	-14,6790809004
12,35	2,47836753783	5,91472690953	-29,8968436685
12,36	2,53072741539	5,38143186031	-37,9770716869
12,37	2,58308729295	5,09054365165	-38,7850944887
12,38	2,63544717051	4,55724860243	-34,4756395456
12,39	2,67035375555	4,36332312999	-26,5300819941
12,4	2,72271363311	4,16939765754	-29,8968436684
12,41	2,75762021815	3,68458397643	-26,1260705931
12,42	2,79252680319	3,5391398721	-14,0057285654
12,43	2,82743338823	3,49065850399	-10,3696259571
12,44	2,86233997327	3,44217713588	-18,4498539756
12,45	2,89724655831	3,24825166343	-37,9770716869
12,46	2,93215314335	2,61799387799	-50,2320841817
12,47	2,94960643587	1,98773609255	-38,7850944888
12,48	2,96705972839	1,7938106201	-22,2206270508
12,49	2,98451302091	1,69684788388	-18,5845244424
12,5	3,00196631343	1,55140377955	-27,0687638618
12,51	3,01941960595	1,06659009844	-30,0315141354
12,52	3,01941960595	0,872664625997	-26,5300819941
12,53	3,03687289847	0,678739153553	-34,4756395456
12,54	3,03687289847	0,145444104333	-38,9197649557
12,55	3,03687289847	-0,145444104333	-38,9197649557
12,56	3,03687289847	-0,678739153553	-34,4756395456
12,57	3,01941960595	-0,872664625997	-26,5300819941
12,58	3,01941960595	-1,06659009844	-30,0315141354
12,59	3,00196631343	-1,55140377955	-27,0687638618
12,6	2,98451302091	-1,69684788388	-18,5845244424
12,61	2,96705972839	-1,7938106201	-22,2206270508
12,62	2,94960643587	-1,98773609255	-38,7850944888
12,63	2,93215314335	-2,61799387799	-50,2320841817
12,64	2,89724655831	-3,24825166343	-37,9770716869
12,65	2,86233997327	-3,44217713588	-18,5845244425
12,66	2,82743338823	-3,49065850399	-11,1776487589
12,67	2,79252680319	-3,5391398721	-17,6418311737
12,68	2,75762021815	-3,73306534454	-33,5329462767
12,69	2,72271363311	-4,31484176188	-39,1891058897
12,7	2,67035375555	-4,79965544299	-22,0859565839
12,71	2,61799387799	-4,60572997054	-17,2378197727
12,72	2,58308729295	-4,79965544298	-39,1891058897
12,73	2,53072741539	-5,67232006898	-38,3810830878
12,74	2,46091424531	-5,86624554142	-12,6590238956
12,75	2,40855436775	-5,62383870087	-10,2349554902
12,76	2,35619449019	-5,96320827765	-18,8538653766
12,77	2,28638132011	-6,10865238198	-21,143263315
12,78	2,23402144255	-6,30257785442	-28,8194799325
12,79	2,16420827247	-6,78739153553	-25,8567296591
12,8	2,09439510239	-6,93283563986	-12,9283648296
12,81	2,02458193231	-6,98131700798	-4,71346634425
12,82	1,95476876223	-6,98131700798	-0,9426932689
12,83	1,88495559215	-6,98131700798	-0,134670467005
12,84	1,81514242207	-6,98131700798	-0,134670466981
12,85	1,74532925199	-6,98131700798	-0,942693268824
12,86	1,67551608191	-6,98131700798	-4,57879587714
12,87	1,60570291183	-7,02979837609	-11,8510010938
12,88	1,53588974175	-7,17524248042	-20,2005700462
12,89	1,46607657168	-7,61157479342	-11,3123192259
12,9	1,37881010908	-7,61157479342	16,8338083719
12,91	1,308996939	-7,12676111231	32,186241607
12,92	1,23918376892	-6,83587290364	32,3209120741
12,93	1,16937059884	-6,35105922253	17,9111721077
12,94	1,11701072128	-6,35105922253	-5,79083007998
12,95	1,0471975512	-6,73891016742	-3,63610260842
12,96	0,977384381117	-6,69042879931	21,412604249
12,97	0,907571211037	-6,15713375009	33,6676167438
12,98	0,855211333477	-5,67232006898	16,6991379049
12,99	0,802851455917	-5,91472690953	6,06017101381
13	0,733038285838	-5,86624554143	22,6246384517
13,01	0,680678408278	-5,38143186032	34,3409690786
13,02	0,628318530718	-5,09054365165	37,977071687
13,03	0,575958653158	-4,55724860243	34,3409690786
13,04	0,541052068118	-4,36332312999	26,530081994
13,05	0,488692190558	-4,16939765754	30,0315141354
13,06	0,453785605519	-3,68458397643	26,9340933949
13,07	0,418879020479	-3,5391398721	17,6418311737
13,08	0,383972435439	-3,44217713588	17,6418311737
13,09	0,349065850399	-3,29673303155	26,934093395
13,1	0,314159265359	-2,81191935044	30,0315141354
13,11	0,296705972839	-2,61799387799	26,530081994
13,12	0,261799387799	-2,42406840555	34,4756395455
13,13	0,244346095279	-1,89077335633	38,9197649558
13,14	0,226892802759	-1,59988514766	38,9197649558
13,15	0,209439510239	-1,06659009844	34,4756395456
13,16	0,209439510239	-0,872664625996	26,530081994
13,17	0,191986217719	-0,678739153552	30,0315141354
13,18	0,191986217719	-0,193925472444	27,0687638619
13,19	0,191986217719	-0,0484813681109	18,4498539755
13,2	0,191986217719	0,0484813681109	21,277933782
13,21	0,191986217719	0,242406840554	34,3409690785
13,22	0,191986217719	0,824183257885	39,3237763566
13,23	0,209439510239	1,30899693899	22,2206270509
13,24	0,226892802759	1,11507146655	18,1805130417
13,25	0,226892802759	1,308996939	43,7679017669
13,26	0,244346095279	2,2301429331	50,3667546486
13,27	0,279252680319	2,56951250988	33,9369576776
13,28	0,296705972839	2,76343798232	27,0687638619
13,29	0,331612557879	3,15128892721	18,5845244426
13,3	0,366519142919	3,00584482288	22,2206270509
13,31	0,383972435439	3,49065850399	34,7449804795
13,32	0,436332312999	3,9754721851	25,5873887252
13,33	0,471238898038	3,87850944888	25,0487068573
13,34	0,506145483078	4,36332312999	31,9169006731
13,35	0,558505360638	4,79965544298	18,4498539756
13,36	0,610865238198	4,60572997054	16,4297969709
13,37	0,645771823238	4,79965544298	39,0544354227
13,38	0,698131700798	5,67232006898	38,3810830879
13,39	0,767944870877	5,86624554143	12,6590238957
13,4	0,820304748437	5,62383870087	10,23495549
13,41	0,872664625997	5,96320827765	18,8538653764
13,42	0,942477796077	6,10865238198	21,1432633151
13,43	0,994837673637	6,30257785442	28,8194799327
13,44	1,06465084372	6,78739153553	25,8567296592
13,45	1,1344640138	6,93283563987	12,9283648296
13,46	1,20427718388	6,98131700798	4,71346634411
13,47	1,27409035396	6,98131700798	0,942693268794
13,48	1,34390352404	6,98131700798	0,269340933872
13,49	1,41371669412	6,98131700798	0,94269326869
13,5	1,4835298642	6,98131700797	4,57879587706
13,51	1,55334303427	7,02979837609	11,8510010939
13,52	1,62315620435	7,17524248042	20,3352405133
13,53	1,69296937443	7,61157479342	12,2550124948
13,54	1,78023583703	7,61157479342	-12,3896829616
13,55	1,85004900711	7,17524248042	-21,277933782
13,56	1,91986217719	7,02979837609	-16,5644674379
13,57	1,98967534727	6,93283563987	-17,3724902397
13,58	2,05948851735	6,78739153553	-25,9914001261
13,59	2,12930168743	6,30257785443	-25,3180477913
13,6	2,18166156499	6,15713375009	-13,7363876316
13,61	2,25147473507	6,10865238198	-9,42693268831
13,62	2,30383461263	6,06017101387	-13,7363876314
13,63	2,37364778271	5,91472690954	-25,1833773242
13,64	2,42600766027	5,42991322843	-25,1833773243
13,65	2,47836753783	5,28446912409	-13,8710580985
13,66	2,53072741539	5,23598775598	-10,2349554901
13,67	2,58308729295	5,18750638787	-17,6418311737
13,68	2,63544717051	4,99358091543	-34,3409690786
13,69	2,68780704807	4,4118044981	-42,825208498
13,7	2,72271363311	3,87850944888	-29,4928322675
13,71	2,75762021815	3,9754721851	-26,530081994
13,72	2,80998009571	3,49065850399	-34,8796509465
13,73	2,82743338823	3,00584482288	-22,0859565839
13,74	2,86233997327	3,15128892721	-17,6418311738
13,75	2,89724655831	2,76343798232	-22,6246384518
13,76	2,91469985083	2,61799387799	-22,8939793857
13,77	2,94960643587	2,42406840555	-33,6676167438
13,78	2,96705972839	1,89077335633	-38,7850944888
13,79	2,98451302091	1,59988514766	-38,9197649557
13,8	3,00196631343	1,06659009844	-34,4756395454
13,81	3,00196631343	0,872664626	-26,6647524609
13,82	3,01941960595	0,678739153556	-30,8395369373
13,83	3,01941960595	0,193925472445	-30,7048664704
13,84	3,01941960595	0	-25,8567296593
13,85	3,01941960595	-0,193925472445	-30,7048664704
13,86	3,01941960595	-0,678739153556	-30,8395369373
13,87	3,00196631343	-0,872664626	-26,6647524609
13,88	3,00196631343	-1,06659009844	-34,4756395454
13,89	2,98451302091	-1,59988514766	-38,7850944887
13,9	2,96705972839	-1,89077335633	-37,977071687
13,91	2,94960643587	-2,42406840555	-30,0315141355
13,92	2,91469985083	-2,56951250988	-15,6217741691
13,93	2,89724655831	-2,61799387799	-14,1403990324
13,94	2,86233997327	-2,71495661421	-25,7220591922
13,95	2,84488668075	-3,00584482288	-46,5959815733
13,96	2,80998009571	-3,92699081699	-42,9598789649
13,97	2,75762021815	-4,12091628943	-18,0458425746
13,98	2,72271363311	-3,92699081699	-22,2206270508
13,99	2,68780704807	-4,4118044981	-39,1891058897
14	2,63544717051	-4,99358091543	-33,5329462768
14,01	2,58308729295	-5,18750638787	-17,5071607067
14,02	2,53072741539	-5,23598775598	-10,2349554901
14,03	2,47836753783	-5,28446912409	-13,8710580985
14,04	2,42600766027	-5,42991322843	-25,1833773243
14,05	2,37364778271	-5,91472690954	-25,1833773242
14,06	2,30383461263	-6,06017101387	-13,7363876314
14,07	2,25147473507	-6,10865238198	-9,42693268831
14,08	2,18166156499	-6,15713375009	-13,7363876316
14,09	2,12930168743	-6,30257785443	-25,1833773243
14,1	2,05948851735	-6,78739153553	-25,0487068573
14,11	1,98967534727	-6,93283563987	-12,7936943626
14,12	1,91986217719	-6,98131700798	-4,84813681101
14,13	1,85004900711	-6,98131700798	-1,88538653751
14,14	1,78023583703	-6,98131700797	-4,71346634403
14,15	1,71042266695	-7,02979837609	-11,8510010939
14,16	1,64060949687	-7,17524248042	-20,3352405133
14,17	1,57079632679	-7,61157479342	-12,2550124948
14,18	1,4835298642	-7,61157479342	12,3896829616
14,19	1,41371669412	-7,17524248042	21,277933782
14,2	1,34390352404	-7,02979837609	16,4297969709
14,21	1,27409035396	-6,93283563987	16,5644674379
14,22	1,20427718388	-6,78739153553	22,2206270508
14,23	1,1344640138	-6,35105922254	17,1031493058
14,24	1,08210413624	-6,30257785443	0,673352334951
14,25	1,01229096616	-6,59346606309	5,65615961308
14,26	0,942477796077	-6,25409648631	17,9111721077
14,27	0,890117918517	-6,10865238198	21,008592848
14,28	0,820304748437	-5,91472690954	28,9541503996
14,29	0,767944870877	-5,42991322843	26,799422928
14,3	0,715584993318	-5,28446912409	17,6418311736
14,31	0,663225115758	-5,18750638787	17,6418311736
14,32	0,610865238198	-5,04206228354	26,934093395
14,33	0,558505360638	-4,55724860243	29,8968436685
14,34	0,523598775598	-4,36332312999	25,7220591922
14,35	0,471238898038	-4,16939765754	30,8395369372
14,36	0,436332312999	-3,68458397643	31,5128892721
14,37	0,401425727959	-3,49065850399	29,4928322675
14,38	0,366519142919	-3,24825166343	37,9770716869
14,39	0,331612557879	-2,6664752461	39,3237763567
14,4	0,314159265359	-2,18166156499	18,5845244426
14,41	0,296705972839	-2,42406840555	9,96561455608
14,42	0,261799387799	-2,32710566933	30,8395369372
14,43	0,244346095279	-1,745329252	47,2693339082
14,44	0,226892802759	-1,11507146655	40,9398219604
14,45	0,226892802759	-0,872664625996	26,5300819941
14,46	0,209439510239	-0,727220521663	23,4326612536
14,47	0,209439510239	-0,339369576776	17,7765016407
14,48	0,209439510239	-0,484813681109	22,0859565838
14,49	0,191986217719	0	34,8796509464
14,5	0,209439510239	0,484813681109	26,530081994
14,51	0,209439510239	0,387850944887	29,6275027345
14,52	0,209439510239	0,921145994107	43,7679017668
14,53	0,226892802759	1,50292241144	38,9197649558
14,54	0,244346095279	1,745329252	29,6275027345
14,55	0,261799387799	1,93925472444	31,512889272
14,56	0,279252680319	2,42406840555	30,8395369372
14,57	0,314159265359	2,61799387799	25,7220591922
14,58	0,331612557879	2,81191935044	29,8968436685
14,59	0,366519142919	3,29673303155	26,934093395
14,6	0,401425727959	3,44217713588	17,6418311737
14,61	0,436332312999	3,5391398721	17,6418311737
14,62	0,471238898038	3,68458397643	26,934093395
14,63	0,506145483078	4,16939765754	29,8968436684
14,64	0,558505360638	4,36332312999	25,7220591922
14,65	0,593411945678	4,55724860243	30,7048664703
14,66	0,645771823238	5,04206228354	30,7048664702
14,67	0,698131700798	5,23598775598	25,8567296592
14,68	0,750491578358	5,42991322843	30,5701960033
14,69	0,802851455917	5,91472690954	29,7621732013
14,7	0,872664625997	6,10865238198	21,143263315
14,71	0,925024503557	6,25409648631	17,9111721077
14,72	0,994837673637	6,59346606309	5,65615961307
14,73	1,06465084372	6,30257785443	0,673352334944
14,74	1,11701072128	6,35105922254	16,9684788388
14,75	1,18682389136	6,78739153553	21,2779337819
14,76	1,25663706144	6,93283563987	11,9856715606
14,77	1,32645023152	6,98131700797	4,71346634403
14,78	1,3962634016	6,98131700797	1,88538653773
14,79	1,46607657168	6,98131700798	4,71346634425
14,8	1,53588974175	7,02979837609	11,8510010938
14,81	1,60570291183	7,17524248042	20,3352405132
14,82	1,67551608191	7,61157479342	12,1203420277
14,83	1,76278254451	7,61157479342	-13,1977057635
14,84	1,83259571459	7,17524248042	-24,9140363903
14,85	1,90240888467	6,98131700798	-23,8366726545
14,86	1,97222205475	6,78739153553	-25,8567296592
14,87	2,04203522483	6,35105922254	-17,9111721078
14,88	2,09439510239	6,30257785442	-0,808022801929
14,89	2,16420827247	6,59346606309	-5,65615961286
14,9	2,23402144255	6,25409648631	-17,9111721075
14,91	2,28638132011	6,10865238198	-21,0085928481
14,92	2,35619449019	5,91472690954	-28,8194799327
14,93	2,40855436775	5,42991322843	-25,9914001262
14,94	2,46091424531	5,28446912409	-14,0057285654
14,95	2,51327412287	5,23598775598	-10,3696259571
14,96	2,56563400043	5,18750638787	-18,4498539756
14,97	2,61799387799	4,99358091543	-37,9770716869
14,98	2,67035375555	4,36332312999	-50,0974137147
14,99	2,70526034059	3,73306534454	-37,977071687
15	2,74016692563	3,5391398721	-18,4498539756
15,01	2,77507351067	3,49065850399	-10,369625957
15,02	2,80998009571	3,44217713588	-14,0057285653
15,03	2,84488668075	3,29673303155	-26,1260705931
15,04	2,87979326579	2,81191935044	-29,8968436684
15,05	2,89724655831	2,61799387799	-26,5300819941
15,06	2,93215314335	2,42406840555	-34,4756395457
15,07	2,94960643587	1,89077335633	-38,9197649558
15,08	2,96705972839	1,59988514766	-38,9197649558
15,09	2,98451302091	1,06659009844	-34,4756395455
15,1	2,98451302091	0,872664625996	-26,664752461
15,11	3,00196631343	0,678739153552	-30,8395369372
15,12	3,00196631343	0,193925472444	-30,7048664702
15,13	3,00196631343	0	-25,8567296591
15,14	3,00196631343	-0,193925472444	-30,7048664702
15,15	3,00196631343	-0,678739153552	-30,7048664702
15,16	2,98451302091	-0,872664625996	-25,8567296591
15,17	2,98451302091	-1,06659009844	-30,7048664703
15,18	2,96705972839	-1,55140377955	-30,7048664703
15,19	2,94960643587	-1,74532925199	-25,8567296593
15,2	2,93215314335	-1,93925472444	-30,7048664703
15,21	2,91469985083	-2,42406840555	-30,7048664702
15,22	2,87979326579	-2,61799387799	-25,8567296592
15,23	2,86233997327	-2,81191935044	-30,7048664703
15,24	2,82743338823	-3,29673303155	-30,7048664703
15,25	2,79252680319	-3,49065850399	-25,8567296592
15,26	2,75762021815	-3,68458397643	-30,7048664702
15,27	2,72271363311	-4,16939765754	-30,7048664703
15,28	2,67035375555	-4,36332312999	-25,7220591922
15,29	2,63544717051	-4,55724860243	-29,8968436685
15,3	2,58308729295	-5,04206228354	-26,934093395
15,31	2,53072741539	-5,18750638787	-17,6418311737
15,32	2,47836753783	-5,28446912409	-17,6418311738
15,33	2,42600766027	-5,42991322843	-26,799422928
15,34	2,37364778271	-5,91472690954	-28,9541503995
15,35	2,30383461263	-6,10865238198	-21,008592848
15,36	2,25147473507	-6,25409648631	-17,9111721077
15,37	2,18166156499	-6,59346606309	-5,65615961307
15,38	2,11184839491	-6,30257785443	-0,67335233495
15,39	2,05948851735	-6,35105922254	-16,9684788388
15,4	1,98967534727	-6,78739153553	-21,277933782
15,41	1,91986217719	-6,93283563987	-11,9856715607
15,42	1,85004900711	-6,98131700798	-4,57879587701
15,43	1,78023583703	-6,98131700797	-0,942693268743
15,44	1,71042266695	-6,98131700797	-0,134670467055
15,45	1,64060949687	-6,98131700798	-1,32474278461E-010
15,46	1,57079632679	-6,98131700798	-7,72197121061E-011
15,47	1,50098315672	-6,98131700798	-2,98427949019E-011
15,48	1,43116998664	-6,98131700798	-6,14570123187E-012
15,49	1,36135681656	-6,98131700798	0,134670466975
15,5	1,29154364648	-6,98131700798	0,942693268829
15,51	1,2217304764	-6,98131700798	4,71346634414
15,52	1,15191730632	-6,93283563987	12,9283648296
15,53	1,08210413624	-6,78739153553	25,9914001262
15,54	1,01229096616	-6,30257785442	29,7621732015
15,55	0,959931088597	-6,10865238198	25,5873887251
15,56	0,890117918517	-5,91472690954	29,7621732013
15,57	0,837758040957	-5,42991322843	26,1260705931
15,58	0,785398163397	-5,28446912409	13,8710580985
15,59	0,733038285838	-5,23598775598	9,42693268822
15,6	0,680678408278	-5,18750638787	13,8710580984
15,61	0,628318530718	-5,04206228354	26,1260705932
15,62	0,575958653158	-4,55724860243	29,7621732015
15,63	0,541052068118	-4,36332312999	25,7220591922
15,64	0,488692190558	-4,16939765754	30,7048664702
15,65	0,453785605519	-3,68458397643	30,7048664702
15,66	0,418879020479	-3,49065850399	25,8567296591
15,67	0,383972435439	-3,29673303155	30,7048664703
15,68	0,349065850399	-2,81191935044	30,7048664703
15,69	0,331612557879	-2,61799387799	25,8567296593
15,7	0,296705972839	-2,42406840555	30,8395369373
15,71	0,279252680319	-1,93925472444	31,512889272
15,72	0,261799387799	-1,745329252	29,4928322674
15,73	0,244346095279	-1,50292241144	37,9770716869
15,74	0,226892802759	-0,921145994108	39,3237763567
15,75	0,226892802759	-0,436332312998	18,5845244426
15,76	0,226892802759	-0,678739153552	9,96561455616
15,77	0,209439510239	-0,581776417331	30,8395369372
15,78	0,209439510239	0	47,4040043751
15,79	0,209439510239	0,630257785441	41,7478447622
15,8	0,226892802759	0,872664625996	30,1661846024
15,81	0,226892802759	1,06659009844	30,8395369373
15,82	0,244346095279	1,55140377955	27,203434329
15,83	0,261799387799	1,69684788388	18,5845244425
15,84	0,279252680319	1,7938106201	22,2206270508
15,85	0,296705972839	1,98773609255	38,7850944888
15,86	0,314159265359	2,61799387799	50,2320841817
15,87	0,349065850399	3,24825166343	37,9770716869
15,88	0,383972435439	3,44217713588	18,4498539756
15,89	0,418879020479	3,49065850399	10,3696259571
15,9	0,453785605519	3,5391398721	14,0057285654
15,91	0,488692190558	3,68458397643	26,1260705931
15,92	0,523598775598	4,16939765754	29,7621732014
15,93	0,575958653158	4,36332312999	25,7220591922
15,94	0,610865238198	4,55724860243	30,7048664703
15,95	0,663225115758	5,04206228354	30,7048664703
15,96	0,715584993318	5,23598775598	25,7220591921
15,97	0,767944870877	5,42991322843	29,7621732014
15,98	0,820304748437	5,91472690954	26,1260705931
15,99	0,890117918517	6,06017101387	13,8710580984
16	0,942477796077	6,10865238198	9,42693268831
16,01	1,01229096616	6,15713375009	13,7363876315
16,02	1,06465084372	6,30257785442	25,1833773243
16,03	1,1344640138	6,78739153553	25,0487068573
16,04	1,20427718388	6,93283563987	12,7936943626
16,05	1,27409035396	6,98131700798	4,71346634408
16,06	1,34390352404	6,98131700798	0,942693268745
16,07	1,41371669412	6,98131700798	0,134670466842
16,08	1,4835298642	6,98131700797	-7,98275026328E-011
16,09	1,55334303427	6,98131700797	7,98275026328E-011
16,1	1,62315620435	6,98131700798	1,32464409811E-010
16,11	1,69296937443	6,98131700798	7,71876389965E-011
16,12	1,76278254451	6,98131700798	-0,134670466946
16,13	1,83259571459	6,98131700798	-0,942693268822
16,14	1,90240888467	6,98131700798	-4,71346634414
16,15	1,97222205475	6,93283563987	-12,7936943627
16,16	2,04203522483	6,78739153553	-25,0487068574
16,17	2,11184839491	6,30257785442	-25,1833773243
16,18	2,16420827247	6,15713375009	-13,7363876313
16,19	2,23402144255	6,10865238198	-9,42693268812
16,2	2,28638132011	6,06017101387	-13,7363876314
16,21	2,35619449019	5,91472690954	-25,3180477913
16,22	2,40855436775	5,42991322843	-25,9914001262
16,23	2,46091424531	5,28446912409	-17,5071607067
16,24	2,51327412287	5,18750638787	-17,6418311737
16,25	2,56563400043	5,04206228354	-26,934093395
16,26	2,61799387799	4,55724860243	-29,8968436684
16,27	2,65290046303	4,36332312999	-25,7220591922
16,28	2,70526034059	4,16939765754	-30,7048664704
16,29	2,74016692563	3,68458397643	-30,7048664703
16,3	2,77507351067	3,49065850399	-25,8567296591
16,31	2,80998009571	3,29673303154	-30,7048664702
16,32	2,84488668075	2,81191935044	-30,7048664702
16,33	2,86233997327	2,61799387799	-25,7220591922
16,34	2,89724655831	2,42406840555	-29,8968436684
16,35	2,91469985083	1,93925472444	-27,0687638619
16,36	2,93215314335	1,79381062011	-18,5845244426
16,37	2,94960643587	1,69684788388	-22,220627051
16,38	2,96705972839	1,50292241144	-38,7850944888
16,39	2,98451302091	0,872664625996	-50,3667546485
16,4	2,98451302091	0,242406840554	-38,7850944887
16,41	2,98451302091	0,0484813681109	-22,2206270508
16,42	2,98451302091	-0,0484813681109	-18,5845244425
16,43	2,98451302091	-0,193925472443	-27,0687638619
16,44	2,98451302091	-0,678739153552	-29,8968436684
16,45	2,96705972839	-0,872664625996	-25,7220591922
16,46	2,96705972839	-1,06659009844	-30,8395369373
16,47	2,94960643587	-1,55140377955	-31,5128892722
16,48	2,93215314335	-1,745329252	-29,4928322676
16,49	2,91469985083	-1,98773609255	-37,9770716868
16,5	2,89724655831	-2,56951250988	-39,3237763566
16,51	2,86233997327	-3,05432619099	-18,5845244426
16,52	2,82743338823	-2,81191935044	-9,96561455618
16,53	2,80998009571	-2,90888208666	-30,7048664702
16,54	2,77507351067	-3,49065850399	-46,4613111063
16,55	2,74016692563	-4,12091628943	-37,169048885
16,56	2,68780704807	-4,31484176187	-18,4498539755
16,57	2,65290046303	-4,36332312998	-11,3123192259
16,58	2,60054058547	-4,4118044981	-18,4498539756
16,59	2,56563400043	-4,60572997054	-37,1690488851
16,6	2,51327412287	-5,23598775598	-46,3266406394
16,61	2,46091424531	-5,81776417331	-29,7621732013
16,62	2,39110107523	-5,91472690953	-5,38681867893
16,63	2,33874119767	-5,62383870087	-6,59885288181
16,64	2,28638132011	-5,96320827765	-18,0458425747
16,65	2,21656815003	-6,10865238198	-20,873922381
16,66	2,16420827247	-6,30257785442	-27,8767866637
16,67	2,09439510239	-6,78739153553	-21,4126042491
16,68	2,02458193231	-6,88435427175	-2,02005700475
16,69	1,95476876223	-6,78739153553	11,0429782918
16,7	1,88495559215	-6,39954059065	-0,538681867928
16,71	1,83259571459	-6,54498469498	-32,7249234748
16,72	1,76278254451	-7,41764932098	-32,5902530079
16,73	1,67551608191	-7,56309342531	0,40401140093
16,74	1,60570291183	-7,17524248042	15,891115103
16,75	1,53588974175	-7,02979837609	11,8510010938
16,76	1,46607657168	-6,98131700798	9,02292128743
16,77	1,3962634016	-6,93283563986	12,9283648296
16,78	1,32645023152	-6,78739153553	21,4126042489
16,79	1,25663706144	-6,35105922253	16,9684788387
16,8	1,20427718388	-6,30257785442	0,538681867827
16,81	1,1344640138	-6,59346606309	4,71346634411
16,82	1,06465084372	-6,25409648631	13,3323762306
16,83	1,01229096616	-6,15713375009	9,15759175441
16,84	0,942477796077	-6,10865238198	8,48423941951
16,85	0,890117918517	-6,06017101387	13,7363876314
16,86	0,820304748437	-5,91472690954	26,1260705931
16,87	0,767944870877	-5,42991322842	29,7621732014
16,88	0,715584993318	-5,23598775598	25,7220591921
16,89	0,663225115758	-5,04206228354	30,7048664702
16,9	0,610865238198	-4,55724860243	30,7048664703
16,91	0,575958653158	-4,36332312998	25,7220591922
16,92	0,523598775598	-4,16939765754	29,8968436684
16,93	0,488692190558	-3,68458397643	27,0687638619
16,94	0,453785605519	-3,5391398721	18,4498539755
16,95	0,418879020479	-3,44217713588	21,277933782
16,96	0,383972435439	-3,24825166343	34,3409690786
16,97	0,349065850399	-2,6664752461	39,3237763567
16,98	0,331612557879	-2,18166156499	22,220627051
16,99	0,314159265359	-2,37558703743	18,0458425747
17	0,279252680319	-2,18166156499	42,9598789649
17,01	0,261799387799	-1,26051557088	46,5959815731
17,02	0,261799387799	-0,969627362222	25,7220591921
17,03	0,244346095279	-0,872664626	14,1403990324
17,04	0,244346095279	-0,824183257886	15,6217741692
17,05	0,226892802759	-0,678739153553	30,0315141354
17,06	0,226892802759	-0,145444104333	37,9770716869
17,07	0,226892802759	0,145444104333	38,7850944887
17,08	0,226892802759	0,678739153553	34,4756395456
17,09	0,244346095279	0,872664625997	26,6647524611
17,1	0,244346095279	1,06659009844	30,8395369373
17,11	0,261799387799	1,55140377955	30,7048664702
17,12	0,279252680319	1,74532925199	25,8567296591
17,13	0,296705972839	1,93925472444	30,7048664703
17,14	0,314159265359	2,42406840555	30,8395369373
17,15	0,349065850399	2,61799387799	26,664752461
17,16	0,366519142919	2,81191935043	34,4756395455
17,17	0,401425727959	3,34521439966	38,7850944888
17,18	0,436332312999	3,63610260832	37,9770716869
17,19	0,471238898038	4,16939765754	29,8968436684
17,2	0,523598775598	4,31484176187	14,6790809003
17,21	0,558505360638	4,36332312999	9,56160315528
17,22	0,610865238198	4,4118044981	13,8710580984
17,23	0,645771823238	4,55724860243	26,1260705931
17,24	0,698131700798	5,04206228354	29,7621732014
17,25	0,750491578358	5,23598775598	25,7220591922
17,26	0,802851455917	5,42991322842	30,5701960032
17,27	0,855211333477	5,91472690953	29,7621732015
17,28	0,925024503557	6,10865238198	21,1432633151
17,29	0,977384381117	6,25409648631	17,9111721076
17,3	1,0471975512	6,59346606309	5,65615961283
17,31	1,11701072128	6,30257785442	0,673352334799
17,32	1,16937059884	6,35105922253	16,9684788389
17,33	1,23918376892	6,78739153553	21,2779337821
17,34	1,308996939	6,93283563987	11,9856715608
17,35	1,37881010908	6,98131700798	4,57879587717
17,36	1,44862327916	6,98131700798	0,942693268829
17,37	1,51843644924	6,98131700798	0,134670466975
17,38	1,58824961931	6,98131700798	-6,13583258276E-012
17,39	1,65806278939	6,98131700798	-2,98107217923E-011
17,4	1,72787595947	6,98131700798	-0,134670467052
17,41	1,79768912955	6,98131700798	-0,942693268955
17,42	1,86750229963	6,98131700797	-4,71346634419
17,43	1,93731546971	6,93283563986	-12,7936943625
17,44	2,00712863979	6,78739153553	-25,0487068571
17,45	2,07694180987	6,30257785442	-25,1833773242
17,46	2,12930168743	6,15713375009	-13,7363876314
17,47	2,19911485751	6,10865238198	-9,4269326883
17,48	2,25147473507	6,06017101387	-13,7363876315
17,49	2,32128790515	5,91472690953	-25,1833773244
17,5	2,37364778271	5,42991322842	-25,1833773243
17,51	2,42600766027	5,28446912409	-13,8710580984
17,52	2,47836753783	5,23598775598	-10,2349554901
17,53	2,53072741539	5,18750638787	-17,5071607067
17,54	2,58308729295	4,99358091543	-33,5329462767
17,55	2,63544717051	4,4118044981	-39,1891058897
17,56	2,67035375555	3,92699081699	-22,0859565839
17,57	2,70526034059	4,12091628943	-17,2378197728
17,58	2,75762021815	3,92699081699	-39,3237763567
17,59	2,79252680319	3,05432619099	-39,3237763567
17,6	2,80998009571	2,86040071854	-17,2378197728
17,61	2,84488668075	3,05432619099	-22,0859565838
17,62	2,87979326579	2,56951250988	-39,3237763566
17,63	2,89724655831	1,98773609255	-34,4756395455
17,64	2,91469985083	1,79381062011	-22,2206270508
17,65	2,93215314335	1,69684788388	-23,0286498528
17,66	2,94960643587	1,50292241144	-38,9197649558
17,67	2,96705972839	0,872664625996	-50,2320841816
17,68	2,96705972839	0,242406840554	-37,9770716869
17,69	2,96705972839	0,0484813681109	-18,4498539755
17,7	2,96705972839	0	-10,369625957
17,71	2,96705972839	-0,0484813681109	-14,0057285654
17,72	2,96705972839	-0,193925472443	-26,2607410601
17,73	2,96705972839	-0,678739153552	-30,7048664702
17,74	2,94960643587	-0,872664625996	-30,3008550694
17,75	2,94960643587	-1,11507146655	-42,5558675641
17,76	2,93215314335	-1,745329252	-51,0401069835
17,77	2,91469985083	-2,37558703744	-38,1117421538
17,78	2,87979326579	-2,56951250988	-18,5845244425
17,79	2,86233997327	-2,61799387799	-11,312319226
17,8	2,82743338823	-2,6664752461	-18,4498539756
17,81	2,80998009571	-2,86040071855	-37,169048885
17,82	2,77507351067	-3,49065850399	-46,4613111063
17,83	2,74016692563	-4,07243492132	-30,7048664702
17,84	2,68780704807	-4,16939765754	-9,96561455613
17,85	2,65290046303	-3,92699081699	-18,4498539755
17,86	2,61799387799	-4,4118044981	-38,5157535548
17,87	2,56563400043	-4,99358091543	-34,2062986116
17,88	2,51327412287	-5,18750638787	-21,143263315
17,89	2,46091424531	-5,28446912409	-17,5071607067
17,9	2,40855436775	-5,42991322843	-22,4899679848
17,91	2,35619449019	-5,86624554143	-18,0458425747
17,92	2,28638132011	-5,91472690954	-5,25214821196
17,93	2,23402144255	-5,67232006898	-17,3724902397
17,94	2,18166156499	-6,15713375009	-37,3037193521
17,95	2,11184839491	-6,73891016742	-28,6848094657
17,96	2,04203522483	-6,88435427176	-4,71346634418
17,97	1,97222205475	-6,78739153553	14,8137513672
17,98	1,90240888467	-6,35105922254	11,177648759
17,99	1,85004900711	-6,35105922253	-12,3896829615
18	1,78023583703	-6,78739153553	-20,3352405131
18,01	1,71042266695	-6,93283563986	-11,8510010938
18,02	1,64060949687	-6,98131700798	-4,57879587727
18,03	1,57079632679	-6,98131700798	-0,9426932689
18,04	1,50098315672	-6,98131700798	-0,134670467004
18,05	1,43116998664	-6,98131700798	0,134670466969
18,06	1,36135681656	-6,98131700798	0,942693268828
18,07	1,29154364648	-6,98131700798	4,71346634414
18,08	1,2217304764	-6,93283563987	12,9283648296
18,09	1,15191730632	-6,78739153553	25,8567296593
18,1	1,08210413624	-6,30257785442	28,8194799327
18,11	1,02974425868	-6,10865238198	21,008592848
18,12	0,959931088597	-5,96320827765	18,0458425745
18,13	0,907571211037	-5,62383870087	6,59885288176
18,14	0,855211333477	-5,91472690954	5,38681867912
18,15	0,785398163397	-5,81776417331	29,7621732015
18,16	0,733038285838	-5,23598775598	46,3266406393
18,17	0,680678408278	-4,60572997054	37,169048885
18,18	0,645771823238	-4,4118044981	18,3151835085
18,19	0,593411945678	-4,36332312999	10,369625957
18,2	0,558505360638	-4,31484176187	14,0057285654
18,21	0,506145483078	-4,16939765754	26,2607410601
18,22	0,471238898038	-3,68458397643	30,5701960033
18,23	0,436332312999	-3,49065850399	29,3581618005
18,24	0,401425727959	-3,24825166343	38,1117421539
18,25	0,366519142919	-2,6664752461	40,1317991585
18,26	0,349065850399	-2,18166156499	22,2206270508
18,27	0,331612557879	-2,37558703744	17,2378197729
18,28	0,296705972839	-2,18166156499	39,3237763567
18,29	0,279252680319	-1,30899693899	39,3237763566
18,3	0,279252680319	-1,11507146655	17,2378197726
18,31	0,261799387799	-1,308996939	22,2206270507
18,32	0,244346095279	-0,824183257889	40,1317991585
18,33	0,244346095279	-0,242406840556	38,111742154
18,34	0,244346095279	0	29,4928322676
18,35	0,244346095279	0,193925472445	31,5128892722
18,36	0,244346095279	0,678739153556	30,8395369373
18,37	0,261799387799	0,872664626	25,7220591921
18,38	0,261799387799	1,06659009844	29,8968436682
18,39	0,279252680319	1,55140377955	27,0687638619
18,4	0,296705972839	1,69684788388	18,5845244426
18,41	0,314159265359	1,7938106201	22,220627051
18,42	0,331612557879	1,98773609255	38,7850944889
18,43	0,349065850399	2,61799387799	50,2320841816
18,44	0,383972435439	3,24825166343	37,9770716869
18,45	0,418879020479	3,44217713588	18,4498539755
18,46	0,453785605519	3,49065850399	10,369625957
18,47	0,488692190558	3,5391398721	14,0057285653
18,48	0,523598775598	3,68458397643	26,1260705931
18,49	0,558505360638	4,16939765754	29,7621732016
18,5	0,610865238198	4,36332312999	25,7220591922
18,51	0,645771823238	4,55724860243	30,7048664702
18,52	0,698131700798	5,04206228354	30,7048664703
18,53	0,750491578358	5,23598775598	25,7220591922
18,54	0,802851455917	5,42991322842	29,7621732014
18,55	0,855211333477	5,91472690953	26,1260705932
18,56	0,925024503557	6,06017101387	13,8710580985
18,57	0,977384381117	6,10865238198	9,42693268822
18,58	1,0471975512	6,15713375009	13,6017171643
18,59	1,09955742876	6,30257785442	24,2406840554
18,6	1,16937059884	6,78739153553	20,6045814472
18,61	1,23918376892	6,88435427175	1,7507160708
18,62	1,308996939	6,78739153553	-11,9856715607
18,63	1,37881010908	6,39954059065	-4,04011400921
18,64	1,43116998664	6,49650332687	20,8739223811
18,65	1,50098315672	7,22372384853	12,2550124947
18,66	1,58824961931	6,93283563987	-12,6590238957
18,67	1,64060949687	6,54498469498	-3,50143214147
18,68	1,71042266695	6,83587290364	9,42693268814
18,69	1,78023583703	6,93283563986	7,27220521671
18,7	1,85004900711	6,98131700798	2,69340933963
18,71	1,91986217719	6,98131700798	-3,90544354219
18,72	1,98967534727	6,93283563987	-12,7936943626
18,73	2,05948851735	6,78739153553	-25,8567296592
18,74	2,12930168743	6,30257785442	-28,8194799326
18,75	2,18166156499	6,10865238198	-21,1432633152
18,76	2,25147473507	5,96320827764	-18,8538653765
18,77	2,30383461263	5,62383870087	-10,23495549
18,78	2,35619449019	5,86624554143	-12,6590238956
18,79	2,42600766027	5,67232006898	-38,2464126209
18,8	2,47836753783	4,79965544298	-38,2464126209
18,81	2,51327412287	4,60572997054	-12,6590238957
18,82	2,56563400043	4,84813681109	-10,2349554901
18,83	2,61799387799	4,50876723432	-18,9885358434
18,84	2,65290046303	4,36332312999	-22,0859565839
18,85	2,70526034059	4,16939765754	-33,5329462768
18,86	2,74016692563	3,63610260832	-38,7850944887
18,87	2,77507351067	3,34521439966	-38,9197649556
18,88	2,80998009571	2,81191935044	-34,4756395455
18,89	2,82743338823	2,61799387799	-26,5300819941
18,9	2,86233997327	2,42406840555	-30,0315141355
18,91	2,87979326579	1,93925472444	-26,934093395
18,92	2,89724655831	1,7938106201	-17,6418311736
18,93	2,91469985083	1,69684788388	-17,6418311736
18,94	2,93215314335	1,55140377955	-27,068763862
18,95	2,94960643587	1,06659009844	-30,8395369373
18,96	2,94960643587	0,872664625996	-30,1661846024
18,97	2,96705972839	0,630257785441	-41,7478447622
18,98	2,96705972839	0	-47,4040043751
18,99	2,96705972839	-0,58177641733	-30,8395369372
19	2,94960643587	-0,678739153552	-9,96561455615
19,01	2,94960643587	-0,436332312998	-18,5845244426
19,02	2,94960643587	-0,921145994108	-39,3237763567
19,03	2,93215314335	-1,50292241144	-37,977071687
19,04	2,91469985083	-1,745329252	-29,4928322674
19,05	2,89724655831	-1,93925472444	-31,5128892721
19,06	2,87979326579	-2,42406840555	-30,8395369372
19,07	2,84488668075	-2,61799387799	-25,7220591921
19,08	2,82743338823	-2,81191935043	-29,8968436684
19,09	2,79252680319	-3,29673303154	-27,068763862
19,1	2,75762021815	-3,44217713588	-18,4498539756
19,11	2,72271363311	-3,5391398721	-21,277933782
19,12	2,68780704807	-3,73306534454	-34,3409690786
19,13	2,65290046303	-4,31484176187	-39,3237763567
19,14	2,60054058547	-4,79965544299	-22,0859565839
19,15	2,54818070791	-4,60572997054	-17,1031493058
19,16	2,51327412287	-4,79965544298	-38,3810830878
19,17	2,46091424531	-5,67232006898	-34,7449804795
19,18	2,39110107523	-5,81776417331	-5,252148212
19,19	2,33874119767	-5,47839459654	-0,808022801928
19,2	2,28638132011	-5,52687596465	-22,3552975178
19,21	2,23402144255	-6,06017101387	-33,8022872106
19,22	2,16420827247	-6,54498469498	-16,5644674378
19,23	2,09439510239	-6,30257785442	-5,11747774512
19,24	2,04203522483	-6,35105922253	-17,9111721078
19,25	1,97222205475	-6,78739153553	-21,412604249
19,26	1,90240888467	-6,93283563987	-11,9856715608
19,27	1,83259571459	-6,98131700798	-4,44412541016
19,28	1,76278254451	-6,98131700798	2,89422806708E-011
19,29	1,69296937443	-6,98131700798	4,44412541024
19,3	1,62315620435	-6,93283563987	11,8510010939
19,31	1,55334303427	-6,78739153553	20,3352405132
19,32	1,4835298642	-6,35105922253	12,3896829616
19,33	1,43116998664	-6,35105922253	-11,312319226
19,34	1,36135681656	-6,78739153553	-15,7564446361
19,35	1,29154364648	-6,88435427176	0,134670467022
19,36	1,2217304764	-6,78739153553	16,833808372
19,37	1,15191730632	-6,35105922253	16,9684788389
19,38	1,09955742876	-6,30257785442	5,11747774496
19,39	1,02974425868	-6,54498469498	17,5071607066
19,4	0,959931088597	-6,06017101387	38,2464126208
19,41	0,907571211037	-5,47839459654	33,2636053428
19,42	0,855211333477	-5,28446912409	16,699137905
19,43	0,802851455917	-5,23598775598	6,59885288175
19,44	0,750491578358	-5,23598775598	6,59885288176
19,45	0,698131700798	-5,18750638787	16,8338083719
19,46	0,645771823238	-4,99358091543	34,2062986115
19,47	0,593411945678	-4,4118044981	42,825208498
19,48	0,558505360638	-3,87850944888	29,4928322676
19,49	0,523598775598	-3,9754721851	26,5300819941
19,5	0,471238898038	-3,49065850399	34,8796509465
19,51	0,453785605519	-3,00584482288	22,0859565838
19,52	0,418879020479	-3,15128892721	17,6418311736
19,53	0,383972435439	-2,76343798233	22,6246384517
19,54	0,366519142919	-2,61799387799	22,8939793857
19,55	0,331612557879	-2,42406840555	33,6676167438
19,56	0,314159265359	-1,89077335633	38,7850944889
19,57	0,296705972839	-1,59988514766	38,9197649558
19,58	0,279252680319	-1,06659009844	34,4756395455
19,59	0,279252680319	-0,872664625996	26,530081994
19,6	0,261799387799	-0,678739153552	30,0315141353
19,61	0,261799387799	-0,193925472443	27,0687638619
19,62	0,261799387799	-0,0484813681109	18,5845244425
19,63	0,261799387799	0,0484813681109	22,2206270508
19,64	0,261799387799	0,242406840554	38,7850944887
19,65	0,261799387799	0,872664625996	50,2320841815
19,66	0,279252680319	1,50292241144	37,9770716869
19,67	0,296705972839	1,69684788388	18,5845244426
19,68	0,314159265359	1,74532925199	11,177648759
19,69	0,331612557879	1,79381062011	17,7765016408
19,7	0,349065850399	1,98773609255	34,3409690785
19,71	0,366519142919	2,56951250988	42,825208498
19,72	0,401425727959	3,1028075591	29,4928322675
19,73	0,436332312999	3,00584482288	26,5300819941
19,74	0,453785605519	3,49065850399	34,8796509465
19,75	0,506145483078	3,9754721851	22,0859565838
19,76	0,541052068118	3,83002808076	17,6418311737
19,77	0,575958653158	4,21787902565	22,4899679848
19,78	0,628318530718	4,36332312999	22,0859565839
19,79	0,663225115758	4,55724860243	29,8968436684
19,8	0,715584993318	5,04206228354	30,5701960032
19,81	0,767944870877	5,23598775598	25,7220591922
19,82	0,820304748437	5,42991322843	29,7621732014
19,83	0,872664625997	5,91472690953	26,1260705931
19,84	0,942477796077	6,06017101387	13,8710580985
19,85	0,994837673637	6,10865238198	9,42693268836
19,86	1,06465084372	6,15713375009	13,6017171645
19,87	1,11701072128	6,30257785442	24,2406840554
19,88	1,18682389136	6,78739153553	20,4699109801
19,89	1,25663706144	6,88435427175	0,942693268691
19,9	1,32645023152	6,78739153553	-15,6217741691
19,91	1,3962634016	6,35105922253	-11,3123192258
19,92	1,44862327916	6,35105922253	12,3896829618
19,93	1,51843644924	6,78739153553	20,3352405132
19,94	1,58824961931	6,93283563987	11,8510010938
19,95	1,65806278939	6,98131700798	4,57879587724
19,96	1,72787595947	6,98131700798	0,94269326938
19,97	1,79768912955	6,98131700798	0,134670468723
19,98	1,86750229963	6,981317008	3,95217636397E-009
19,99	1,93731546971	6,98131700806	5,91962158312E-009
20	2,00712863979	6,98131700814	6,95089418139E-009
