Vernier Format 2
Файл.gmbl 07.12.2019 14:40:13 ,
Новый
Время	Угол	Скорость	Ускорение
t	Угол	v	a
с	rad	rad/с	rad/с²

0	0	0	0
0,01	0	0	0
0,02	0	0	0
0,03	0	0	0
0,04	0	0	0
0,05	0	0	0
0,06	0	0	0
0,07	0	0	0
0,08	0	0	0
0,09	0	0	0
0,1	0	0	0
0,11	0	0	0
0,12	0	0	0
0,13	0	0	0
0,14	0	0	0
0,15	0	0	0
0,16	0	0	0
0,17	0	0	0
0,18	0	0	0
0,19	0	0	0
0,2	0	0	0
0,21	0	0	0
0,22	0	0	0
0,23	0	0	0
0,24	0	0	0
0,25	0	0	0
0,26	0	0	0
0,27	0	0	0
0,28	0	0	0
0,29	0	0	0
0,3	0	0	0
0,31	0	0	0
0,32	0	0	0
0,33	0	0	0
0,34	0	0	0
0,35	0	0	0
0,36	0	0	0
0,37	0	0	0
0,38	0	0	0
0,39	0	0	0
0,4	0	0	0
0,41	0	0	0
0,42	0	0	0
0,43	0	0	0
0,44	0	0	0
0,45	0	0	0
0,46	0	0	0
0,47	0	0	0,134670466975
0,48	0	0	0,942693268823
0,49	0	0	4,57879587714
0,5	0	0,0484813681109	11,8510010938
0,51	0	0,193925472444	20,3352405132
0,52	0	0,630257785441	12,2550124947
0,53	0,0174532925199	0,630257785441	-12,2550124947
0,54	0,0174532925199	0,193925472444	-20,3352405132
0,55	0,0174532925199	0,0484813681109	-11,8510010938
0,56	0,0174532925199	0	-4,57879587714
0,57	0,0174532925199	0	-0,942693268823
0,58	0,0174532925199	0	-0,134670466975
0,59	0,0174532925199	0	0
0,6	0,0174532925199	0	0
0,61	0,0174532925199	0	0
0,62	0,0174532925199	0	0
0,63	0,0174532925199	0	0
0,64	0,0174532925199	0	0
0,65	0,0174532925199	0	0
0,66	0,0174532925199	0	0
0,67	0,0174532925199	0	0
0,68	0,0174532925199	0	0
0,69	0,0174532925199	0	0
0,7	0,0174532925199	0	0
0,71	0,0174532925199	0	0
0,72	0,0174532925199	0	0
0,73	0,0174532925199	0	0
0,74	0,0174532925199	0	0
0,75	0,0174532925199	0	0
0,76	0,0174532925199	0	0
0,77	0,0174532925199	0	0
0,78	0,0174532925199	0	0
0,79	0,0174532925199	0	0
0,8	0,0174532925199	0	0
0,81	0,0174532925199	0	0
0,82	0,0174532925199	0	0
0,83	0,0174532925199	0	0
0,84	0,0174532925199	0	0
0,85	0,0174532925199	0	0
0,86	0,0174532925199	0	0
0,87	0,0174532925199	0	0
0,88	0,0174532925199	0	0
0,89	0,0174532925199	0	0
0,9	0,0174532925199	0	0
0,91	0,0174532925199	0	0
0,92	0,0174532925199	0	0
0,93	0,0174532925199	0	0
0,94	0,0174532925199	0	0
0,95	0,0174532925199	0	0
0,96	0,0174532925199	0	0
0,97	0,0174532925199	0	0
0,98	0,0174532925199	0	0
0,99	0,0174532925199	0	0
1	0,0174532925199	0	0
1,01	0,0174532925199	0	0
1,02	0,0174532925199	0	0
1,03	0,0174532925199	0	0
1,04	0,0174532925199	0	0
1,05	0,0174532925199	0	0
1,06	0,0174532925199	0	0
1,07	0,0174532925199	0	0
1,08	0,0174532925199	0	0
1,09	0,0174532925199	0	0
1,1	0,0174532925199	0	0
1,11	0,0174532925199	0	0
1,12	0,0174532925199	0	0
1,13	0,0174532925199	0	0
1,14	0,0174532925199	0	0
1,15	0,0174532925199	0	0
1,16	0,0174532925199	0	0
1,17	0,0174532925199	0	0
1,18	0,0174532925199	0	0
1,19	0,0174532925199	0	0
1,2	0,0174532925199	0	0
1,21	0,0174532925199	0	0
1,22	0,0174532925199	0	0
1,23	0,0174532925199	0	0
1,24	0,0174532925199	0	0
1,25	0,0174532925199	0	0
1,26	0,0174532925199	0	0
1,27	0,0174532925199	0	0
1,28	0,0174532925199	0	0
1,29	0,0174532925199	0	0
1,3	0,0174532925199	0	0
1,31	0,0174532925199	0	0
1,32	0,0174532925199	0	0
1,33	0,0174532925199	0	0
1,34	0,0174532925199	0	0
1,35	0,0174532925199	0	0
1,36	0,0174532925199	0	0
1,37	0,0174532925199	0	0
1,38	0,0174532925199	0	0
1,39	0,0174532925199	0	0
1,4	0,0174532925199	0	0
1,41	0,0174532925199	0	0
1,42	0,0174532925199	0	0
1,43	0,0174532925199	0	0
1,44	0,0174532925199	0	0
1,45	0,0174532925199	0	0
1,46	0,0174532925199	0	0
1,47	0,0174532925199	0	0
1,48	0,0174532925199	0	0
1,49	0,0174532925199	0	0
1,5	0,0174532925199	0	0
1,51	0,0174532925199	0	0
1,52	0,0174532925199	0	0
1,53	0,0174532925199	0	0,134670466975
1,54	0,0174532925199	0	0,942693268823
1,55	0,0174532925199	0	4,71346634411
1,56	0,0174532925199	0,0484813681109	12,9283648296
1,57	0,0174532925199	0,193925472444	25,9914001261
1,58	0,0174532925199	0,678739153553	29,7621732015
1,59	0,0349065850398	0,872664625997	25,5873887253
1,6	0,0349065850398	1,06659009844	29,8968436685
1,61	0,0523598775599	1,55140377955	26,9340933949
1,62	0,0698131700798	1,69684788388	17,6418311736
1,63	0,0872664625997	1,7938106201	17,6418311737
1,64	0,10471975512	1,93925472444	26,934093395
1,65	0,12217304764	2,42406840555	29,8968436684
1,66	0,157079632679	2,61799387799	25,5873887252
1,67	0,174532925199	2,81191935044	29,7621732015
1,68	0,209439510239	3,29673303155	26,1260705931
1,69	0,244346095279	3,44217713588	13,8710580984
1,7	0,279252680319	3,49065850399	9,42693268818
1,71	0,314159265359	3,5391398721	13,7363876315
1,72	0,349065850399	3,68458397643	25,1833773244
1,73	0,383972435439	4,16939765754	25,1833773243
1,74	0,436332312999	4,31484176188	13,7363876314
1,75	0,471238898038	4,36332312999	9,4269326882
1,76	0,523598775598	4,4118044981	13,6017171645
1,77	0,558505360638	4,55724860243	24,2406840555
1,78	0,610865238198	5,04206228354	20,4699109801
1,79	0,663225115758	5,13902501976	1,07736373572
1,8	0,715584993318	5,04206228354	-14,6790809003
1,81	0,767944870877	4,60572997054	-6,73352334868
1,82	0,802851455917	4,65421133865	24,2406840556
1,83	0,855211333477	5,23598775598	40,6704810264
1,84	0,907571211037	5,81776417332	24,1060135884
1,85	0,977384381117	5,86624554142	-7,67621661764
1,86	1,02974425868	5,42991322843	-19,5272177113
1,87	1,08210413624	5,28446912409	-12,6590238956
1,88	1,1344640138	5,23598775598	-9,15759175431
1,89	1,18682389136	5,18750638787	-12,7936943626
1,9	1,23918376892	5,04206228354	-20,6045814471
1,91	1,29154364648	4,60572997054	-13,1977057636
1,92	1,32645023152	4,60572997054	7,54154615061
1,93	1,37881010908	4,99358091543	7,54154615056
1,94	1,43116998664	4,99358091543	-13,1977057636
1,95	1,4835298642	4,55724860243	-20,6045814472
1,96	1,51843644924	4,4118044981	-12,7936943626
1,97	1,57079632679	4,36332312999	-9,29226222118
1,98	1,60570291183	4,31484176188	-13,7363876314
1,99	1,65806278939	4,16939765754	-25,3180477913
2	1,69296937443	3,68458397643	-25,9914001262
2,01	1,72787595947	3,5391398721	-17,5071607068
2,02	1,76278254451	3,44217713588	-17,6418311737
2,03	1,79768912955	3,29673303154	-26,9340933949
2,04	1,83259571459	2,81191935044	-29,8968436684
2,05	1,85004900711	2,61799387799	-25,5873887252
2,06	1,88495559215	2,42406840555	-29,7621732016
2,07	1,90240888467	1,93925472444	-26,1260705932
2,08	1,91986217719	1,7938106201	-13,8710580984
2,09	1,93731546971	1,74532925199	-9,42693268813
2,1	1,95476876223	1,69684788388	-13,8710580983
2,11	1,97222205475	1,55140377955	-26,1260705932
2,12	1,98967534727	1,06659009844	-29,8968436685
2,13	1,98967534727	0,872664625996	-26,5300819941
2,14	2,00712863979	0,678739153552	-34,3409690786
2,15	2,00712863979	0,145444104333	-37,9770716869
2,16	2,00712863979	-0,145444104333	-34,3409690785
2,17	2,00712863979	-0,630257785441	-22,6246384518
2,18	1,98967534727	-0,678739153552	-6,19484148086
2,19	1,98967534727	-0,436332312998	-17,6418311738
2,2	1,98967534727	-0,921145994108	-38,3810830879
2,21	1,97222205475	-1,50292241144	-34,2062986117
2,22	1,95476876223	-1,69684788388	-21,2779337819
2,23	1,93731546971	-1,7938106201	-18,4498539755
2,24	1,91986217719	-1,93925472444	-26,934093395
2,25	1,90240888467	-2,42406840555	-28,9541503996
2,26	1,86750229963	-2,61799387799	-21,143263315
2,27	1,85004900711	-2,76343798232	-18,8538653765
2,28	1,81514242207	-3,1028075591	-10,2349554901
2,29	1,78023583703	-2,86040071855	-12,5243534286
2,3	1,76278254451	-3,05432619099	-37,438389819
2,31	1,72787595947	-3,92699081699	-34,6103100127
2,32	1,67551608191	-4,07243492132	-5,25214821207
2,33	1,64060949687	-3,73306534454	-0,808022801793
2,34	1,60570291183	-3,78154671265	-22,3552975177
2,35	1,57079632679	-4,31484176187	-33,8022872106
2,36	1,51843644924	-4,79965544298	-16,5644674379
2,37	1,46607657168	-4,55724860243	-5,11747774509
2,38	1,43116998664	-4,60572997054	-17,9111721077
2,39	1,37881010908	-5,04206228354	-21,412604249
2,4	1,32645023152	-5,18750638787	-11,9856715607
2,41	1,27409035396	-5,23598775598	-4,57879587717
2,42	1,2217304764	-5,23598775598	-0,942693268828
2,43	1,16937059884	-5,23598775598	-0,134670466967
2,44	1,11701072128	-5,23598775598	-7,98275026328E-011
2,45	1,06465084372	-5,23598775599	-6,05367607894E-011
2,46	1,01229096616	-5,23598775599	0,134670467035
2,47	0,959931088597	-5,23598775598	0,942693268903
2,48	0,907571211037	-5,23598775598	4,57879587714
2,49	0,855211333477	-5,18750638787	11,8510010938
2,5	0,802851455917	-5,04206228354	20,4699109802
2,51	0,750491578358	-4,60572997054	13,1977057635
2,52	0,715584993318	-4,60572997054	-7,54154615061
2,53	0,663225115758	-4,99358091543	-7,54154615066
2,54	0,610865238198	-4,99358091543	13,1977057635
2,55	0,558505360638	-4,55724860243	20,6045814472
2,56	0,523598775598	-4,4118044981	12,7936943626
2,57	0,471238898038	-4,36332312999	9,29226222123
2,58	0,436332312999	-4,31484176188	13,7363876314
2,59	0,383972435439	-4,16939765754	25,3180477913
2,6	0,349065850399	-3,68458397643	25,9914001263
2,61	0,314159265359	-3,5391398721	17,5071607068
2,62	0,279252680319	-3,44217713588	17,5071607067
2,63	0,244346095279	-3,29673303155	25,9914001261
2,64	0,209439510239	-2,81191935044	25,3180477913
2,65	0,191986217719	-2,6664752461	13,8710580985
2,66	0,157079632679	-2,61799387799	10,3696259571
2,67	0,13962634016	-2,56951250988	18,3151835086
2,68	0,10471975512	-2,37558703744	37,1690488851
2,69	0,0872664625997	-1,74532925199	46,4613111064
2,7	0,0698131700798	-1,16355283466	30,7048664702
2,71	0,0698131700798	-1,06659009844	9,96561455602
2,72	0,0523598775599	-1,308996939	18,4498539755
2,73	0,0349065850398	-0,824183257889	38,3810830879
2,74	0,0349065850398	-0,242406840556	33,3982758099
2,75	0,0349065850398	-0,0484813681112	17,5071607068
2,76	0,0349065850398	0	10,2349554901
2,77	0,0349065850398	0,0484813681112	14,0057285654
2,78	0,0349065850398	0,193925472445	26,1260705932
2,79	0,0349065850398	0,678739153556	29,7621732015
2,8	0,0523598775599	0,872664626	25,7220591921
2,81	0,0523598775599	1,06659009844	30,7048664701
2,82	0,0698131700798	1,55140377955	30,7048664702
2,83	0,0872664625997	1,74532925199	25,7220591923
2,84	0,10471975512	1,93925472444	29,7621732015
2,85	0,12217304764	2,42406840555	26,1260705931
2,86	0,157079632679	2,56951250988	13,8710580984
2,87	0,174532925199	2,61799387799	9,42693268826
2,88	0,209439510239	2,6664752461	13,8710580984
2,89	0,226892802759	2,81191935043	26,1260705931
2,9	0,261799387799	3,29673303154	29,7621732015
2,91	0,296705972839	3,49065850399	25,5873887252
2,92	0,331612557879	3,68458397643	29,7621732015
2,93	0,366519142919	4,16939765754	26,1260705931
2,94	0,418879020479	4,31484176188	13,7363876315
2,95	0,453785605519	4,36332312999	8,48423941941
2,96	0,506145483078	4,4118044981	9,1575917542
2,97	0,541052068118	4,50876723432	13,3323762305
2,98	0,593411945678	4,84813681109	4,71346634414
2,99	0,645771823238	4,55724860243	0,538681867979
3	0,680678408278	4,60572997054	16,9684788388
3,01	0,733038285838	5,04206228354	21,277933782
3,02	0,785398163397	5,18750638787	11,9856715608
3,03	0,837758040957	5,23598775598	4,57879587714
3,04	0,890117918517	5,23598775598	0,942693268791
3,05	0,942477796077	5,23598775598	0,134670467006
3,06	0,994837673637	5,23598775598	0
3,07	1,0471975512	5,23598775598	-3,15747428203E-011
3,08	1,09955742876	5,23598775598	-0,134670466943
3,09	1,15191730632	5,23598775598	-0,942693268823
3,1	1,20427718388	5,23598775598	-4,57879587717
3,11	1,25663706144	5,18750638787	-11,9856715607
3,12	1,308996939	5,04206228354	-21,277933782
3,13	1,36135681656	4,60572997054	-16,9684788388
3,14	1,3962634016	4,55724860243	-0,673352334847
3,15	1,44862327916	4,8481368111	-5,52148914599
3,16	1,50098315672	4,50876723432	-16,9684788389
3,17	1,53588974175	4,36332312999	-16,5644674379
3,18	1,58824961931	4,21787902565	-17,9111721077
3,19	1,62315620435	3,87850944888	-10,1002850231
3,2	1,65806278939	4,12091628943	-12,5243534287
3,21	1,71042266695	3,92699081699	-37,438389819
3,22	1,74532925199	3,05432619099	-34,6103100126
3,23	1,76278254451	2,90888208666	-5,38681867899
3,24	1,79768912955	3,24825166343	-1,7507160706
3,25	1,83259571459	3,19977029532	-26,9340933949
3,26	1,86750229963	2,61799387799	-45,6532883045
3,27	1,88495559215	1,98773609255	-37,0343784182
3,28	1,90240888467	1,7938106201	-18,3151835087
3,29	1,91986217719	1,74532925199	-10,3696259571
3,3	1,93731546971	1,69684788388	-14,0057285653
3,31	1,95476876223	1,55140377955	-26,126070593
3,32	1,97222205475	1,06659009844	-29,7621732015
3,33	1,97222205475	0,872664625997	-25,5873887253
3,34	1,98967534727	0,678739153553	-29,8968436685
3,35	1,98967534727	0,193925472444	-26,934093395
3,36	1,98967534727	0,0484813681109	-17,6418311737
3,37	1,98967534727	-0,0484813681109	-17,6418311737
3,38	1,98967534727	-0,193925472444	-26,934093395
3,39	1,98967534727	-0,678739153553	-29,8968436685
3,4	1,97222205475	-0,872664625997	-25,5873887253
3,41	1,97222205475	-1,06659009844	-29,8968436685
3,42	1,95476876223	-1,55140377955	-26,9340933949
3,43	1,93731546971	-1,69684788388	-17,6418311736
3,44	1,91986217719	-1,7938106201	-17,6418311737
3,45	1,90240888467	-1,93925472444	-26,9340933951
3,46	1,88495559215	-2,42406840555	-29,8968436685
3,47	1,85004900711	-2,61799387799	-25,5873887252
3,48	1,83259571459	-2,81191935044	-29,7621732014
3,49	1,79768912955	-3,29673303154	-25,991400126
3,5	1,76278254451	-3,44217713588	-13,0630352965
3,51	1,72787595947	-3,49065850399	-5,79083007999
3,52	1,69296937443	-3,49065850399	-6,46418241484
3,53	1,65806278939	-3,5391398721	-16,6991379049
3,54	1,62315620435	-3,73306534454	-33,2636053428
3,55	1,58824961931	-4,31484176188	-38,1117421539
3,56	1,53588974175	-4,79965544299	-16,5644674379
3,57	1,4835298642	-4,55724860243	-0,673352334846
3,58	1,44862327916	-4,55724860243	-6,06017101389
3,59	1,3962634016	-4,8481368111	-1,07736373577
3,6	1,34390352404	-4,55724860243	0,269340934029
3,61	1,308996939	-4,60572997054	-16,8338083718
3,62	1,25663706144	-5,04206228354	-21,277933782
3,63	1,20427718388	-5,18750638787	-11,9856715608
3,64	1,15191730632	-5,23598775598	-4,57879587716
3,65	1,09955742876	-5,23598775598	-0,942693268796
3,66	1,0471975512	-5,23598775598	-0,134670467007
3,67	0,994837673637	-5,23598775598	0
3,68	0,942477796077	-5,23598775598	3,15747428203E-011
3,69	0,890117918517	-5,23598775598	0,134670466943
3,7	0,837758040957	-5,23598775598	0,942693268823
3,71	0,785398163397	-5,23598775598	4,71346634415
3,72	0,733038285838	-5,18750638787	12,7936943626
3,73	0,680678408278	-5,04206228354	25,0487068573
3,74	0,628318530718	-4,55724860243	25,1833773243
3,75	0,593411945678	-4,4118044981	13,6017171645
3,76	0,541052068118	-4,36332312999	8,48423941938
3,77	0,506145483078	-4,31484176188	9,1575917542
3,78	0,453785605519	-4,21787902566	13,3323762305
3,79	0,418879020479	-3,87850944888	4,84813681117
3,8	0,383972435439	-4,16939765754	1,48137513678
3,81	0,331612557879	-4,12091628943	21,681945183
3,82	0,296705972839	-3,63610260832	34,0716281447
3,83	0,261799387799	-3,34521439966	37,0343784181
3,84	0,226892802759	-2,81191935043	29,7621732014
3,85	0,209439510239	-2,6664752461	14,6790809002
3,86	0,174532925199	-2,61799387799	9,69627362221
3,87	0,157079632679	-2,56951250988	14,6790809002
3,88	0,12217304764	-2,42406840555	29,8968436684
3,89	0,10471975512	-1,89077335633	37,84240122
3,9	0,0872664625997	-1,59988514766	37,84240122
3,91	0,0698131700798	-1,06659009844	29,8968436684
3,92	0,0698131700798	-0,921145994107	14,6790809002
3,93	0,0523598775599	-0,872664625997	9,56160315508
3,94	0,0523598775599	-0,824183257889	13,8710580983
3,95	0,0349065850398	-0,678739153556	26,1260705932
3,96	0,0349065850398	-0,193925472445	29,7621732016
3,97	0,0349065850398	0	25,7220591923
3,98	0,0349065850398	0,193925472445	30,7048664704
3,99	0,0349065850398	0,678739153556	30,7048664703
4	0,0523598775599	0,872664626	25,7220591921
4,01	0,0523598775599	1,06659009844	29,8968436683
4,02	0,0698131700798	1,55140377955	26,9340933949
4,03	0,0872664625997	1,69684788388	17,6418311738
4,04	0,10471975512	1,79381062011	17,6418311738
4,05	0,12217304764	1,93925472444	26,9340933949
4,06	0,13962634016	2,42406840555	29,8968436683
4,07	0,174532925199	2,61799387799	25,5873887253
4,08	0,191986217719	2,81191935044	29,7621732015
4,09	0,226892802759	3,29673303155	25,9914001262
4,1	0,261799387799	3,44217713588	13,0630352966
4,11	0,296705972839	3,49065850399	5,65615961294
4,12	0,331612557879	3,49065850399	5,65615961294
4,13	0,366519142919	3,5391398721	13,0630352965
4,14	0,401425727959	3,68458397643	25,8567296591
4,15	0,436332312999	4,16939765754	28,8194799326
4,16	0,488692190558	4,36332312999	21,0085928481
4,17	0,523598775598	4,50876723432	17,9111721077
4,18	0,575958653158	4,84813681109	5,65615961302
4,19	0,628318530718	4,55724860243	0,673352334898
4,2	0,663225115758	4,60572997054	16,9684788388
4,21	0,715584993318	5,04206228354	21,277933782
4,22	0,767944870877	5,18750638787	11,9856715607
4,23	0,820304748437	5,23598775598	4,57879587711
4,24	0,872664625997	5,23598775598	0,942693268854
4,25	0,925024503557	5,23598775598	0,134670466975
4,26	0,977384381117	5,23598775598	-0,134670467006
4,27	1,02974425868	5,23598775598	-0,942693268791
4,28	1,08210413624	5,23598775598	-4,57879587714
4,29	1,1344640138	5,18750638787	-11,8510010938
4,3	1,18682389136	5,04206228354	-20,4699109801
4,31	1,23918376892	4,60572997054	-13,1977057635
4,32	1,27409035396	4,60572997054	7,67621661752
4,33	1,32645023152	4,99358091543	8,34956895246
4,34	1,37881010908	4,99358091543	-9,56160315523
4,35	1,43116998664	4,60572997054	-13,3323762306
4,36	1,46607657168	4,55724860243	-4,30945494324
4,37	1,51843644924	4,79965544298	-17,3724902398
4,38	1,57079632679	4,31484176187	-38,2464126208
4,39	1,60570291183	3,73306534454	-33,2636053427
4,4	1,64060949687	3,5391398721	-16,5644674379
4,41	1,67551608191	3,49065850399	-5,65615961294
4,42	1,71042266695	3,49065850399	-2,1547274716
4,43	1,74532925199	3,49065850399	-5,79083007994
4,44	1,78023583703	3,44217713588	-17,3724902398
4,45	1,81514242207	3,24825166343	-37,0343784181
4,46	1,85004900711	2,61799387799	-46,4613111063
4,47	1,86750229963	2,03621746066	-30,5701960033
4,48	1,88495559215	1,93925472444	-9,15759175438
4,49	1,90240888467	2,18166156499	-14,6790809003
4,5	1,93731546971	1,74532925199	-30,3008550693
4,51	1,93731546971	1,26051557088	-21,1432633149
4,52	1,95476876223	1,40595967522	-17,5071607066
4,53	1,97222205475	1,01810873033	-22,4899679849
4,54	1,97222205475	0,872664625997	-22,085956584
4,55	1,98967534727	0,678739153553	-29,8968436685
4,56	1,98967534727	0,193925472444	-30,5701960033
4,57	1,98967534727	0	-25,8567296592
4,58	1,98967534727	-0,193925472444	-30,7048664703
4,59	1,98967534727	-0,678739153553	-30,7048664703
4,6	1,97222205475	-0,872664625997	-25,7220591923
4,61	1,97222205475	-1,06659009844	-29,7621732015
4,62	1,95476876223	-1,55140377955	-26,126070593
4,63	1,93731546971	-1,69684788388	-14,0057285653
4,64	1,91986217719	-1,74532925199	-10,2349554901
4,65	1,90240888467	-1,7938106201	-17,5071607068
4,66	1,88495559215	-1,98773609255	-33,3982758099
4,67	1,86750229963	-2,56951250988	-38,2464126209
4,68	1,83259571459	-3,05432619099	-17,5071607067
4,69	1,79768912955	-2,81191935044	-5,38681867891
4,7	1,78023583703	-2,86040071854	-18,8538653765
4,71	1,74532925199	-3,29673303154	-26,1260705932
4,72	1,71042266695	-3,49065850399	-24,7793659234
4,73	1,67551608191	-3,68458397643	-29,6275027345
4,74	1,64060949687	-4,16939765754	-26,1260705931
4,75	1,58824961931	-4,31484176187	-13,8710580984
4,76	1,55334303427	-4,36332312999	-9,29226222131
4,77	1,50098315672	-4,4118044981	-12,7936943627
4,78	1,46607657168	-4,55724860243	-20,6045814471
4,79	1,41371669412	-4,99358091543	-13,1977057634
4,8	1,36135681656	-4,99358091543	7,54154615061
4,81	1,308996939	-4,60572997054	7,54154615055
4,82	1,27409035396	-4,60572997054	-13,1977057636
4,83	1,2217304764	-5,04206228354	-20,4699109802
4,84	1,16937059884	-5,18750638787	-11,8510010938
4,85	1,11701072128	-5,23598775598	-4,57879587722
4,86	1,06465084372	-5,23598775599	-0,942693268883
4,87	1,01229096616	-5,23598775599	6,05367607894E-011
4,88	0,959931088597	-5,23598775598	0,942693268903
4,89	0,907571211037	-5,23598775598	4,57879587714
4,9	0,855211333477	-5,18750638787	11,8510010938
4,91	0,802851455917	-5,04206228354	20,4699109802
4,92	0,750491578358	-4,60572997054	13,1977057635
4,93	0,715584993318	-4,60572997054	-7,54154615061
4,94	0,663225115758	-4,99358091543	-7,40687568368
4,95	0,610865238198	-4,99358091543	14,0057285654
4,96	0,558505360638	-4,55724860243	24,2406840555
4,97	0,523598775598	-4,36332312999	20,0658995793
4,98	0,471238898038	-4,21787902565	17,7765016406
4,99	0,436332312999	-3,87850944888	5,79083007986
5	0,401425727959	-4,16939765754	1,61604560375
5,01	0,349065850399	-4,12091628943	21,6819451831
5,02	0,314159265359	-3,63610260832	34,0716281446
5,03	0,279252680319	-3,34521439966	37,034378418
5,04	0,244346095279	-2,81191935044	29,7621732014
5,05	0,226892802759	-2,6664752461	14,6790809003
5,06	0,191986217719	-2,61799387799	9,56160315533
5,07	0,174532925199	-2,56951250988	13,8710580985
5,08	0,13962634016	-2,42406840555	26,126070593
5,09	0,12217304764	-1,93925472444	29,7621732014
5,1	0,10471975512	-1,745329252	25,7220591922
5,11	0,0872664625997	-1,55140377955	30,5701960034
5,12	0,0698131700798	-1,06659009844	29,7621732015
5,13	0,0698131700798	-0,872664625996	21,277933782
5,14	0,0523598775599	-0,727220521664	18,8538653764
5,15	0,0523598775599	-0,387850944888	10,3696259569
5,16	0,0523598775599	-0,630257785445	13,4670466975
5,17	0,0349065850398	-0,436332313001	42,0171856963
5,18	0,0349065850398	0,484813681112	46,4613111065
5,19	0,0523598775599	0,775701889778	25,7220591922
5,2	0,0523598775599	0,872664625997	14,0057285653
5,21	0,0698131700798	0,921145994107	14,8137513672
5,22	0,0698131700798	1,06659009844	26,2607410601
5,23	0,0872664625997	1,55140377955	29,7621732015
5,24	0,10471975512	1,745329252	25,5873887253
5,25	0,12217304764	1,93925472444	29,7621732014
5,26	0,13962634016	2,42406840555	26,126070593
5,27	0,174532925199	2,56951250988	13,8710580985
5,28	0,191986217719	2,61799387799	9,56160315533
5,29	0,226892802759	2,6664752461	14,6790809003
5,3	0,244346095279	2,81191935044	29,7621732014
5,31	0,279252680319	3,34521439966	37,034378418
5,32	0,314159265359	3,63610260832	34,0716281446
5,33	0,349065850399	4,12091628943	21,6819451831
5,34	0,401425727959	4,16939765754	1,61604560375
5,35	0,436332312999	3,87850944888	5,65615961289
5,36	0,471238898038	4,21787902565	16,9684788388
5,37	0,523598775598	4,36332312999	16,4297969709
5,38	0,558505360638	4,50876723432	16,9684788389
5,39	0,610865238198	4,8481368111	5,52148914596
5,4	0,663225115758	4,55724860243	0,673352334799
5,41	0,698131700798	4,60572997054	16,9684788388
5,42	0,750491578358	5,04206228354	21,277933782
5,43	0,802851455917	5,18750638787	11,9856715608
5,44	0,855211333477	5,23598775598	4,57879587717
5,45	0,907571211037	5,23598775598	0,94269326882
5,46	0,959931088597	5,23598775598	7,98275026328E-011
5,47	1,01229096616	5,23598775599	-0,942693268767
5,48	1,06465084372	5,23598775599	-4,57879587722
5,49	1,11701072128	5,18750638787	-11,8510010939
5,5	1,16937059884	5,04206228354	-20,4699109802
5,51	1,2217304764	4,60572997054	-13,1977057635
5,52	1,25663706144	4,60572997054	7,54154615066
5,53	1,308996939	4,99358091543	7,54154615061
5,54	1,36135681656	4,99358091543	-13,1977057635
5,55	1,41371669412	4,55724860243	-20,6045814471
5,56	1,44862327916	4,4118044981	-12,7936943626
5,57	1,50098315672	4,36332312999	-9,29226222134
5,58	1,53588974175	4,31484176187	-13,7363876315
5,59	1,58824961931	4,16939765754	-25,1833773243
5,6	1,62315620435	3,68458397643	-25,0487068573
5,61	1,65806278939	3,5391398721	-12,9283648296
5,62	1,69296937443	3,49065850399	-5,65615961299
5,63	1,72787595947	3,49065850399	-5,65615961302
5,64	1,76278254451	3,44217713588	-13,0630352965
5,65	1,79768912955	3,29673303154	-25,991400126
5,66	1,83259571459	2,81191935044	-29,7621732014
5,67	1,85004900711	2,61799387799	-25,7220591922
5,68	1,88495559215	2,42406840555	-30,7048664704
5,69	1,90240888467	1,93925472444	-30,7048664704
5,7	1,91986217719	1,74532925199	-25,8567296592
5,71	1,93731546971	1,55140377955	-30,5701960032
5,72	1,95476876223	1,06659009844	-29,8968436683
5,73	1,95476876223	0,872664626	-22,0859565838
5,74	1,97222205475	0,727220521667	-22,4899679849
5,75	1,97222205475	0,339369576777	-17,6418311738
5,76	1,97222205475	0,484813681109	-21,951286117
5,77	1,98967534727	0	-33,9369576777
5,78	1,97222205475	-0,484813681109	-21,951286117
5,79	1,97222205475	-0,339369576777	-17,6418311738
5,8	1,97222205475	-0,727220521667	-22,4899679849
5,81	1,95476876223	-0,872664626	-21,9512861168
5,82	1,95476876223	-1,06659009844	-29,0888208664
5,83	1,93731546971	-1,55140377955	-26,7994229279
5,84	1,91986217719	-1,69684788388	-17,6418311737
5,85	1,90240888467	-1,7938106201	-17,6418311738
5,86	1,88495559215	-1,93925472444	-26,934093395
5,87	1,86750229963	-2,42406840555	-29,8968436684
5,88	1,83259571459	-2,61799387799	-25,5873887252
5,89	1,81514242207	-2,81191935044	-29,7621732015
5,9	1,78023583703	-3,29673303155	-26,1260705931
5,91	1,74532925199	-3,44217713588	-13,8710580984
5,92	1,71042266695	-3,49065850399	-9,42693268823
5,93	1,67551608191	-3,5391398721	-13,7363876314
5,94	1,64060949687	-3,68458397643	-25,1833773243
5,95	1,60570291183	-4,16939765754	-25,1833773243
5,96	1,55334303427	-4,31484176187	-13,7363876314
5,97	1,51843644924	-4,36332312999	-9,42693268825
5,98	1,46607657168	-4,4118044981	-13,6017171645
5,99	1,43116998664	-4,55724860243	-24,2406840555
6	1,37881010908	-5,04206228354	-20,4699109802
6,01	1,32645023152	-5,13902501976	-0,942693268796
6,02	1,27409035396	-5,04206228354	15,621774169
6,03	1,2217304764	-4,60572997054	11,3123192259
6,04	1,18682389136	-4,60572997054	-12,3896829616
6,05	1,1344640138	-5,04206228354	-20,3352405132
6,06	1,08210413624	-5,18750638787	-11,8510010938
6,07	1,02974425868	-5,23598775598	-4,57879587711
6,08	0,977384381117	-5,23598775598	-0,80802280188
6,09	0,925024503557	-5,23598775598	0,808022801848
6,1	0,872664625997	-5,23598775598	4,57879587717
6,11	0,820304748437	-5,18750638787	11,9856715607
6,12	0,767944870877	-5,04206228354	21,277933782
6,13	0,715584993318	-4,60572997054	16,9684788388
6,14	0,680678408278	-4,55724860243	0,673352334847
6,15	0,628318530718	-4,8481368111	5,52148914599
6,16	0,575958653158	-4,50876723432	16,9684788389
6,17	0,541052068118	-4,36332312999	16,429796971
6,18	0,488692190558	-4,21787902565	16,9684788388
6,19	0,453785605519	-3,87850944888	5,65615961294
6,2	0,418879020479	-4,16939765754	1,6160456037
6,21	0,366519142919	-4,12091628943	21,547274716
6,22	0,331612557879	-3,63610260832	33,2636053428
6,23	0,296705972839	-3,34521439966	33,3982758098
6,24	0,261799387799	-2,86040071855	22,4899679849
6,25	0,244346095279	-2,81191935043	6,19484148086
6,26	0,209439510239	-3,05432619099	17,6418311737
6,27	0,174532925199	-2,56951250988	38,2464126209
6,28	0,157079632679	-1,98773609255	33,3982758098
6,29	0,13962634016	-1,7938106201	17,5071607067
6,3	0,12217304764	-1,745329252	10,23495549
6,31	0,10471975512	-1,69684788388	14,0057285655
6,32	0,0872664625997	-1,55140377955	26,1260705932
6,33	0,0698131700798	-1,06659009844	29,7621732015
6,34	0,0698131700798	-0,872664625996	25,5873887252
6,35	0,0523598775599	-0,678739153552	29,8968436684
6,36	0,0523598775599	-0,193925472444	26,9340933949
6,37	0,0523598775599	-0,0484813681109	17,6418311737
6,38	0,0523598775599	0,0484813681109	17,6418311737
6,39	0,0523598775599	0,193925472444	26,9340933949
6,4	0,0523598775599	0,678739153552	29,8968436684
6,41	0,0698131700798	0,872664625996	25,7220591922
6,42	0,0698131700798	1,06659009844	30,7048664703
6,43	0,0872664625997	1,55140377955	30,7048664704
6,44	0,10471975512	1,745329252	25,7220591922
6,45	0,12217304764	1,93925472444	29,7621732014
6,46	0,13962634016	2,42406840555	26,126070593
6,47	0,174532925199	2,56951250988	13,8710580985
6,48	0,191986217719	2,61799387799	9,42693268836
6,49	0,226892802759	2,6664752461	13,8710580984
6,5	0,244346095279	2,81191935044	26,1260705931
6,51	0,279252680319	3,29673303154	29,6275027344
6,52	0,314159265359	3,49065850399	24,7793659234
6,53	0,349065850399	3,68458397643	25,9914001263
6,54	0,383972435439	4,12091628943	17,9111721077
6,55	0,436332312999	4,16939765754	0,808022801793
6,56	0,471238898038	3,87850944888	5,65615961289
6,57	0,506145483078	4,21787902565	17,7765016406
6,58	0,558505360638	4,36332312999	20,0658995792
6,59	0,593411945678	4,55724860243	24,2406840555
6,6	0,645771823238	4,99358091543	14,0057285655
6,61	0,698131700798	4,99358091543	-7,40687568358
6,62	0,750491578358	4,60572997054	-7,54154615061
6,63	0,785398163397	4,60572997054	13,1977057636
6,64	0,837758040957	5,04206228354	20,4699109802
6,65	0,890117918517	5,18750638787	11,8510010937
6,66	0,942477796077	5,23598775598	4,57879587717
6,67	0,994837673637	5,23598775598	0,942693268823
6,68	1,0471975512	5,23598775598	-3,24505854287E-011
6,69	1,09955742876	5,23598775598	-0,942693268796
6,7	1,15191730632	5,23598775598	-4,57879587716
6,71	1,20427718388	5,18750638787	-11,9856715608
6,72	1,25663706144	5,04206228354	-21,277933782
6,73	1,308996939	4,60572997054	-16,9684788388
6,74	1,34390352404	4,55724860243	-0,673352334799
6,75	1,3962634016	4,8481368111	-5,52148914596
6,76	1,44862327916	4,50876723432	-16,9684788389
6,77	1,4835298642	4,36332312999	-16,4297969709
6,78	1,53588974175	4,21787902565	-16,9684788388
6,79	1,57079632679	3,87850944888	-5,65615961286
6,8	1,60570291183	4,16939765754	-1,6160456037
6,81	1,65806278939	4,12091628943	-21,5472747161
6,82	1,69296937443	3,63610260832	-33,2636053429
6,83	1,72787595947	3,34521439966	-33,3982758098
6,84	1,76278254451	2,86040071854	-22,4899679848
6,85	1,78023583703	2,81191935044	-6,19484148081
6,86	1,81514242207	3,05432619099	-17,6418311737
6,87	1,85004900711	2,56951250988	-38,2464126208
6,88	1,86750229963	1,98773609255	-33,3982758097
6,89	1,88495559215	1,79381062011	-17,5071607068
6,9	1,90240888467	1,74532925199	-10,2349554902
6,91	1,91986217719	1,69684788388	-14,0057285654
6,92	1,93731546971	1,55140377955	-26,126070593
6,93	1,95476876223	1,06659009844	-29,7621732013
6,94	1,95476876223	0,872664626	-25,5873887251
6,95	1,97222205475	0,678739153556	-29,8968436685
6,96	1,97222205475	0,193925472445	-26,9340933951
6,97	1,97222205475	0,0484813681112	-17,6418311738
6,98	1,97222205475	-0,0484813681112	-17,6418311738
6,99	1,97222205475	-0,193925472445	-26,9340933951
7	1,97222205475	-0,678739153556	-29,8968436685
7,01	1,95476876223	-0,872664626	-25,7220591921
7,02	1,95476876223	-1,06659009844	-30,7048664701
7,03	1,93731546971	-1,55140377955	-30,7048664702
7,04	1,91986217719	-1,74532925199	-25,7220591922
7,05	1,90240888467	-1,93925472444	-29,7621732016
7,06	1,88495559215	-2,42406840555	-26,1260705932
7,07	1,85004900711	-2,56951250988	-13,8710580985
7,08	1,83259571459	-2,61799387799	-9,42693268821
7,09	1,79768912955	-2,6664752461	-13,7363876313
7,1	1,78023583703	-2,81191935043	-25,3180477912
7,11	1,74532925199	-3,29673303154	-25,9914001262
7,12	1,71042266695	-3,44217713588	-17,5071607068
7,13	1,67551608191	-3,5391398721	-17,5071607067
7,14	1,64060949687	-3,68458397643	-25,9914001261
7,15	1,60570291183	-4,16939765754	-25,3180477912
7,16	1,55334303427	-4,31484176187	-13,6017171644
7,17	1,51843644924	-4,36332312999	-8,48423941943
7,18	1,46607657168	-4,4118044981	-9,15759175433
7,19	1,43116998664	-4,50876723432	-13,3323762306
7,2	1,37881010908	-4,8481368111	-4,71346634414
7,21	1,32645023152	-4,55724860243	-0,538681867872
7,22	1,29154364648	-4,60572997054	-16,9684788388
7,23	1,23918376892	-5,04206228354	-21,277933782
7,24	1,18682389136	-5,18750638787	-11,9856715607
7,25	1,1344640138	-5,23598775598	-4,4441254102
7,26	1,08210413624	-5,23598775598	0
7,27	1,02974425868	-5,23598775598	4,4441254102
7,28	0,977384381117	-5,18750638787	11,8510010937
7,29	0,925024503557	-5,04206228354	20,3352405132
7,3	0,872664625997	-4,60572997054	12,3896829618
7,31	0,837758040957	-4,60572997054	-11,3123192258
7,32	0,785398163397	-5,04206228354	-15,6217741691
7,33	0,733038285838	-5,13902501976	0,942693268748
7,34	0,680678408278	-5,04206228354	20,4699109802
7,35	0,628318530718	-4,55724860243	24,2406840555
7,36	0,593411945678	-4,4118044981	13,6017171645
7,37	0,541052068118	-4,36332312999	9,4269326882
7,38	0,506145483078	-4,31484176188	13,7363876313
7,39	0,453785605519	-4,16939765754	25,1833773243
7,4	0,418879020479	-3,68458397643	25,0487068574
7,41	0,383972435439	-3,5391398721	12,9283648297
7,42	0,349065850399	-3,49065850399	5,79083008002
7,43	0,314159265359	-3,49065850399	6,46418241479
7,44	0,279252680319	-3,44217713588	16,6991379048
7,45	0,244346095279	-3,24825166343	33,2636053427
7,46	0,209439510239	-2,6664752461	38,2464126209
7,47	0,191986217719	-2,18166156499	17,6418311738
7,48	0,174532925199	-2,42406840555	6,19484148092
7,49	0,13962634016	-2,37558703743	22,6246384517
7,5	0,12217304764	-1,89077335633	34,2062986115
7,51	0,10471975512	-1,59988514766	37,0343784181
7,52	0,0872664625997	-1,06659009844	29,7621732015
7,53	0,0872664625997	-0,921145994107	14,6790809003
7,54	0,0698131700798	-0,872664625996	9,69627362221
7,55	0,0698131700798	-0,824183257885	14,6790809002
7,56	0,0523598775599	-0,678739153552	29,8968436684
7,57	0,0523598775599	-0,145444104333	37,8424012199
7,58	0,0523598775599	0,145444104333	37,8424012199
7,59	0,0523598775599	0,678739153552	29,8968436684
7,6	0,0698131700798	0,824183257885	14,8137513672
7,61	0,0698131700798	0,872664625996	10,5042964241
7,62	0,0872664625997	0,921145994107	18,3151835086
7,63	0,0872664625997	1,11507146655	37,1690488851
7,64	0,10471975512	1,745329252	46,3266406394
7,65	0,12217304764	2,32710566933	29,7621732014
7,66	0,157079632679	2,42406840555	5,38681867894
7,67	0,174532925199	2,13318019688	6,59885288184
7,68	0,191986217719	2,47254977366	18,0458425747
7,69	0,226892802759	2,61799387799	21,1432633151
7,7	0,244346095279	2,81191935044	29,7621732014
7,71	0,279252680319	3,29673303154	30,4355255362
7,72	0,314159265359	3,49065850399	24,9140363904
7,73	0,349065850399	3,68458397643	25,9914001263
7,74	0,383972435439	4,12091628943	17,9111721077
7,75	0,436332312999	4,16939765754	0,808022801793
7,76	0,471238898038	3,87850944888	5,52148914592
7,77	0,506145483078	4,21787902565	16,9684788388
7,78	0,558505360638	4,36332312999	16,4297969709
7,79	0,593411945678	4,50876723432	16,9684788389
7,8	0,645771823238	4,84813681109	5,52148914605
7,81	0,698131700798	4,55724860243	0,673352334898
7,82	0,733038285838	4,60572997054	16,9684788388
7,83	0,785398163397	5,04206228354	21,277933782
7,84	0,837758040957	5,18750638787	11,9856715607
7,85	0,890117918517	5,23598775598	4,44412541013
7,86	0,942477796077	5,23598775598	2,63172200082E-011
7,87	0,994837673637	5,23598775598	-4,44412541019
7,88	1,0471975512	5,18750638787	-11,8510010939
7,89	1,09955742876	5,04206228354	-20,3352405132
7,9	1,15191730632	4,60572997054	-12,3896829616
7,91	1,18682389136	4,60572997054	11,312319226
7,92	1,23918376892	5,04206228354	15,6217741691
7,93	1,29154364648	5,13902501976	-0,94269326885
7,94	1,34390352404	5,04206228354	-20,4699109801
7,95	1,3962634016	4,55724860243	-24,2406840555
7,96	1,43116998664	4,4118044981	-13,6017171645
7,97	1,4835298642	4,36332312999	-9,42693268828
7,98	1,51843644924	4,31484176187	-13,7363876314
7,99	1,57079632679	4,16939765754	-25,1833773243
8	1,60570291183	3,68458397643	-25,0487068573
8,01	1,64060949687	3,5391398721	-12,9283648296
8,02	1,67551608191	3,49065850399	-5,79083007991
8,03	1,71042266695	3,49065850399	-6,46418241479
8,04	1,74532925199	3,44217713588	-16,6991379049
8,05	1,78023583703	3,24825166343	-33,2636053428
8,06	1,81514242207	2,6664752461	-38,2464126209
8,07	1,83259571459	2,18166156499	-17,6418311737
8,08	1,85004900711	2,42406840555	-6,19484148084
8,09	1,88495559215	2,37558703744	-22,6246384519
8,1	1,90240888467	1,89077335633	-34,2062986117
8,11	1,91986217719	1,59988514766	-37,0343784181
8,12	1,93731546971	1,06659009844	-29,7621732014
8,13	1,93731546971	0,921145994107	-14,8137513671
8,14	1,95476876223	0,872664625997	-10,5042964239
8,15	1,95476876223	0,824183257889	-18,3151835085
8,16	1,97222205475	0,630257785445	-37,1690488852
8,17	1,97222205475	0	-46,4613111065
8,18	1,97222205475	-0,581776417334	-30,5701960034
8,19	1,95476876223	-0,678739153556	-9,02292128725
8,2	1,95476876223	-0,436332312999	-14,0057285652
8,21	1,95476876223	-0,872664625996	-27,4727752628
8,22	1,93731546971	-1,30899693899	-17,5071607067
8,23	1,91986217719	-1,11507146655	-16,295126504
8,24	1,91986217719	-1,308996939	-39,0544354228
8,25	1,90240888467	-2,18166156499	-38,3810830879
8,26	1,86750229963	-2,37558703744	-12,6590238956
8,27	1,85004900711	-2,13318019688	-10,2349554901
8,28	1,83259571459	-2,47254977366	-18,8538653765
8,29	1,79768912955	-2,61799387799	-21,143263315
8,3	1,78023583703	-2,81191935043	-28,9541503996
8,31	1,74532925199	-3,29673303154	-26,799422928
8,32	1,71042266695	-3,44217713588	-17,6418311737
8,33	1,67551608191	-3,5391398721	-17,5071607067
8,34	1,64060949687	-3,68458397643	-25,9914001261
8,35	1,60570291183	-4,16939765754	-25,3180477912
8,36	1,55334303427	-4,31484176187	-13,6017171644
8,37	1,51843644924	-4,36332312999	-8,48423941943
8,38	1,46607657168	-4,4118044981	-9,15759175433
8,39	1,43116998664	-4,50876723432	-13,3323762306
8,4	1,37881010908	-4,8481368111	-4,71346634414
8,41	1,32645023152	-4,55724860243	-0,538681867872
8,42	1,29154364648	-4,60572997054	-16,8338083719
8,43	1,23918376892	-5,04206228354	-20,3352405132
8,44	1,18682389136	-5,18750638787	-7,40687568357
8,45	1,1344640138	-5,18750638787	7,27220521661
8,46	1,08210413624	-5,04206228354	19,3925472444
8,47	1,02974425868	-4,60572997054	12,1203420278
8,48	0,994837673637	-4,60572997054	-12,2550124947
8,49	0,942477796077	-5,04206228354	-20,2005700462
8,5	0,890117918517	-5,18750638787	-10,908307825
8,51	0,837758040957	-5,23598775598	0,134670466951
8,52	0,785398163397	-5,18750638787	11,8510010938
8,53	0,733038285838	-5,04206228354	24,9140363903
8,54	0,680678408278	-4,55724860243	25,0487068573
8,55	0,645771823238	-4,4118044981	12,7936943627
8,56	0,593411945678	-4,36332312999	4,84813681112
8,57	0,558505360638	-4,36332312999	1,88538653762
8,58	0,506145483078	-4,36332312999	4,84813681101
8,59	0,471238898038	-4,31484176188	12,7936943626
8,6	0,418879020479	-4,16939765754	25,1833773244
8,61	0,383972435439	-3,68458397643	25,9914001262
8,62	0,349065850399	-3,5391398721	17,5071607068
8,63	0,314159265359	-3,44217713588	17,6418311737
8,64	0,279252680319	-3,29673303154	26,9340933949
8,65	0,244346095279	-2,81191935044	29,8968436684
8,66	0,226892802759	-2,61799387799	25,5873887252
8,67	0,191986217719	-2,42406840555	29,7621732016
8,68	0,174532925199	-1,93925472444	26,1260705932
8,69	0,157079632679	-1,7938106201	13,8710580984
8,7	0,13962634016	-1,74532925199	9,42693268813
8,71	0,12217304764	-1,69684788388	13,8710580983
8,72	0,10471975512	-1,55140377955	26,1260705932
8,73	0,0872664625997	-1,06659009844	29,7621732015
8,74	0,0872664625997	-0,872664625996	25,5873887253
8,75	0,0698131700798	-0,678739153552	29,8968436684
8,76	0,0698131700798	-0,193925472444	26,9340933949
8,77	0,0698131700798	-0,0484813681109	17,6418311737
8,78	0,0698131700798	0,0484813681109	17,6418311737
8,79	0,0698131700798	0,193925472444	26,9340933949
8,8	0,0698131700798	0,678739153552	29,8968436684
8,81	0,0872664625997	0,872664625996	25,5873887253
8,82	0,0872664625997	1,06659009844	29,8968436685
8,83	0,10471975512	1,55140377955	26,934093395
8,84	0,12217304764	1,69684788388	17,6418311736
8,85	0,13962634016	1,7938106201	17,6418311736
8,86	0,157079632679	1,93925472444	26,799422928
8,87	0,174532925199	2,42406840555	28,9541503996
8,88	0,209439510239	2,61799387799	21,143263315
8,89	0,226892802759	2,76343798232	18,8538653765
8,9	0,261799387799	3,1028075591	10,2349554901
8,91	0,296705972839	2,86040071855	12,5243534286
8,92	0,314159265359	3,05432619099	37,438389819
8,93	0,349065850399	3,92699081699	34,6103100127
8,94	0,401425727959	4,07243492132	5,25214821207
8,95	0,436332312999	3,73306534454	0,808022801793
8,96	0,471238898038	3,78154671265	22,3552975177
8,97	0,506145483078	4,31484176187	33,6676167437
8,98	0,558505360638	4,79965544298	15,6217741691
8,99	0,610865238198	4,55724860243	0,538681867951
9	0,645771823238	4,55724860243	6,06017101395
9,01	0,698131700798	4,8481368111	1,07736373582
9,02	0,750491578358	4,55724860243	-0,269340933976
9,03	0,785398163397	4,60572997054	16,8338083719
9,04	0,837758040957	5,04206228354	21,277933782
9,05	0,890117918517	5,18750638787	11,8510010937
9,06	0,942477796077	5,23598775598	3,63610260834
9,07	0,994837673637	5,23598775598	-3,63610260834
9,08	1,0471975512	5,18750638787	-11,7163306269
9,09	1,09955742876	5,04206228354	-20,3352405132
9,1	1,15191730632	4,60572997054	-12,3896829616
9,11	1,18682389136	4,60572997054	11,312319226
9,12	1,23918376892	5,04206228354	15,6217741691
9,13	1,29154364648	5,13902501976	-0,94269326885
9,14	1,34390352404	5,04206228354	-20,4699109801
9,15	1,3962634016	4,55724860243	-24,2406840555
9,16	1,43116998664	4,4118044981	-13,6017171645
9,17	1,4835298642	4,36332312999	-9,42693268828
9,18	1,51843644924	4,31484176187	-13,7363876314
9,19	1,57079632679	4,16939765754	-25,1833773243
9,2	1,60570291183	3,68458397643	-25,1833773243
9,21	1,64060949687	3,5391398721	-13,7363876314
9,22	1,67551608191	3,49065850399	-9,42693268825
9,23	1,71042266695	3,44217713588	-13,8710580984
9,24	1,74532925199	3,29673303154	-26,1260705932
9,25	1,78023583703	2,81191935043	-29,7621732014
9,26	1,79768912955	2,61799387799	-25,5873887252
9,27	1,83259571459	2,42406840555	-29,7621732014
9,28	1,85004900711	1,93925472444	-26,1260705931
9,29	1,86750229963	1,79381062011	-13,8710580984
9,3	1,88495559215	1,745329252	-9,42693268834
9,31	1,90240888467	1,69684788388	-13,8710580985
9,32	1,91986217719	1,55140377955	-26,1260705932
9,33	1,93731546971	1,06659009844	-29,7621732014
9,34	1,93731546971	0,872664625996	-25,5873887252
9,35	1,95476876223	0,678739153552	-29,8968436684
9,36	1,95476876223	0,193925472444	-26,9340933949
9,37	1,95476876223	0,0484813681109	-17,6418311737
9,38	1,95476876223	-0,0484813681109	-17,6418311737
9,39	1,95476876223	-0,193925472444	-26,9340933949
9,4	1,95476876223	-0,678739153552	-29,8968436684
9,41	1,93731546971	-0,872664625996	-25,5873887252
9,42	1,93731546971	-1,06659009844	-29,8968436684
9,43	1,91986217719	-1,55140377955	-26,934093395
9,44	1,90240888467	-1,69684788388	-17,6418311738
9,45	1,88495559215	-1,79381062011	-17,6418311738
9,46	1,86750229963	-1,93925472444	-26,9340933949
9,47	1,85004900711	-2,42406840555	-29,8968436684
9,48	1,81514242207	-2,61799387799	-25,5873887252
9,49	1,79768912955	-2,81191935044	-29,7621732014
9,5	1,76278254451	-3,29673303154	-25,9914001261
9,51	1,72787595947	-3,44217713588	-13,0630352966
9,52	1,69296937443	-3,49065850399	-5,65615961299
9,53	1,65806278939	-3,49065850399	-5,65615961296
9,54	1,62315620435	-3,5391398721	-12,9283648296
9,55	1,58824961931	-3,68458397643	-25,0487068573
9,56	1,55334303427	-4,16939765754	-25,1833773243
9,57	1,50098315672	-4,31484176188	-13,6017171645
9,58	1,46607657168	-4,36332312999	-8,48423941941
9,59	1,41371669412	-4,4118044981	-9,1575917542
9,6	1,37881010908	-4,50876723432	-13,3323762305
9,61	1,32645023152	-4,84813681109	-4,71346634414
9,62	1,27409035396	-4,55724860243	-0,538681867979
9,63	1,23918376892	-4,60572997054	-16,9684788388
9,64	1,18682389136	-5,04206228354	-21,277933782
9,65	1,1344640138	-5,18750638787	-11,8510010938
9,66	1,08210413624	-5,23598775598	-3,63610260832
9,67	1,02974425868	-5,23598775598	3,63610260835
9,68	0,977384381117	-5,18750638787	11,7163306268
9,69	0,925024503557	-5,04206228354	20,4699109802
9,7	0,872664625997	-4,60572997054	13,1977057636
9,71	0,837758040957	-4,60572997054	-7,54154615055
9,72	0,785398163397	-4,99358091543	-7,54154615061
9,73	0,733038285838	-4,99358091543	13,1977057634
9,74	0,680678408278	-4,55724860243	20,6045814471
9,75	0,645771823238	-4,4118044981	12,6590238957
9,76	0,593411945678	-4,36332312999	8,34956895248
9,77	0,558505360638	-4,31484176187	9,1575917543
9,78	0,506145483078	-4,21787902565	13,3323762305
9,79	0,471238898038	-3,87850944888	4,84813681104
9,8	0,436332312999	-4,16939765754	1,48137513667
9,81	0,383972435439	-4,12091628943	21,681945183
9,82	0,349065850399	-3,63610260832	34,0716281448
9,83	0,314159265359	-3,34521439965	37,0343784181
9,84	0,279252680319	-2,81191935044	29,7621732014
9,85	0,261799387799	-2,6664752461	14,6790809003
9,86	0,226892802759	-2,61799387799	9,56160315521
9,87	0,209439510239	-2,56951250988	13,7363876314
9,88	0,174532925199	-2,42406840555	25,3180477913
9,89	0,157079632679	-1,93925472444	25,9914001262
9,9	0,13962634016	-1,7938106201	17,5071607067
9,91	0,12217304764	-1,69684788388	17,6418311736
9,92	0,10471975512	-1,55140377955	26,934093395
9,93	0,0872664625997	-1,06659009844	29,8968436685
9,94	0,0872664625997	-0,872664625996	25,7220591922
9,95	0,0698131700798	-0,678739153552	30,7048664703
9,96	0,0698131700798	-0,193925472444	30,7048664702
9,97	0,0698131700798	0	25,7220591922
9,98	0,0698131700798	0,193925472444	29,7621732014
9,99	0,0698131700798	0,678739153552	26,1260705931
10	0,0872664625997	0,824183257885	13,8710580984
10,01	0,0872664625997	0,872664625996	9,56160315528
10,02	0,10471975512	0,921145994108	14,6790809004
10,03	0,10471975512	1,06659009844	29,8968436685
10,04	0,12217304764	1,59988514766	37,8424012198
10,05	0,13962634016	1,89077335633	37,8424012198
10,06	0,157079632679	2,42406840555	29,8968436684
10,07	0,191986217719	2,56951250988	14,6790809003
10,08	0,209439510239	2,61799387799	9,5616031552
10,09	0,244346095279	2,6664752461	13,7363876314
10,1	0,261799387799	2,81191935044	25,3180477913
10,11	0,296705972839	3,29673303155	25,9914001262
10,12	0,331612557879	3,44217713588	17,3724902398
10,13	0,366519142919	3,5391398721	16,6991379049
10,14	0,401425727959	3,68458397643	22,3552975178
10,15	0,436332312999	4,12091628943	17,9111721076
10,16	0,488692190558	4,16939765754	4,30945494321
10,17	0,523598775598	3,92699081699	12,9283648296
10,18	0,558505360638	4,36332312999	26,3954115271
10,19	0,610865238198	4,79965544299	12,9283648296
10,2	0,663225115758	4,55724860243	4,17478447614
10,21	0,698131700798	4,60572997054	16,8338083718
10,22	0,750491578358	5,04206228354	16,8338083719
10,23	0,802851455917	5,13902501976	0,134670467055
10,24	0,855211333477	5,04206228354	-15,756444636
10,25	0,907571211037	4,60572997054	-11,3123192259
10,26	0,942477796077	4,60572997054	12,3896829617
10,27	0,994837673637	5,04206228354	20,2005700462
10,28	1,0471975512	5,18750638787	10,9083078249
10,29	1,09955742876	5,23598775598	2,63073513591E-011
10,3	1,15191730632	5,18750638787	-11,0429782919
10,31	1,20427718388	5,04206228354	-21,1432633151
10,32	1,25663706144	4,60572997054	-16,9684788388
10,33	1,29154364648	4,55724860243	-0,538681867871
10,34	1,34390352404	4,84813681109	-4,71346634404
10,35	1,3962634016	4,50876723432	-13,3323762305
10,36	1,43116998664	4,4118044981	-9,15759175436
10,37	1,4835298642	4,36332312999	-8,48423941946
10,38	1,51843644924	4,31484176187	-13,6017171645
10,39	1,57079632679	4,16939765754	-25,3180477912
10,4	1,60570291183	3,68458397643	-25,9914001261
10,41	1,64060949687	3,5391398721	-17,3724902397
10,42	1,67551608191	3,44217713588	-16,6991379049
10,43	1,71042266695	3,29673303155	-22,3552975178
10,44	1,74532925199	2,86040071855	-18,0458425747
10,45	1,76278254451	2,81191935043	-5,25214821204
10,46	1,79768912955	3,05432619099	-17,5071607067
10,47	1,83259571459	2,56951250988	-38,2464126208
10,48	1,85004900711	1,98773609255	-33,3982758097
10,49	1,86750229963	1,79381062011	-17,6418311737
10,5	1,88495559215	1,745329252	-11,042978292
10,51	1,90240888467	1,69684788388	-17,6418311738
10,52	1,91986217719	1,50292241144	-33,3982758098
10,53	1,93731546971	0,921145994107	-38,2464126208
10,54	1,93731546971	0,436332312998	-17,6418311737
10,55	1,93731546971	0,678739153552	-6,19484148084
10,56	1,95476876223	0,630257785441	-22,6246384517
10,57	1,95476876223	0,145444104333	-34,3409690785
10,58	1,95476876223	-0,145444104333	-37,8424012199
10,59	1,95476876223	-0,678739153552	-33,3982758097
10,6	1,93731546971	-0,872664625996	-22,0859565838
10,61	1,93731546971	-1,01810873033	-18,9885358434
10,62	1,91986217719	-1,3574783071	-10,2349554901
10,63	1,90240888467	-1,11507146655	-12,6590238957
10,64	1,90240888467	-1,308996939	-38,3810830879
10,65	1,88495559215	-2,18166156499	-39,0544354228
10,66	1,85004900711	-2,37558703744	-16,2951265039
10,67	1,83259571459	-2,18166156499	-17,5071607067
10,68	1,81514242207	-2,61799387799	-27,3381047959
10,69	1,78023583703	-3,05432619099	-13,0630352965
10,7	1,74532925199	-2,81191935043	-4,44412541019
10,71	1,72787595947	-2,86040071855	-18,7191949096
10,72	1,69296937443	-3,29673303155	-26,1260705931
10,73	1,65806278939	-3,49065850399	-24,7793659234
10,74	1,62315620435	-3,68458397643	-29,6275027344
10,75	1,58824961931	-4,16939765754	-26,1260705931
10,76	1,53588974175	-4,31484176187	-13,7363876315
10,77	1,50098315672	-4,36332312999	-8,48423941948
10,78	1,44862327916	-4,4118044981	-9,15759175428
10,79	1,41371669412	-4,50876723432	-13,3323762304
10,8	1,36135681656	-4,84813681109	-4,57879587711
10,81	1,308996939	-4,55724860243	0,404011400895
10,82	1,27409035396	-4,60572997054	-12,3896829618
10,83	1,2217304764	-4,99358091543	-9,42693268825
10,84	1,16937059884	-4,99358091543	8,34956895246
10,85	1,11701072128	-4,60572997054	7,67621661752
10,86	1,08210413624	-4,60572997054	-13,1977057635
10,87	1,02974425868	-5,04206228354	-20,3352405131
10,88	0,977384381117	-5,18750638787	-10,908307825
10,89	0,925024503557	-5,23598775598	2,36674877227E-011
10,9	0,872664625997	-5,18750638787	11,042978292
10,91	0,820304748437	-5,04206228354	21,1432633151
10,92	0,767944870877	-4,60572997054	16,9684788388
10,93	0,733038285838	-4,55724860243	0,673352334799
10,94	0,680678408278	-4,8481368111	5,52148914596
10,95	0,628318530718	-4,50876723432	16,9684788389
10,96	0,593411945678	-4,36332312999	16,4297969709
10,97	0,541052068118	-4,21787902565	16,9684788388
10,98	0,506145483078	-3,87850944888	5,52148914589
10,99	0,471238898038	-4,16939765754	0,808022801854
11	0,418879020479	-4,12091628943	17,9111721077
11,01	0,383972435439	-3,68458397643	25,9914001262
11,02	0,349065850399	-3,49065850399	24,7793659235
11,03	0,314159265359	-3,29673303154	29,6275027345
11,04	0,279252680319	-2,81191935044	26,1260705931
11,05	0,261799387799	-2,6664752461	13,8710580984
11,06	0,226892802759	-2,61799387799	9,42693268823
11,07	0,209439510239	-2,56951250988	13,8710580984
11,08	0,174532925199	-2,42406840555	26,1260705932
11,09	0,157079632679	-1,93925472444	29,7621732015
11,1	0,13962634016	-1,74532925199	25,7220591921
11,11	0,12217304764	-1,55140377955	30,7048664702
11,12	0,10471975512	-1,06659009844	30,7048664703
11,13	0,10471975512	-0,872664625997	25,7220591923
11,14	0,0872664625997	-0,678739153553	29,7621732015
11,15	0,0872664625997	-0,193925472444	26,1260705931
11,16	0,0872664625997	-0,0484813681109	13,8710580984
11,17	0,0872664625997	0	9,42693268823
11,18	0,0872664625997	0,0484813681109	13,8710580984
11,19	0,0872664625997	0,193925472444	26,1260705931
11,2	0,0872664625997	0,678739153553	29,7621732015
11,21	0,10471975512	0,872664625997	25,5873887253
11,22	0,10471975512	1,06659009844	29,8968436685
11,23	0,12217304764	1,55140377955	26,9340933949
11,24	0,13962634016	1,69684788388	17,6418311736
11,25	0,157079632679	1,7938106201	17,6418311737
11,26	0,174532925199	1,93925472444	26,9340933951
11,27	0,191986217719	2,42406840555	29,8968436685
11,28	0,226892802759	2,61799387799	25,5873887252
11,29	0,244346095279	2,81191935044	29,7621732014
11,3	0,279252680319	3,29673303154	25,991400126
11,31	0,314159265359	3,44217713588	13,0630352965
11,32	0,349065850399	3,49065850399	5,65615961302
11,33	0,383972435439	3,49065850399	5,65615961299
11,34	0,418879020479	3,5391398721	12,9283648296
11,35	0,453785605519	3,68458397643	25,0487068573
11,36	0,488692190558	4,16939765754	25,1833773243
11,37	0,541052068118	4,31484176187	13,7363876315
11,38	0,575958653158	4,36332312999	9,29226222134
11,39	0,628318530718	4,4118044981	12,7936943626
11,4	0,663225115758	4,55724860243	20,6045814471
11,41	0,715584993318	4,99358091543	13,1977057635
11,42	0,767944870877	4,99358091543	-7,54154615061
11,43	0,820304748437	4,60572997054	-7,54154615066
11,44	0,855211333477	4,60572997054	13,1977057635
11,45	0,907571211037	5,04206228354	20,3352405132
11,46	0,959931088597	5,18750638787	10,9083078251
11,47	1,01229096616	5,23598775599	7,89442585377E-011
11,48	1,06465084372	5,18750638787	-11,042978292
11,49	1,11701072128	5,04206228354	-21,1432633152
11,5	1,16937059884	4,60572997054	-16,8338083719
11,51	1,20427718388	4,55724860243	0,269340933925
11,52	1,25663706144	4,84813681109	-0,942693268804
11,53	1,308996939	4,55724860243	-5,11747774499
11,54	1,34390352404	4,55724860243	3,90544354235
11,55	1,3962634016	4,8481368111	-4,71346634411
11,56	1,44862327916	4,50876723432	-17,7765016407
11,57	1,4835298642	4,36332312999	-21,0085928481
11,58	1,53588974175	4,16939765754	-28,8194799326
11,59	1,57079632679	3,68458397643	-25,8567296591
11,6	1,60570291183	3,5391398721	-13,0630352965
11,61	1,64060949687	3,49065850399	-5,65615961294
11,62	1,67551608191	3,49065850399	-5,65615961296
11,63	1,71042266695	3,44217713588	-13,0630352966
11,64	1,74532925199	3,29673303154	-25,9914001262
11,65	1,78023583703	2,81191935043	-29,7621732014
11,66	1,79768912955	2,61799387799	-25,5873887252
11,67	1,83259571459	2,42406840555	-29,8968436684
11,68	1,85004900711	1,93925472444	-26,9340933949
11,69	1,86750229963	1,79381062011	-17,6418311737
11,7	1,88495559215	1,69684788388	-17,6418311738
11,71	1,90240888467	1,55140377955	-26,9340933951
11,72	1,91986217719	1,06659009844	-29,8968436685
11,73	1,91986217719	0,872664625996	-25,5873887252
11,74	1,93731546971	0,678739153552	-29,7621732014
11,75	1,93731546971	0,193925472444	-26,1260705931
11,76	1,93731546971	0,0484813681109	-13,8710580984
11,77	1,93731546971	0	-9,42693268823
11,78	1,93731546971	-0,0484813681109	-13,8710580984
11,79	1,93731546971	-0,193925472444	-26,1260705931
11,8	1,93731546971	-0,678739153552	-29,7621732014
11,81	1,91986217719	-0,872664625996	-25,7220591922
11,82	1,91986217719	-1,06659009844	-30,7048664703
11,83	1,90240888467	-1,55140377955	-30,7048664704
11,84	1,88495559215	-1,745329252	-25,7220591923
11,85	1,86750229963	-1,93925472444	-29,7621732014
11,86	1,85004900711	-2,42406840555	-26,1260705931
11,87	1,81514242207	-2,56951250988	-13,8710580984
11,88	1,79768912955	-2,61799387799	-9,4269326882
11,89	1,76278254451	-2,6664752461	-13,7363876314
11,9	1,74532925199	-2,81191935044	-25,3180477913
11,91	1,71042266695	-3,29673303155	-25,9914001262
11,92	1,67551608191	-3,44217713588	-17,3724902398
11,93	1,64060949687	-3,5391398721	-16,6991379049
11,94	1,60570291183	-3,68458397643	-22,3552975178
11,95	1,57079632679	-4,12091628943	-17,9111721076
11,96	1,51843644924	-4,16939765754	-4,30945494321
11,97	1,4835298642	-3,92699081699	-12,9283648296
11,98	1,44862327916	-4,36332312999	-26,3954115271
11,99	1,3962634016	-4,79965544299	-12,7936943626
12	1,34390352404	-4,55724860243	-3,36676167429
12,01	1,308996939	-4,60572997054	-13,1977057635
12,02	1,25663706144	-4,99358091543	-9,56160315518
12,03	1,20427718388	-4,99358091543	8,34956895241
12,04	1,15191730632	-4,60572997054	7,67621661748
12,05	1,11701072128	-4,60572997054	-13,0630352967
12,06	1,06465084372	-5,04206228354	-19,5272177114
12,07	1,01229096616	-5,18750638787	-7,27220521655
12,08	0,959931088597	-5,18750638787	7,27220521676
12,09	0,907571211037	-5,04206228354	19,5272177114
12,1	0,855211333477	-4,60572997054	13,0630352965
12,11	0,820304748437	-4,60572997054	-7,54154615066
12,12	0,767944870877	-4,99358091543	-7,54154615061
12,13	0,715584993318	-4,99358091543	13,1977057635
12,14	0,663225115758	-4,55724860243	20,6045814471
12,15	0,628318530718	-4,4118044981	12,7936943626
12,16	0,575958653158	-4,36332312999	9,29226222134
12,17	0,541052068118	-4,31484176187	13,7363876315
12,18	0,488692190558	-4,16939765754	25,1833773243
12,19	0,453785605519	-3,68458397643	25,1833773243
12,2	0,418879020479	-3,5391398721	13,7363876314
12,21	0,383972435439	-3,49065850399	9,42693268828
12,22	0,349065850399	-3,44217713588	13,7363876315
12,23	0,314159265359	-3,29673303154	25,1833773243
12,24	0,279252680319	-2,81191935044	25,1833773242
12,25	0,261799387799	-2,6664752461	13,7363876315
12,26	0,226892802759	-2,61799387799	9,56160315521
12,27	0,209439510239	-2,56951250988	14,6790809002
12,28	0,174532925199	-2,42406840555	29,7621732015
12,29	0,157079632679	-1,89077335633	37,0343784181
12,3	0,13962634016	-1,59988514766	34,2062986116
12,31	0,12217304764	-1,11507146655	22,6246384516
12,32	0,12217304764	-1,06659009844	6,19484148076
12,33	0,10471975512	-1,308996939	17,6418311738
12,34	0,0872664625997	-0,824183257886	38,3810830879
12,35	0,0872664625997	-0,242406840555	34,2062986116
12,36	0,0872664625997	-0,0484813681109	21,277933782
12,37	0,0872664625997	0,0484813681109	18,4498539755
12,38	0,0872664625997	0,193925472444	27,0687638619
12,39	0,0872664625997	0,678739153553	29,8968436685
12,4	0,10471975512	0,872664625997	25,5873887253
12,41	0,10471975512	1,06659009844	29,7621732015
12,42	0,12217304764	1,55140377955	26,126070593
12,43	0,13962634016	1,69684788388	13,8710580983
12,44	0,157079632679	1,74532925199	9,42693268823
12,45	0,174532925199	1,7938106201	13,8710580985
12,46	0,191986217719	1,93925472444	26,1260705932
12,47	0,209439510239	2,42406840555	29,7621732014
12,48	0,244346095279	2,61799387799	25,5873887252
12,49	0,261799387799	2,81191935044	29,7621732015
12,5	0,296705972839	3,29673303155	25,9914001262
12,51	0,331612557879	3,44217713588	13,0630352966
12,52	0,366519142919	3,49065850399	5,65615961294
12,53	0,401425727959	3,49065850399	5,65615961294
12,54	0,436332312999	3,5391398721	12,9283648296
12,55	0,471238898038	3,68458397643	25,0487068573
12,56	0,506145483078	4,16939765754	25,1833773243
12,57	0,558505360638	4,31484176187	13,7363876314
12,58	0,593411945678	4,36332312999	9,29226222131
12,59	0,645771823238	4,4118044981	12,7936943627
12,6	0,680678408278	4,55724860243	20,6045814471
12,61	0,733038285838	4,99358091543	13,1977057634
12,62	0,785398163397	4,99358091543	-7,54154615061
12,63	0,837758040957	4,60572997054	-7,54154615055
12,64	0,872664625997	4,60572997054	13,0630352966
12,65	0,925024503557	5,04206228354	19,5272177114
12,66	0,977384381117	5,18750638787	7,27220521661
12,67	1,02974425868	5,18750638787	-7,2722052166
12,68	1,08210413624	5,04206228354	-19,5272177113
12,69	1,1344640138	4,60572997054	-13,0630352966
12,7	1,16937059884	4,60572997054	7,54154615061
12,71	1,2217304764	4,99358091543	7,54154615056
12,72	1,27409035396	4,99358091543	-13,1977057636
12,73	1,32645023152	4,55724860243	-20,6045814472
12,74	1,36135681656	4,4118044981	-12,6590238956
12,75	1,41371669412	4,36332312999	-8,34956895238
12,76	1,44862327916	4,31484176188	-9,15759175433
12,77	1,50098315672	4,21787902565	-13,4670466976
12,78	1,53588974175	3,87850944887	-5,65615961294
12,79	1,57079632679	4,16939765754	-5,11747774493
12,8	1,62315620435	4,07243492132	-28,9541503996
12,81	1,65806278939	3,49065850399	-42,5558675641
12,82	1,69296937443	2,90888208666	-28,9541503996
12,83	1,71042266695	2,81191935044	-5,25214821201
12,84	1,74532925199	3,1028075591	-6,5988528818
12,85	1,78023583703	2,76343798232	-18,0458425746
12,86	1,79768912955	2,61799387799	-21,008592848
12,87	1,83259571459	2,42406840555	-28,9541503996
12,88	1,85004900711	1,93925472444	-26,799422928
12,89	1,86750229963	1,79381062011	-17,6418311737
12,9	1,88495559215	1,69684788388	-17,6418311738
12,91	1,90240888467	1,55140377955	-26,9340933951
12,92	1,91986217719	1,06659009844	-29,8968436685
12,93	1,91986217719	0,872664625996	-25,5873887252
12,94	1,93731546971	0,678739153552	-29,8968436684
12,95	1,93731546971	0,193925472444	-26,9340933949
12,96	1,93731546971	0,0484813681109	-17,6418311737
12,97	1,93731546971	-0,0484813681109	-17,6418311737
12,98	1,93731546971	-0,193925472444	-26,9340933949
12,99	1,93731546971	-0,678739153552	-29,8968436684
13	1,91986217719	-0,872664625996	-25,5873887252
13,01	1,91986217719	-1,06659009844	-29,7621732015
13,02	1,90240888467	-1,55140377955	-26,1260705932
13,03	1,88495559215	-1,69684788388	-14,0057285655
13,04	1,86750229963	-1,745329252	-10,23495549
13,05	1,85004900711	-1,7938106201	-17,5071607067
13,06	1,83259571459	-1,98773609255	-33,3982758098
13,07	1,81514242207	-2,56951250988	-38,2464126209
13,08	1,78023583703	-3,05432619099	-17,5071607067
13,09	1,74532925199	-2,81191935043	-5,25214821204
13,1	1,72787595947	-2,86040071855	-18,0458425747
13,11	1,69296937443	-3,29673303155	-22,3552975178
13,12	1,65806278939	-3,44217713588	-16,6991379049
13,13	1,62315620435	-3,5391398721	-17,3724902397
13,14	1,58824961931	-3,68458397643	-25,9914001261
13,15	1,55334303427	-4,16939765754	-25,3180477913
13,16	1,50098315672	-4,31484176188	-13,6017171645
13,17	1,46607657168	-4,36332312999	-8,48423941941
13,18	1,41371669412	-4,4118044981	-9,1575917542
13,19	1,37881010908	-4,50876723432	-13,3323762305
13,2	1,32645023152	-4,84813681109	-4,57879587717
13,21	1,27409035396	-4,55724860243	0,404011400849
13,22	1,23918376892	-4,60572997054	-12,3896829617
13,23	1,18682389136	-4,99358091543	-9,42693268815
13,24	1,1344640138	-4,99358091543	8,34956895246
13,25	1,08210413624	-4,60572997054	7,8108870845
13,26	1,0471975512	-4,60572997054	-12,2550124948
13,27	0,994837673637	-5,04206228354	-15,891115103
13,28	0,942477796077	-5,13902501976	0,134670467002
13,29	0,890117918517	-5,04206228354	16,6991379048
13,3	0,837758040957	-4,60572997054	16,02578557
13,31	0,802851455917	-4,55724860243	0,404011401004
13,32	0,750491578358	-4,84813681109	4,71346634414
13,33	0,698131700798	-4,50876723432	13,3323762305
13,34	0,663225115758	-4,4118044981	9,02292128723
13,35	0,610865238198	-4,36332312999	7,54154615058
13,36	0,575958653158	-4,31484176188	9,02292128738
13,37	0,523598775598	-4,21787902565	13,4670466975
13,38	0,488692190558	-3,87850944888	5,65615961296
13,39	0,453785605519	-4,16939765754	5,11747774505
13,4	0,401425727959	-4,07243492132	28,9541503996
13,41	0,366519142919	-3,49065850399	42,5558675641
13,42	0,331612557879	-2,90888208666	28,9541503996
13,43	0,314159265359	-2,81191935043	5,25214821201
13,44	0,279252680319	-3,1028075591	6,59885288169
13,45	0,244346095279	-2,76343798233	18,0458425746
13,46	0,226892802759	-2,61799387799	21,1432633151
13,47	0,191986217719	-2,42406840555	29,7621732016
13,48	0,174532925199	-1,93925472444	30,5701960034
13,49	0,157079632679	-1,74532925199	25,7220591922
13,5	0,13962634016	-1,55140377955	29,7621732014
13,51	0,12217304764	-1,06659009844	26,126070593
13,52	0,12217304764	-0,921145994111	13,8710580983
13,53	0,10471975512	-0,872664626	9,56160315528
13,54	0,10471975512	-0,824183257886	14,6790809004
13,55	0,0872664625997	-0,678739153553	29,8968436685
13,56	0,0872664625997	-0,145444104333	37,9770716869
13,57	0,0872664625997	0,145444104333	38,6504240218
13,58	0,0872664625997	0,678739153553	33,5329462768
13,59	0,10471975512	0,872664625997	21,951286117
13,6	0,10471975512	1,01810873033	18,1805130417
13,61	0,12217304764	1,35747830711	6,59885288169
13,62	0,13962634016	1,06659009844	5,38681867888
13,63	0,13962634016	1,16355283466	29,7621732014
13,64	0,157079632679	1,74532925199	46,3266406394
13,65	0,174532925199	2,37558703744	37,1690488851
13,66	0,209439510239	2,56951250988	18,3151835086
13,67	0,226892802759	2,61799387799	10,3696259571
13,68	0,261799387799	2,6664752461	13,8710580984
13,69	0,279252680319	2,81191935044	25,1833773242
13,7	0,314159265359	3,29673303154	25,1833773243
13,71	0,349065850399	3,44217713588	13,7363876315
13,72	0,383972435439	3,49065850399	9,29226222131
13,73	0,418879020479	3,5391398721	12,9283648296
13,74	0,453785605519	3,68458397643	21,547274716
13,75	0,488692190558	4,12091628943	17,7765016407
13,76	0,541052068118	4,16939765754	4,30945494324
13,77	0,575958653158	3,92699081699	12,9283648296
13,78	0,610865238198	4,36332312999	26,395411527
13,79	0,663225115758	4,79965544298	12,7936943625
13,8	0,715584993318	4,55724860243	3,36676167434
13,81	0,750491578358	4,60572997054	13,1977057635
13,82	0,802851455917	4,99358091543	9,56160315528
13,83	0,855211333477	4,99358091543	-8,34956895241
13,84	0,907571211037	4,60572997054	-7,67621661758
13,85	0,942477796077	4,60572997054	13,0630352966
13,86	0,994837673637	5,04206228354	19,5272177113
13,87	1,0471975512	5,18750638787	7,2722052166
13,88	1,09955742876	5,18750638787	-7,40687568358
13,89	1,15191730632	5,04206228354	-20,3352405132
13,9	1,20427718388	4,60572997054	-16,8338083719
13,91	1,23918376892	4,55724860243	-0,538681867928
13,92	1,29154364648	4,84813681109	-4,71346634409
13,93	1,34390352404	4,50876723432	-13,3323762304
13,94	1,37881010908	4,4118044981	-9,15759175428
13,95	1,43116998664	4,36332312999	-8,48423941948
13,96	1,46607657168	4,31484176187	-13,6017171645
13,97	1,51843644924	4,16939765754	-25,1833773243
13,98	1,55334303427	3,68458397643	-25,0487068573
13,99	1,58824961931	3,5391398721	-12,9283648296
14	1,62315620435	3,49065850399	-5,65615961294
14,01	1,65806278939	3,49065850399	-5,65615961296
14,02	1,69296937443	3,44217713588	-13,0630352966
14,03	1,72787595947	3,29673303154	-25,9914001262
14,04	1,76278254451	2,81191935043	-29,7621732014
14,05	1,78023583703	2,61799387799	-25,5873887252
14,06	1,81514242207	2,42406840555	-29,8968436685
14,07	1,83259571459	1,93925472444	-26,934093395
14,08	1,85004900711	1,7938106201	-17,6418311736
14,09	1,86750229963	1,69684788388	-17,5071607067
14,1	1,88495559215	1,55140377955	-25,9914001262
14,11	1,90240888467	1,06659009844	-25,3180477914
14,12	1,90240888467	0,921145994107	-13,8710580985
14,13	1,91986217719	0,872664625996	-10,3696259571
14,14	1,91986217719	0,824183257885	-18,3151835086
14,15	1,93731546971	0,630257785441	-37,169048885
14,16	1,93731546971	0	-46,4613111063
14,17	1,93731546971	-0,581776417331	-30,7048664702
14,18	1,91986217719	-0,678739153552	-9,96561455613
14,19	1,91986217719	-0,436332312998	-18,4498539756
14,2	1,91986217719	-0,921145994107	-38,3810830879
14,21	1,90240888467	-1,50292241144	-33,2636053429
14,22	1,88495559215	-1,69684788388	-16,6991379049
14,23	1,86750229963	-1,745329252	-6,59885288171
14,24	1,85004900711	-1,74532925199	-6,5988528817
14,25	1,83259571459	-1,7938106201	-16,6991379049
14,26	1,81514242207	-1,98773609255	-33,2636053428
14,27	1,79768912955	-2,56951250988	-38,2464126208
14,28	1,76278254451	-3,05432619099	-17,5071607067
14,29	1,72787595947	-2,81191935044	-5,38681867907
14,3	1,71042266695	-2,86040071855	-18,8538653765
14,31	1,67551608191	-3,29673303155	-25,9914001261
14,32	1,64060949687	-3,49065850399	-23,9713431215
14,33	1,60570291183	-3,68458397643	-25,9914001261
14,34	1,57079632679	-4,12091628943	-18,7191949095
14,35	1,51843644924	-4,16939765754	-4,44412541019
14,36	1,4835298642	-3,92699081699	-12,9283648296
14,37	1,44862327916	-4,36332312999	-26,2607410601
14,38	1,3962634016	-4,79965544299	-11,9856715607
14,39	1,34390352404	-4,55724860243	0,269340934029
14,4	1,308996939	-4,55724860243	-5,92550054683
14,41	1,25663706144	-4,84813681109	-1,07736373578
14,42	1,20427718388	-4,55724860243	0,404011400899
14,43	1,16937059884	-4,60572997054	-15,8911151031
14,44	1,11701072128	-5,04206228354	-16,699137905
14,45	1,06465084372	-5,13902501976	-0,134670467055
14,46	1,01229096616	-5,04206228354	15,8911151031
14,47	0,959931088597	-4,60572997054	12,2550124948
14,48	0,925024503557	-4,60572997054	-7,81088708445
14,49	0,872664625997	-4,99358091543	-8,34956895241
14,5	0,820304748437	-4,99358091543	9,56160315518
14,51	0,767944870877	-4,60572997054	13,1977057635
14,52	0,733038285838	-4,55724860243	3,36676167429
14,53	0,680678408278	-4,79965544299	12,7936943626
14,54	0,628318530718	-4,36332312999	26,3954115271
14,55	0,593411945678	-3,92699081699	12,9283648296
14,56	0,558505360638	-4,16939765754	4,30945494321
14,57	0,506145483078	-4,12091628943	17,7765016407
14,58	0,471238898038	-3,68458397643	21,412604249
14,59	0,436332312999	-3,5391398721	12,1203420277
14,6	0,401425727959	-3,49065850399	5,52148914596
14,61	0,366519142919	-3,49065850399	5,65615961294
14,62	0,331612557879	-3,44217713588	13,0630352966
14,63	0,296705972839	-3,29673303155	25,9914001262
14,64	0,261799387799	-2,81191935044	29,7621732015
14,65	0,244346095279	-2,61799387799	25,5873887252
14,66	0,209439510239	-2,42406840555	29,8968436684
14,67	0,191986217719	-1,93925472444	26,934093395
14,68	0,174532925199	-1,7938106201	17,6418311738
14,69	0,157079632679	-1,69684788388	17,6418311737
14,7	0,13962634016	-1,55140377955	26,9340933949
14,71	0,12217304764	-1,06659009844	29,8968436683
14,72	0,12217304764	-0,872664626	25,5873887251
14,73	0,10471975512	-0,678739153556	29,7621732015
14,74	0,10471975512	-0,193925472445	26,1260705932
14,75	0,10471975512	-0,0484813681112	14,0057285654
14,76	0,10471975512	0	10,2349554901
14,77	0,10471975512	0,0484813681112	17,5071607068
14,78	0,10471975512	0,242406840556	33,3982758099
14,79	0,10471975512	0,824183257889	38,2464126209
14,8	0,12217304764	1,308996939	17,6418311736
14,81	0,13962634016	1,06659009844	6,19484148071
14,82	0,13962634016	1,11507146655	22,6246384517
14,83	0,157079632679	1,59988514766	34,2062986116
14,84	0,174532925199	1,89077335633	37,0343784182
14,85	0,191986217719	2,42406840555	29,7621732016
14,86	0,226892802759	2,56951250988	14,6790809003
14,87	0,244346095279	2,61799387799	9,56160315518
14,88	0,279252680319	2,6664752461	13,7363876313
14,89	0,296705972839	2,81191935043	25,3180477912
14,9	0,331612557879	3,29673303154	25,9914001262
14,91	0,366519142919	3,44217713588	17,3724902398
14,92	0,401425727959	3,5391398721	16,6991379049
14,93	0,436332312999	3,68458397643	22,3552975178
14,94	0,471238898038	4,12091628943	17,9111721076
14,95	0,523598775598	4,16939765754	4,30945494319
14,96	0,558505360638	3,92699081699	12,9283648296
14,97	0,593411945678	4,36332312999	26,2607410601
14,98	0,645771823238	4,79965544298	11,9856715608
14,99	0,698131700798	4,55724860243	-0,269340933948
15	0,733038285838	4,55724860243	5,92550054681
15,01	0,785398163397	4,84813681109	1,07736373577
15,02	0,837758040957	4,55724860243	-0,404011400895
15,03	0,872664625997	4,60572997054	15,8911151031
15,04	0,925024503557	5,04206228354	16,6991379049
15,05	0,977384381117	5,13902501976	0,134670466948
15,06	1,02974425868	5,04206228354	-15,891115103
15,07	1,08210413624	4,60572997054	-12,2550124947
15,08	1,11701072128	4,60572997054	7,67621661752
15,09	1,16937059884	4,99358091543	7,54154615061
15,1	1,2217304764	4,99358091543	-13,1977057635
15,11	1,27409035396	4,55724860243	-20,4699109802
15,12	1,308996939	4,4118044981	-11,8510010938
15,13	1,36135681656	4,36332312999	-4,71346634414
15,14	1,3962634016	4,36332312999	-1,88538653765
15,15	1,44862327916	4,36332312999	-4,84813681109
15,16	1,4835298642	4,31484176187	-12,7936943626
15,17	1,53588974175	4,16939765754	-25,1833773243
15,18	1,57079632679	3,68458397643	-25,9914001261
15,19	1,60570291183	3,5391398721	-17,3724902397
15,2	1,64060949687	3,44217713588	-16,6991379049
15,21	1,67551608191	3,29673303155	-22,3552975178
15,22	1,71042266695	2,86040071855	-18,0458425747
15,23	1,72787595947	2,81191935044	-5,2521482121
15,24	1,76278254451	3,05432619099	-17,5071607067
15,25	1,79768912955	2,56951250988	-38,2464126208
15,26	1,81514242207	1,98773609255	-33,3982758098
15,27	1,83259571459	1,7938106201	-17,5071607068
15,28	1,85004900711	1,74532925199	-10,23495549
15,29	1,86750229963	1,69684788388	-14,0057285653
15,3	1,88495559215	1,55140377955	-26,1260705932
15,31	1,90240888467	1,06659009844	-29,7621732015
15,32	1,90240888467	0,872664625996	-25,5873887253
15,33	1,91986217719	0,678739153552	-29,8968436684
15,34	1,91986217719	0,193925472444	-26,9340933949
15,35	1,91986217719	0,0484813681109	-17,6418311737
15,36	1,91986217719	-0,0484813681109	-17,6418311737
15,37	1,91986217719	-0,193925472444	-26,9340933949
15,38	1,91986217719	-0,678739153552	-29,8968436684
15,39	1,90240888467	-0,872664625996	-25,5873887253
15,4	1,90240888467	-1,06659009844	-29,7621732015
15,41	1,88495559215	-1,55140377955	-26,1260705932
15,42	1,86750229963	-1,69684788388	-13,8710580983
15,43	1,85004900711	-1,74532925199	-9,42693268817
15,44	1,83259571459	-1,7938106201	-13,8710580985
15,45	1,81514242207	-1,93925472444	-26,1260705932
15,46	1,79768912955	-2,42406840555	-29,7621732014
15,47	1,76278254451	-2,61799387799	-25,5873887252
15,48	1,74532925199	-2,81191935044	-29,7621732015
15,49	1,71042266695	-3,29673303155	-25,9914001262
15,5	1,67551608191	-3,44217713588	-13,0630352966
15,51	1,64060949687	-3,49065850399	-5,65615961292
15,52	1,60570291183	-3,49065850399	-5,65615961289
15,53	1,57079632679	-3,5391398721	-12,9283648295
15,54	1,53588974175	-3,68458397643	-25,0487068573
15,55	1,50098315672	-4,16939765754	-25,1833773244
15,56	1,44862327916	-4,31484176188	-13,6017171645
15,57	1,41371669412	-4,36332312999	-8,48423941935
15,58	1,36135681656	-4,4118044981	-9,15759175426
15,59	1,32645023152	-4,50876723432	-13,3323762305
15,6	1,27409035396	-4,84813681109	-4,57879587722
15,61	1,2217304764	-4,55724860243	0,4040114009
15,62	1,18682389136	-4,60572997054	-12,3896829616
15,63	1,1344640138	-4,99358091543	-9,42693268825
15,64	1,08210413624	-4,99358091543	8,48423941943
15,65	1,02974425868	-4,60572997054	8,61890988646
15,66	0,994837673637	-4,60572997054	-8,61890988635
15,67	0,942477796077	-4,99358091543	-8,48423941943
15,68	0,890117918517	-4,99358091543	9,42693268815
15,69	0,837758040957	-4,60572997054	12,3896829617
15,7	0,802851455917	-4,55724860243	-0,404011400849
15,71	0,750491578358	-4,84813681109	4,57879587717
15,72	0,698131700798	-4,50876723432	13,3323762305
15,73	0,663225115758	-4,4118044981	9,1575917542
15,74	0,610865238198	-4,36332312999	8,48423941941
15,75	0,575958653158	-4,31484176188	13,6017171645
15,76	0,523598775598	-4,16939765754	25,1833773243
15,77	0,488692190558	-3,68458397643	25,0487068573
15,78	0,453785605519	-3,5391398721	12,9283648296
15,79	0,418879020479	-3,49065850399	5,65615961296
15,8	0,383972435439	-3,49065850399	5,65615961299
15,81	0,349065850399	-3,44217713588	13,0630352966
15,82	0,314159265359	-3,29673303154	25,9914001261
15,83	0,279252680319	-2,81191935044	29,7621732014
15,84	0,261799387799	-2,61799387799	25,5873887252
15,85	0,226892802759	-2,42406840555	29,7621732014
15,86	0,209439510239	-1,93925472444	26,1260705931
15,87	0,191986217719	-1,79381062011	13,8710580985
15,88	0,174532925199	-1,74532925199	9,42693268836
15,89	0,157079632679	-1,69684788388	13,8710580984
15,9	0,13962634016	-1,55140377955	26,126070593
15,91	0,12217304764	-1,06659009844	29,7621732013
15,92	0,12217304764	-0,872664626	25,7220591921
15,93	0,10471975512	-0,678739153556	30,7048664703
15,94	0,10471975512	-0,193925472445	30,7048664704
15,95	0,10471975512	0	25,7220591923
15,96	0,10471975512	0,193925472445	29,7621732016
15,97	0,10471975512	0,678739153556	26,1260705932
15,98	0,12217304764	0,824183257889	13,8710580983
15,99	0,12217304764	0,872664625997	9,56160315507
16	0,13962634016	0,921145994107	14,6790809002
16,01	0,13962634016	1,06659009844	29,8968436684
16,02	0,157079632679	1,59988514766	37,8424012199
16,03	0,174532925199	1,89077335633	37,84240122
16,04	0,191986217719	2,42406840555	29,8968436685
16,05	0,226892802759	2,56951250988	14,6790809003
16,06	0,244346095279	2,61799387799	9,56160315518
16,07	0,279252680319	2,6664752461	13,7363876313
16,08	0,296705972839	2,81191935043	25,1833773243
16,09	0,331612557879	3,29673303154	25,0487068574
16,1	0,366519142919	3,44217713588	12,9283648296
16,11	0,401425727959	3,49065850399	5,65615961296
16,12	0,436332312999	3,49065850399	5,65615961294
16,13	0,471238898038	3,5391398721	12,9283648296
16,14	0,506145483078	3,68458397643	25,0487068573
16,15	0,541052068118	4,16939765754	25,1833773243
16,16	0,593411945678	4,31484176187	13,6017171644
16,17	0,628318530718	4,36332312998	8,48423941943
16,18	0,680678408278	4,4118044981	9,15759175433
16,19	0,715584993318	4,50876723432	13,3323762306
16,2	0,767944870877	4,8481368111	4,71346634411
16,21	0,820304748437	4,55724860243	0,404011400849
16,22	0,855211333477	4,60572997054	16,02578557
16,23	0,907571211037	5,04206228354	16,6991379049
16,24	0,959931088597	5,13902501976	0,134670467054
16,25	1,01229096616	5,04206228354	-15,891115103
16,26	1,06465084372	4,60572997054	-12,2550124947
16,27	1,09955742876	4,60572997054	7,67621661758
16,28	1,15191730632	4,99358091543	7,54154615056
16,29	1,20427718388	4,99358091543	-13,1977057636
16,3	1,25663706144	4,55724860243	-20,4699109802
16,31	1,29154364648	4,4118044981	-11,8510010937
16,32	1,34390352404	4,36332312999	-4,71346634404
16,33	1,37881010908	4,36332312999	-1,88538653765
16,34	1,43116998664	4,36332312999	-4,84813681117
16,35	1,46607657168	4,31484176187	-12,7936943626
16,36	1,51843644924	4,16939765754	-25,0487068573
16,37	1,55334303427	3,68458397643	-25,1833773243
16,38	1,58824961931	3,5391398721	-13,7363876314
16,39	1,62315620435	3,49065850399	-9,42693268823
16,4	1,65806278939	3,44217713588	-13,8710580984
16,41	1,69296937443	3,29673303154	-25,9914001262
16,42	1,72787595947	2,81191935044	-28,8194799327
16,43	1,74532925199	2,61799387799	-21,1432633151
16,44	1,78023583703	2,47254977366	-18,8538653764
16,45	1,79768912955	2,13318019688	-10,23495549
16,46	1,81514242207	2,37558703744	-12,6590238957
16,47	1,85004900711	2,18166156499	-38,2464126209
16,48	1,86750229963	1,308996939	-38,2464126207
16,49	1,86750229963	1,11507146655	-12,6590238956
16,5	1,88495559215	1,35747830711	-10,2349554902
16,51	1,90240888467	1,01810873033	-18,8538653766
16,52	1,90240888467	0,872664625996	-21,2779337821
16,53	1,91986217719	0,678739153552	-29,7621732014
16,54	1,91986217719	0,193925472443	-30,5701960032
16,55	1,91986217719	0	-25,8567296591
16,56	1,91986217719	-0,193925472443	-30,7048664702
16,57	1,91986217719	-0,678739153552	-30,7048664702
16,58	1,90240888467	-0,872664625996	-25,7220591922
16,59	1,90240888467	-1,06659009844	-29,7621732015
16,6	1,88495559215	-1,55140377955	-26,1260705932
16,61	1,86750229963	-1,69684788388	-13,8710580983
16,62	1,85004900711	-1,74532925199	-9,42693268817
16,63	1,83259571459	-1,7938106201	-13,7363876315
16,64	1,81514242207	-1,93925472444	-25,1833773243
16,65	1,79768912955	-2,42406840555	-25,1833773242
16,66	1,76278254451	-2,56951250988	-13,7363876314
16,67	1,74532925199	-2,61799387799	-9,56160315523
16,68	1,71042266695	-2,6664752461	-14,6790809002
16,69	1,69296937443	-2,81191935043	-29,7621732014
16,7	1,65806278939	-3,34521439966	-37,0343784181
16,71	1,62315620435	-3,63610260832	-34,0716281446
16,72	1,58824961931	-4,12091628943	-21,681945183
16,73	1,53588974175	-4,16939765754	-1,48137513678
16,74	1,50098315672	-3,87850944888	-4,84813681117
16,75	1,46607657168	-4,21787902565	-13,3323762305
16,76	1,41371669412	-4,31484176187	-9,02292128723
16,77	1,37881010908	-4,36332312998	-7,54154615055
16,78	1,32645023152	-4,4118044981	-9,02292128733
16,79	1,29154364648	-4,50876723432	-13,3323762306
16,8	1,23918376892	-4,8481368111	-4,57879587714
16,81	1,18682389136	-4,55724860243	0,404011400998
16,82	1,15191730632	-4,60572997054	-12,3896829616
16,83	1,09955742876	-4,99358091543	-9,42693268825
16,84	1,0471975512	-4,99358091543	8,48423941932
16,85	0,994837673637	-4,60572997054	8,61890988635
16,86	0,959931088597	-4,60572997054	-8,48423941937
16,87	0,907571211037	-4,99358091543	-7,67621661758
16,88	0,855211333477	-4,99358091543	13,1977057635
16,89	0,802851455917	-4,55724860243	20,4699109802
16,9	0,767944870877	-4,4118044981	11,8510010938
16,91	0,715584993318	-4,36332312998	4,71346634414
16,92	0,680678408278	-4,36332312998	1,88538653765
16,93	0,628318530718	-4,36332312998	4,84813681109
16,94	0,593411945678	-4,31484176187	12,7936943626
16,95	0,541052068118	-4,16939765754	25,0487068573
16,96	0,506145483078	-3,68458397643	25,0487068573
16,97	0,471238898038	-3,5391398721	12,9283648296
16,98	0,436332312999	-3,49065850399	5,65615961294
16,99	0,401425727959	-3,49065850399	5,65615961296
17	0,366519142919	-3,44217713588	13,0630352966
17,01	0,331612557879	-3,29673303154	25,8567296592
17,02	0,296705972839	-2,81191935043	28,8194799326
17,03	0,279252680319	-2,61799387799	21,143263315
17,04	0,244346095279	-2,47254977366	18,8538653765
17,05	0,226892802759	-2,13318019688	10,2349554901
17,06	0,209439510239	-2,37558703744	12,6590238956
17,07	0,174532925199	-2,18166156499	38,3810830879
17,08	0,157079632679	-1,30899693899	39,1891058898
17,09	0,157079632679	-1,11507146655	17,2378197728
17,1	0,13962634016	-1,30899693899	22,0859565839
17,11	0,12217304764	-0,824183257885	39,1891058896
17,12	0,12217304764	-0,242406840554	33,3982758097
17,13	0,12217304764	-0,0484813681109	16,6991379049
17,14	0,12217304764	0	6,59885288176
17,15	0,12217304764	0	6,59885288176
17,16	0,12217304764	0,0484813681109	16,6991379049
17,17	0,12217304764	0,242406840554	33,2636053427
17,18	0,12217304764	0,824183257885	38,3810830878
17,19	0,13962634016	1,30899693899	18,4498539755
17,2	0,157079632679	1,06659009844	9,83094408918
17,21	0,157079632679	1,16355283466	29,8968436684
17,22	0,174532925199	1,74532925199	42,8252084981
17,23	0,191986217719	2,32710566933	29,8968436685
17,24	0,226892802759	2,42406840555	9,69627362218
17,25	0,244346095279	2,18166156499	17,5071607067
17,26	0,261799387799	2,6664752461	33,9369576777
17,27	0,296705972839	3,19977029532	22,3552975178
17,28	0,331612557879	3,24825166343	0,808022801825
17,29	0,366519142919	2,90888208666	5,11747774499
17,3	0,383972435439	3,05432619099	33,8022872107
17,31	0,418879020479	3,92699081699	33,6676167438
17,32	0,471238898038	4,07243492132	4,30945494319
17,33	0,506145483078	3,73306534454	-2,82807980658
17,34	0,541052068118	3,73306534454	14,9484218342
17,35	0,575958653158	4,16939765754	24,3753545225
17,36	0,628318530718	4,36332312999	20,0658995793
17,37	0,663225115758	4,50876723432	17,6418311736
17,38	0,715584993318	4,84813681109	4,71346634409
17,39	0,767944870877	4,55724860243	-3,90544354223
17,4	0,802851455917	4,55724860243	5,11747774512
17,41	0,855211333477	4,8481368111	0,808022801871
17,42	0,907571211037	4,55724860243	-1,2120342028
17,43	0,942477796077	4,60572997054	12,2550124947
17,44	0,994837673637	4,99358091543	9,29226222123
17,45	1,0471975512	4,99358091543	-9,29226222133
17,46	1,09955742876	4,60572997054	-12,2550124947
17,47	1,1344640138	4,55724860243	1,2120342028
17,48	1,18682389136	4,84813681109	-0,808022801773
17,49	1,23918376892	4,55724860243	-5,11747774504
17,5	1,27409035396	4,55724860243	3,90544354219
17,51	1,32645023152	4,84813681109	-4,71346634414
17,52	1,37881010908	4,50876723432	-17,7765016406
17,53	1,41371669412	4,36332312999	-21,008592848
17,54	1,46607657168	4,16939765754	-28,8194799326
17,55	1,50098315672	3,68458397643	-25,8567296593
17,56	1,53588974175	3,5391398721	-12,9283648296
17,57	1,57079632679	3,49065850399	-4,84813681103
17,58	1,60570291183	3,49065850399	-2,02005700457
17,59	1,64060949687	3,49065850399	-5,65615961292
17,6	1,67551608191	3,44217713588	-16,5644674379
17,61	1,71042266695	3,24825166343	-33,2636053428
17,62	1,74532925199	2,6664752461	-38,2464126209
17,63	1,76278254451	2,18166156499	-17,5071607067
17,64	1,78023583703	2,42406840555	-5,38681867898
17,65	1,81514242207	2,37558703744	-18,8538653765
17,66	1,83259571459	1,93925472444	-26,1260705931
17,67	1,85004900711	1,74532925199	-24,9140363903
17,68	1,86750229963	1,55140377955	-30,5701960032
17,69	1,88495559215	1,06659009844	-30,7048664703
17,7	1,88495559215	0,872664625997	-25,7220591923
17,71	1,90240888467	0,678739153553	-29,7621732015
17,72	1,90240888467	0,193925472443	-26,1260705931
17,73	1,90240888467	0,0484813681109	-13,8710580984
17,74	1,90240888467	0	-9,42693268823
17,75	1,90240888467	-0,0484813681109	-13,8710580984
17,76	1,90240888467	-0,193925472443	-26,1260705931
17,77	1,90240888467	-0,678739153553	-29,7621732015
17,78	1,88495559215	-0,872664625997	-25,5873887253
17,79	1,88495559215	-1,06659009844	-29,8968436685
17,8	1,86750229963	-1,55140377955	-26,9340933949
17,81	1,85004900711	-1,69684788388	-17,6418311736
17,82	1,83259571459	-1,7938106201	-17,5071607068
17,83	1,81514242207	-1,93925472444	-25,9914001262
17,84	1,79768912955	-2,42406840555	-25,3180477912
17,85	1,76278254451	-2,56951250988	-13,7363876314
17,86	1,74532925199	-2,61799387799	-9,42693268826
17,87	1,71042266695	-2,6664752461	-13,8710580984
17,88	1,69296937443	-2,81191935043	-26,1260705931
17,89	1,65806278939	-3,29673303154	-29,6275027345
17,9	1,62315620435	-3,49065850399	-24,7793659234
17,91	1,58824961931	-3,68458397643	-25,9914001261
17,92	1,55334303427	-4,12091628943	-17,9111721076
17,93	1,50098315672	-4,16939765754	-0,673352334899
17,94	1,46607657168	-3,87850944888	-4,71346634416
17,95	1,43116998664	-4,21787902565	-13,3323762306
17,96	1,37881010908	-4,31484176188	-9,15759175428
17,97	1,34390352404	-4,36332312999	-8,34956895235
17,98	1,29154364648	-4,4118044981	-12,6590238956
17,99	1,25663706144	-4,55724860243	-20,6045814471
18	1,20427718388	-4,99358091543	-13,1977057636
18,01	1,15191730632	-4,99358091543	7,67621661753
18,02	1,09955742876	-4,60572997054	8,48423941943
18,03	1,06465084372	-4,60572997054	-8,6189098864
18,04	1,01229096616	-4,99358091543	-8,48423941938
18,05	0,959931088597	-4,99358091543	9,42693268831
18,06	0,907571211037	-4,60572997054	12,3896829617
18,07	0,872664625997	-4,55724860243	-0,404011400905
18,08	0,820304748437	-4,84813681109	4,57879587712
18,09	0,767944870877	-4,50876723432	13,3323762304
18,1	0,733038285838	-4,4118044981	9,02292128722
18,11	0,680678408278	-4,36332312999	7,54154615058
18,12	0,645771823238	-4,31484176187	9,02292128738
18,13	0,593411945678	-4,21787902565	13,3323762305
18,14	0,558505360638	-3,87850944888	4,84813681111
18,15	0,523598775598	-4,16939765754	1,48137513673
18,16	0,471238898038	-4,12091628943	21,5472747159
18,17	0,436332312999	-3,63610260832	33,2636053427
18,18	0,401425727959	-3,34521439966	33,2636053428
18,19	0,366519142919	-2,86040071855	21,547274716
18,2	0,349065850399	-2,81191935044	1,61604560378
18,21	0,314159265359	-3,1028075591	5,79083007993
18,22	0,279252680319	-2,76343798232	17,9111721076
18,23	0,261799387799	-2,61799387799	21,0085928481
18,24	0,226892802759	-2,42406840555	28,9541503996
18,25	0,209439510239	-1,93925472444	26,7994229279
18,26	0,191986217719	-1,79381062011	17,6418311738
18,27	0,174532925199	-1,69684788388	17,6418311738
18,28	0,157079632679	-1,55140377955	26,934093395
18,29	0,13962634016	-1,06659009844	29,8968436684
18,3	0,13962634016	-0,872664625996	25,5873887252
18,31	0,12217304764	-0,678739153552	29,8968436684
18,32	0,12217304764	-0,193925472443	26,9340933949
18,33	0,12217304764	-0,0484813681109	17,6418311737
18,34	0,12217304764	0,0484813681109	17,6418311737
18,35	0,12217304764	0,193925472443	26,799422928
18,36	0,12217304764	0,678739153552	29,0888208665
18,37	0,13962634016	0,872664625996	21,9512861169
18,38	0,13962634016	1,01810873033	22,4899679848
18,39	0,157079632679	1,40595967522	17,5071607068
18,4	0,174532925199	1,26051557088	21,1432633152
18,41	0,174532925199	1,745329252	30,3008550694
18,42	0,209439510239	2,18166156499	14,5444104332
18,43	0,226892802759	1,93925472444	8,2148984854
18,44	0,244346095279	2,03621746066	25,9914001262
18,45	0,261799387799	2,56951250988	34,6103100126
18,46	0,296705972839	3,05432619099	16,8338083718
18,47	0,331612557879	2,81191935043	6,06017101389
18,48	0,349065850399	2,86040071855	22,4899679849
18,49	0,383972435439	3,34521439966	33,3982758098
18,5	0,418879020479	3,63610260832	33,2636053428
18,51	0,453785605519	4,12091628943	21,5472747159
18,52	0,506145483078	4,16939765754	1,48137513659
18,53	0,541052068118	3,87850944887	4,84813681109
18,54	0,575958653158	4,21787902565	13,1977057636
18,55	0,628318530718	4,31484176188	8,2148984855
18,56	0,663225115758	4,36332312999	3,90544354221
18,57	0,715584993318	4,36332312998	1,75071607065
18,58	0,750491578358	4,36332312998	4,71346634414
18,59	0,802851455917	4,4118044981	11,8510010938
18,6	0,837758040957	4,55724860243	20,4699109801
18,61	0,890117918517	4,99358091543	13,1977057634
18,62	0,942477796077	4,99358091543	-7,67621661758
18,63	0,994837673637	4,60572997054	-8,48423941937
18,64	1,02974425868	4,60572997054	8,48423941948
18,65	1,08210413624	4,99358091543	7,67621661758
18,66	1,1344640138	4,99358091543	-13,0630352966
18,67	1,18682389136	4,55724860243	-19,6618881783
18,68	1,2217304764	4,4118044981	-8,21489848548
18,69	1,27409035396	4,4118044981	2,69340933941
18,7	1,308996939	4,50876723432	7,54154615053
18,71	1,36135681656	4,79965544298	-8,34956895245
18,72	1,41371669412	4,36332312998	-25,4527182582
18,73	1,44862327916	3,92699081699	-12,7936943626
18,74	1,4835298642	4,16939765754	-4,44412541016
18,75	1,53588974175	4,12091628943	-18,7191949095
18,76	1,57079632679	3,68458397643	-25,9914001261
18,77	1,60570291183	3,49065850399	-23,9713431215
18,78	1,64060949687	3,29673303155	-25,9914001261
18,79	1,67551608191	2,86040071855	-18,8538653765
18,8	1,69296937443	2,81191935044	-5,38681867906
18,81	1,72787595947	3,05432619099	-17,5071607068
18,82	1,76278254451	2,56951250988	-38,2464126209
18,83	1,78023583703	1,98773609255	-33,2636053427
18,84	1,79768912955	1,79381062011	-16,6991379048
18,85	1,81514242207	1,745329252	-6,46418241484
18,86	1,83259571459	1,74532925199	-5,79083007997
18,87	1,85004900711	1,69684788388	-13,0630352965
18,88	1,86750229963	1,55140377955	-25,9914001261
18,89	1,88495559215	1,06659009844	-29,7621732015
18,9	1,88495559215	0,872664625997	-25,5873887253
18,91	1,90240888467	0,678739153553	-29,8968436684
18,92	1,90240888467	0,193925472443	-26,934093395
18,93	1,90240888467	0,0484813681109	-17,6418311737
18,94	1,90240888467	-0,0484813681109	-17,6418311737
18,95	1,90240888467	-0,193925472443	-26,934093395
18,96	1,90240888467	-0,678739153553	-29,8968436684
18,97	1,88495559215	-0,872664625997	-25,5873887253
18,98	1,88495559215	-1,06659009844	-29,8968436685
18,99	1,86750229963	-1,55140377955	-26,9340933949
19	1,85004900711	-1,69684788388	-17,6418311736
19,01	1,83259571459	-1,7938106201	-17,5071607068
19,02	1,81514242207	-1,93925472444	-25,9914001262
19,03	1,79768912955	-2,42406840555	-25,3180477912
19,04	1,76278254451	-2,56951250988	-13,7363876314
19,05	1,74532925199	-2,61799387799	-9,42693268826
19,06	1,71042266695	-2,6664752461	-13,7363876314
19,07	1,69296937443	-2,81191935043	-25,3180477913
19,08	1,65806278939	-3,29673303154	-25,9914001262
19,09	1,62315620435	-3,44217713588	-17,5071607068
19,1	1,58824961931	-3,5391398721	-17,5071607067
19,11	1,55334303427	-3,68458397643	-25,9914001261
19,12	1,51843644924	-4,16939765754	-25,1833773243
19,13	1,46607657168	-4,31484176187	-12,7936943626
19,14	1,43116998664	-4,36332312999	-4,84813681117
19,15	1,37881010908	-4,36332312999	-1,75071607067
19,16	1,34390352404	-4,36332312999	-3,90544354218
19,17	1,29154364648	-4,4118044981	-8,2148984854
19,18	1,25663706144	-4,50876723432	-13,0630352965
19,19	1,20427718388	-4,84813681109	-3,77077307531
19,2	1,15191730632	-4,55724860243	4,04011400919
19,21	1,11701072128	-4,55724860243	-5,11747774512
19,22	1,06465084372	-4,8481368111	-0,808022801872
19,23	1,01229096616	-4,55724860243	1,2120342028
19,24	0,977384381117	-4,60572997054	-12,1203420277
19,25	0,925024503557	-4,99358091543	-8,48423941938
19,26	0,872664625997	-4,99358091543	13,0630352966
19,27	0,820304748437	-4,55724860243	20,4699109802
19,28	0,785398163397	-4,4118044981	11,8510010937
19,29	0,733038285838	-4,36332312999	4,71346634404
19,3	0,698131700798	-4,36332312999	1,88538653765
19,31	0,645771823238	-4,36332312999	4,84813681117
19,32	0,610865238198	-4,31484176187	12,7936943626
19,33	0,558505360638	-4,16939765754	25,0487068573
19,34	0,523598775598	-3,68458397643	25,0487068573
19,35	0,488692190558	-3,5391398721	12,9283648296
19,36	0,453785605519	-3,49065850399	5,65615961294
19,37	0,418879020479	-3,49065850399	5,65615961296
19,38	0,383972435439	-3,44217713588	13,0630352966
19,39	0,349065850399	-3,29673303154	25,8567296592
19,4	0,314159265359	-2,81191935043	28,8194799326
19,41	0,296705972839	-2,61799387799	21,143263315
19,42	0,261799387799	-2,47254977366	18,8538653765
19,43	0,244346095279	-2,13318019688	10,2349554901
19,44	0,226892802759	-2,37558703744	12,6590238956
19,45	0,191986217719	-2,18166156499	38,3810830879
19,46	0,174532925199	-1,30899693899	39,0544354228
19,47	0,174532925199	-1,11507146655	16,295126504
19,48	0,157079632679	-1,30899693899	17,5071607067
19,49	0,13962634016	-0,872664625996	27,4727752628
19,5	0,13962634016	-0,436332312998	14,0057285654
19,51	0,13962634016	-0,678739153552	8,88825082033
19,52	0,12217304764	-0,58177641733	29,7621732014
19,53	0,12217304764	0	42,8252084979
19,54	0,12217304764	0,58177641733	29,8968436684
19,55	0,13962634016	0,678739153552	9,83094408915
19,56	0,13962634016	0,436332312998	18,4498539755
19,57	0,13962634016	0,921145994107	38,3810830878
19,58	0,157079632679	1,50292241144	33,3982758098
19,59	0,174532925199	1,69684788388	17,5071607068
19,6	0,191986217719	1,745329252	10,2349554902
19,61	0,209439510239	1,79381062011	14,0057285654
19,62	0,226892802759	1,93925472444	25,9914001261
19,63	0,244346095279	2,42406840555	28,8194799326
19,64	0,279252680319	2,61799387799	21,008592848
19,65	0,296705972839	2,76343798232	18,0458425746
19,66	0,331612557879	3,1028075591	6,59885288179
19,67	0,366519142919	2,81191935044	5,25214821201
19,68	0,383972435439	2,90888208666	28,9541503996
19,69	0,418879020479	3,49065850399	42,5558675641
19,7	0,453785605519	4,07243492132	28,9541503996
19,71	0,506145483078	4,16939765754	5,11747774493
19,72	0,541052068118	3,87850944887	5,65615961294
19,73	0,575958653158	4,21787902565	13,3323762306
19,74	0,628318530718	4,31484176188	8,2148984855
19,75	0,663225115758	4,36332312999	3,90544354221
19,76	0,715584993318	4,36332312998	1,75071607065
19,77	0,750491578358	4,36332312998	4,71346634414
19,78	0,802851455917	4,4118044981	11,8510010938
19,79	0,837758040957	4,55724860243	20,4699109801
19,8	0,890117918517	4,99358091543	13,0630352965
19,81	0,942477796077	4,99358091543	-8,48423941943
19,82	0,994837673637	4,60572997054	-12,1203420277
19,83	1,02974425868	4,55724860243	1,21203420285
19,84	1,08210413624	4,8481368111	-0,808022801824
19,85	1,1344640138	4,55724860243	-5,11747774506
19,86	1,16937059884	4,55724860243	4,04011400927
19,87	1,2217304764	4,8481368111	-3,77077307531
19,88	1,27409035396	4,50876723432	-13,1977057636
19,89	1,308996939	4,4118044981	-9,15759175433
19,9	1,36135681656	4,36332312998	-8,48423941943
19,91	1,3962634016	4,31484176187	-13,6017171644
19,92	1,44862327916	4,16939765754	-25,1833773243
19,93	1,4835298642	3,68458397643	-25,0487068573
19,94	1,51843644924	3,5391398721	-12,7936943626
19,95	1,55334303427	3,49065850399	-4,71346634405
19,96	1,58824961931	3,49065850399	-0,942693268501
19,97	1,62315620435	3,49065850399	-0,134670466012
19,98	1,65806278939	3,490658504	2,0835673927E-009
19,99	1,69296937443	3,49065850404	3,07333541336E-009
20	1,72787595947	3,49065850407	3,60725770251E-009
