Vernier Format 2
Файл.gmbl 07.12.2019 14:40:39 ,
Новый
Время	Угол	Скорость	Ускорение
t	Угол	v	a
с	rad	rad/с	rad/с²

0	0	0	0
0,01	0	0	0
0,02	0	0	0
0,03	0	0	0
0,04	0	0	0
0,05	0	0	0
0,06	0	0	0
0,07	0	0	0
0,08	0	0	0
0,09	0	0	0
0,1	0	0	0
0,11	0	0	0
0,12	0	0	0
0,13	0	0	0
0,14	0	0	0
0,15	0	0	0
0,16	0	0	0
0,17	0	0	0
0,18	0	0	0
0,19	0	0	0
0,2	0	0	0
0,21	0	0	0
0,22	0	0	0
0,23	0	0	0
0,24	0	0	0
0,25	0	0	0
0,26	0	0	0
0,27	0	0	0
0,28	0	0	0
0,29	0	0	0
0,3	0	0	0
0,31	0	0	0
0,32	0	0	0
0,33	0	0	0
0,34	0	0	0
0,35	0	0	0
0,36	0	0	0
0,37	0	0	0
0,38	0	0	0
0,39	0	0	0
0,4	0	0	0
0,41	0	0	0
0,42	0	0	0
0,43	0	0	0
0,44	0	0	0
0,45	0	0	0
0,46	0	0	0
0,47	0	0	0
0,48	0	0	0
0,49	0	0	0
0,5	0	0	0
0,51	0	0	0
0,52	0	0	0
0,53	0	0	0
0,54	0	0	0
0,55	0	0	0
0,56	0	0	0
0,57	0	0	0
0,58	0	0	0
0,59	0	0	0
0,6	0	0	0
0,61	0	0	0
0,62	0	0	0
0,63	0	0	0
0,64	0	0	0
0,65	0	0	0
0,66	0	0	0
0,67	0	0	0
0,68	0	0	0
0,69	0	0	0
0,7	0	0	0
0,71	0	0	0
0,72	0	0	0
0,73	0	0	0
0,74	0	0	0
0,75	0	0	0
0,76	0	0	0
0,77	0	0	0
0,78	0	0	0
0,79	0	0	0
0,8	0	0	0
0,81	0	0	0
0,82	0	0	0
0,83	0	0	0
0,84	0	0	0,134670466976
0,85	0	0	0,942693268829
0,86	0	0	4,57879587717
0,87	0	0,0484813681112	11,8510010938
0,88	0	0,193925472445	20,3352405133
0,89	0	0,630257785446	12,3896829617
0,9	0,01745329252	0,630257785446	-11,312319226
0,91	0,01745329252	0,193925472445	-15,6217741692
0,92	0,01745329252	0,0969627362221	0,942693268746
0,93	0,01745329252	0,193925472444	20,4699109801
0,94	0,01745329252	0,678739153552	24,1060135885
0,95	0,0349065850399	0,824183257885	12,6590238956
0,96	0,0349065850399	0,872664625996	4,71346634411
0,97	0,0523598775599	0,872664625996	0,942693268824
0,98	0,0523598775599	0,872664625996	0,269340933955
0,99	0,0698131700798	0,872664625996	0,808022801878
1	0,0698131700798	0,872664625996	3,77077307537
1,01	0,0872664625997	0,921145994108	8,21489848559
1,02	0,0872664625997	1,01810873033	13,1977057636
1,03	0,10471975512	1,35747830711	4,71346634404
1,04	0,12217304764	1,06659009844	0,538681867796
1,05	0,12217304764	1,11507146655	16,8338083718
1,06	0,13962634016	1,55140377955	20,3352405133
1,07	0,157079632679	1,69684788388	7,40687568368
1,08	0,1745329252	1,69684788388	-7,27220521671
1,09	0,191986217719	1,55140377955	-19,3925472445
1,1	0,209439510239	1,11507146655	-12,1203420278
1,11	0,209439510239	1,11507146655	12,2550124947
1,12	0,226892802759	1,55140377955	20,3352405133
1,13	0,244346095279	1,69684788388	11,8510010939
1,14	0,261799387799	1,745329252	4,57879587709
1,15	0,279252680319	1,74532925199	0,942693268767
1,16	0,296705972839	1,74532925199	5,52712196998E-011
1,17	0,314159265359	1,745329252	-0,942693268772
1,18	0,331612557879	1,745329252	-4,57879587722
1,19	0,349065850399	1,69684788388	-11,8510010939
1,2	0,366519142919	1,55140377955	-20,3352405132
1,21	0,383972435439	1,11507146655	-12,2550124946
1,22	0,383972435439	1,11507146655	12,1203420278
1,23	0,401425727959	1,55140377955	19,3925472443
1,24	0,418879020479	1,69684788388	7,27220521651
1,25	0,436332312999	1,69684788388	-7,40687568365
1,26	0,453785605519	1,55140377955	-20,3352405131
1,27	0,471238898038	1,11507146655	-16,8338083717
1,28	0,471238898038	1,06659009844	-0,53868186782
1,29	0,488692190558	1,35747830711	-4,71346634419
1,3	0,506145483078	1,01810873033	-13,1977057636
1,31	0,506145483078	0,921145994107	-8,21489848553
1,32	0,523598775598	0,872664625996	-3,77077307529
1,33	0,523598775598	0,872664625996	-0,808022801777
1,34	0,541052068118	0,872664625997	-0,269340933818
1,35	0,541052068118	0,872664626	-0,942693268743
1,36	0,558505360638	0,872664626	-4,57879587722
1,37	0,558505360638	0,824183257886	-11,8510010939
1,38	0,575958653158	0,678739153553	-20,4699109802
1,39	0,575958653158	0,242406840554	-13,1977057635
1,4	0,575958653158	0,242406840554	7,54154615058
1,41	0,575958653158	0,630257785441	7,54154615058
1,42	0,593411945678	0,630257785441	-13,3323762305
1,43	0,593411945678	0,193925472444	-21,412604249
1,44	0,593411945678	0,0484813681109	-16,4297969709
1,45	0,593411945678	-0,0484813681109	-16,4297969709
1,46	0,593411945678	-0,193925472444	-21,412604249
1,47	0,593411945678	-0,630257785441	-13,3323762305
1,48	0,575958653158	-0,630257785441	7,67621661756
1,49	0,575958653158	-0,242406840554	8,34956895243
1,5	0,575958653158	-0,242406840554	-9,42693268823
1,51	0,575958653158	-0,630257785441	-12,3896829617
1,52	0,558505360638	-0,678739153553	0,269340933872
1,53	0,558505360638	-0,387850944888	-5,38681867912
1,54	0,558505360638	-0,727220521667	-16,9684788389
1,55	0,541052068118	-0,872664626	-16,4297969708
1,56	0,541052068118	-1,01810873033	-16,8338083717
1,57	0,523598775598	-1,3574783071	-4,57879587709
1,58	0,506145483078	-1,06659009844	3,90544354222
1,59	0,506145483078	-1,06659009844	-5,11747774516
1,6	0,488692190558	-1,35747830711	-0,942693268902
1,61	0,471238898038	-1,06659009844	0,404011401004
1,62	0,471238898038	-1,11507146655	-15,8911151029
1,63	0,453785605519	-1,55140377955	-16,6991379048
1,64	0,436332312999	-1,64836651577	-0,134670466975
1,65	0,418879020479	-1,55140377955	15,756444636
1,66	0,401425727959	-1,11507146655	11,3123192257
1,67	0,401425727959	-1,11507146655	-12,3896829618
1,68	0,383972435439	-1,55140377955	-20,3352405131
1,69	0,366519142919	-1,69684788388	-11,8510010937
1,7	0,349065850399	-1,74532925199	-4,57879587719
1,71	0,331612557879	-1,745329252	-0,808022801904
1,72	0,314159265359	-1,745329252	0,808022801904
1,73	0,296705972839	-1,74532925199	4,57879587719
1,74	0,279252680319	-1,69684788388	11,8510010937
1,75	0,261799387799	-1,55140377955	20,3352405131
1,76	0,244346095279	-1,11507146655	12,2550124948
1,77	0,244346095279	-1,11507146655	-12,2550124946
1,78	0,226892802759	-1,55140377955	-20,2005700462
1,79	0,209439510239	-1,69684788388	-10,908307825
1,8	0,191986217719	-1,74532925199	-1,26315624627E-010
1,81	0,1745329252	-1,69684788388	11,0429782918
1,82	0,157079632679	-1,55140377955	21,1432633151
1,83	0,13962634016	-1,11507146655	16,833808372
1,84	0,13962634016	-1,06659009844	-0,269340933902
1,85	0,12217304764	-1,3574783071	0,942693268775
1,86	0,10471975512	-1,06659009844	5,11747774491
1,87	0,10471975512	-1,06659009844	-4,04011400932
1,88	0,0872664625997	-1,35747830711	3,77077307537
1,89	0,0698131700798	-1,01810873033	13,1977057637
1,9	0,0698131700798	-0,921145994107	9,02292128738
1,91	0,0523598775599	-0,872664625996	7,54154615061
1,92	0,0523598775599	-0,824183257885	9,02292128731
1,93	0,0349065850399	-0,727220521663	13,3323762305
1,94	0,0349065850399	-0,387850944887	4,71346634411
1,95	0,0349065850399	-0,678739153552	0,538681867899
1,96	0,01745329252	-0,630257785441	16,9684788388
1,97	0,01745329252	-0,193925472444	21,277933782
1,98	0,01745329252	-0,0484813681109	11,9856715607
1,99	0,01745329252	0	4,57879587714
2	0,01745329252	0	0,942693268823
2,01	0,01745329252	0	0,134670466975
2,02	0,01745329252	0	0,134670466975
2,03	0,01745329252	0	0,942693268823
2,04	0,01745329252	0	4,57879587714
2,05	0,01745329252	0,0484813681109	11,9856715607
2,06	0,01745329252	0,193925472444	21,277933782
2,07	0,01745329252	0,630257785441	16,9684788388
2,08	0,0349065850399	0,678739153552	0,538681867899
2,09	0,0349065850399	0,387850944887	4,71346634411
2,1	0,0349065850399	0,727220521663	13,3323762305
2,11	0,0523598775599	0,824183257885	9,02292128731
2,12	0,0523598775599	0,872664625996	7,54154615061
2,13	0,0698131700798	0,921145994107	9,02292128738
2,14	0,0698131700798	1,01810873033	13,1977057637
2,15	0,0872664625997	1,35747830711	3,77077307537
2,16	0,10471975512	1,06659009844	-4,04011400932
2,17	0,10471975512	1,06659009844	5,11747774491
2,18	0,12217304764	1,35747830711	0,942693268775
2,19	0,13962634016	1,06659009844	-0,269340933902
2,2	0,13962634016	1,11507146655	16,833808372
2,21	0,157079632679	1,55140377955	21,1432633151
2,22	0,1745329252	1,69684788388	11,0429782918
2,23	0,191986217719	1,74532925199	-1,26321175742E-010
2,24	0,209439510239	1,69684788388	-10,908307825
2,25	0,226892802759	1,55140377955	-20,2005700462
2,26	0,244346095279	1,11507146655	-12,2550124946
2,27	0,244346095279	1,11507146655	12,2550124948
2,28	0,261799387799	1,55140377955	20,3352405131
2,29	0,279252680319	1,69684788388	11,8510010937
2,3	0,296705972839	1,74532925199	4,5787958772
2,31	0,314159265359	1,745329252	0,808022801904
2,32	0,331612557879	1,745329252	-0,808022801904
2,33	0,349065850399	1,74532925199	-4,5787958772
2,34	0,366519142919	1,69684788388	-11,8510010937
2,35	0,383972435439	1,55140377955	-20,3352405131
2,36	0,401425727959	1,11507146655	-12,3896829618
2,37	0,401425727959	1,11507146655	11,3123192257
2,38	0,418879020479	1,55140377955	15,756444636
2,39	0,436332312999	1,64836651577	-0,134670466975
2,4	0,453785605519	1,55140377955	-16,6991379048
2,41	0,471238898038	1,11507146655	-15,8911151029
2,42	0,471238898038	1,06659009844	0,404011401004
2,43	0,488692190558	1,35747830711	-1,07736373588
2,44	0,506145483078	1,06659009844	-5,92550054702
2,45	0,506145483078	1,06659009844	0,269340933878
2,46	0,523598775598	1,30899693899	-11,8510010938
2,47	0,541052068118	0,872664625996	-25,3180477912
2,48	0,541052068118	0,436332312999	-8,3495689523
2,49	0,541052068118	0,727220521667	7,54154615066
2,5	0,558505360638	0,824183257889	2,69340933941
2,51	0,558505360638	0,824183257886	-8,21489848559
2,52	0,575958653158	0,678739153553	-19,6618881784
2,53	0,575958653158	0,242406840554	-13,0630352966
2,54	0,575958653158	0,242406840554	7,54154615058
2,55	0,575958653158	0,630257785441	7,54154615058
2,56	0,593411945678	0,630257785441	-13,3323762305
2,57	0,593411945678	0,193925472444	-21,412604249
2,58	0,593411945678	0,0484813681109	-16,4297969709
2,59	0,593411945678	-0,0484813681109	-16,4297969709
2,6	0,593411945678	-0,193925472444	-21,412604249
2,61	0,593411945678	-0,630257785441	-13,3323762305
2,62	0,575958653158	-0,630257785441	7,54154615058
2,63	0,575958653158	-0,242406840554	7,54154615058
2,64	0,575958653158	-0,242406840554	-13,1977057635
2,65	0,575958653158	-0,678739153553	-20,4699109802
2,66	0,558505360638	-0,824183257886	-11,8510010939
2,67	0,558505360638	-0,872664626	-4,57879587722
2,68	0,541052068118	-0,872664626	-0,942693268743
2,69	0,541052068118	-0,872664625997	-0,269340933818
2,7	0,523598775598	-0,872664625996	-0,808022801777
2,71	0,523598775598	-0,872664625996	-3,77077307529
2,72	0,506145483078	-0,921145994107	-8,21489848553
2,73	0,506145483078	-1,01810873033	-13,1977057636
2,74	0,488692190558	-1,35747830711	-4,71346634419
2,75	0,471238898038	-1,06659009844	-0,53868186782
2,76	0,471238898038	-1,11507146655	-16,8338083717
2,77	0,453785605519	-1,55140377955	-20,3352405131
2,78	0,436332312999	-1,69684788388	-7,40687568365
2,79	0,418879020479	-1,69684788388	7,27220521651
2,8	0,401425727959	-1,55140377955	19,3925472443
2,81	0,383972435439	-1,11507146655	12,1203420278
2,82	0,383972435439	-1,11507146655	-12,2550124946
2,83	0,366519142919	-1,55140377955	-20,3352405132
2,84	0,349065850399	-1,69684788388	-11,8510010939
2,85	0,331612557879	-1,745329252	-4,57879587722
2,86	0,314159265359	-1,745329252	-0,942693268772
2,87	0,296705972839	-1,74532925199	5,52656685847E-011
2,88	0,279252680319	-1,74532925199	0,942693268767
2,89	0,261799387799	-1,745329252	4,57879587709
2,9	0,244346095279	-1,69684788388	11,8510010939
2,91	0,226892802759	-1,55140377955	20,3352405133
2,92	0,209439510239	-1,11507146655	12,3896829617
2,93	0,209439510239	-1,11507146655	-11,3123192259
2,94	0,191986217719	-1,55140377955	-15,7564446362
2,95	0,1745329252	-1,64836651577	-7,98250354706E-011
2,96	0,157079632679	-1,55140377955	15,8911151031
2,97	0,13962634016	-1,11507146655	12,2550124948
2,98	0,13962634016	-1,11507146655	-7,67621661756
2,99	0,12217304764	-1,50292241144	-7,54154615068
3	0,10471975512	-1,50292241144	13,1977057634
3,01	0,0872664625997	-1,06659009844	20,4699109802
3,02	0,0872664625997	-0,921145994108	11,8510010939
3,03	0,0698131700798	-0,872664625996	4,71346634419
3,04	0,0698131700798	-0,872664625996	1,7507160707
3,05	0,0523598775599	-0,872664625996	3,90544354227
3,06	0,0523598775599	-0,824183257885	8,21489848546
3,07	0,0349065850399	-0,727220521663	13,1977057635
3,08	0,0349065850399	-0,387850944887	4,71346634411
3,09	0,0349065850399	-0,678739153552	0,538681867899
3,1	0,01745329252	-0,630257785441	16,9684788388
3,11	0,01745329252	-0,193925472444	21,277933782
3,12	0,01745329252	-0,0484813681109	11,9856715607
3,13	0,01745329252	0	4,57879587714
3,14	0,01745329252	0	0,942693268823
3,15	0,01745329252	0	0,134670466975
3,16	0,01745329252	0	0,134670466975
3,17	0,01745329252	0	0,942693268823
3,18	0,01745329252	0	4,57879587714
3,19	0,01745329252	0,0484813681109	11,9856715607
3,2	0,01745329252	0,193925472444	21,277933782
3,21	0,01745329252	0,630257785441	16,9684788388
3,22	0,0349065850399	0,678739153552	0,538681867899
3,23	0,0349065850399	0,387850944887	4,71346634411
3,24	0,0349065850399	0,727220521663	13,3323762305
3,25	0,0523598775599	0,824183257885	9,02292128731
3,26	0,0523598775599	0,872664625996	7,54154615061
3,27	0,0698131700798	0,921145994107	9,02292128738
3,28	0,0698131700798	1,01810873033	13,3323762306
3,29	0,0872664625997	1,35747830711	4,57879587722
3,3	0,10471975512	1,06659009844	-0,404011401003
3,31	0,10471975512	1,11507146655	12,3896829615
3,32	0,12217304764	1,50292241144	9,42693268818
3,33	0,13962634016	1,50292241144	-8,34956895238
3,34	0,157079632679	1,11507146655	-7,67621661743
3,35	0,157079632679	1,11507146655	13,1977057636
3,36	0,1745329252	1,55140377955	20,4699109801
3,37	0,191986217719	1,69684788388	11,7163306267
3,38	0,209439510239	1,74532925199	3,63610260832
3,39	0,226892802759	1,74532925199	-3,63610260821
3,4	0,244346095279	1,69684788388	-11,7163306267
3,41	0,261799387799	1,55140377955	-20,3352405133
3,42	0,279252680319	1,11507146655	-12,2550124948
3,43	0,279252680319	1,11507146655	12,2550124947
3,44	0,296705972839	1,55140377955	20,3352405133
3,45	0,314159265359	1,69684788388	11,8510010939
3,46	0,331612557879	1,745329252	4,44412541011
3,47	0,349065850399	1,74532925199	-5,52656685847E-011
3,48	0,366519142919	1,74532925199	-4,44412541011
3,49	0,383972435439	1,69684788388	-11,8510010937
3,5	0,401425727959	1,55140377955	-20,4699109802
3,51	0,418879020479	1,11507146655	-13,1977057637
3,52	0,418879020479	1,11507146655	7,67621661749
3,53	0,436332312999	1,50292241144	8,34956895243
3,54	0,453785605519	1,50292241144	-9,42693268816
3,55	0,471238898038	1,11507146655	-12,2550124946
3,56	0,471238898038	1,06659009844	1,21203420285
3,57	0,488692190558	1,35747830711	-0,808022801927
3,58	0,506145483078	1,06659009844	-5,11747774516
3,59	0,506145483078	1,06659009844	3,90544354222
3,6	0,523598775598	1,35747830711	-4,57879587709
3,61	0,541052068118	1,01810873033	-16,8338083717
3,62	0,541052068118	0,872664626	-16,4297969708
3,63	0,558505360638	0,727220521667	-16,9684788389
3,64	0,558505360638	0,387850944888	-5,52148914609
3,65	0,558505360638	0,678739153553	-0,538681867976
3,66	0,575958653158	0,630257785441	-16,02578557
3,67	0,575958653158	0,193925472444	-16,6991379049
3,68	0,575958653158	0,0969627362218	-0,134670466976
3,69	0,575958653158	0,193925472444	15,6217741691
3,7	0,575958653158	0,630257785441	10,3696259571
3,71	0,593411945678	0,630257785441	-16,9684788388
3,72	0,593411945678	0,145444104333	-32,1862416069
3,73	0,593411945678	-0,145444104333	-32,3209120739
3,74	0,593411945678	-0,630257785441	-17,7765016407
3,75	0,575958653158	-0,630257785441	6,73352334873
3,76	0,575958653158	-0,242406840554	8,21489848545
3,77	0,575958653158	-0,242406840554	-9,42693268823
3,78	0,575958653158	-0,630257785441	-12,3896829617
3,79	0,558505360638	-0,678739153553	0,404011400847
3,8	0,558505360638	-0,387850944888	-4,57879587727
3,81	0,558505360638	-0,727220521667	-13,3323762306
3,82	0,541052068118	-0,824183257889	-9,02292128722
3,83	0,541052068118	-0,872664625997	-7,54154615045
3,84	0,523598775598	-0,921145994107	-9,02292128723
3,85	0,523598775598	-1,01810873033	-13,1977057635
3,86	0,506145483078	-1,35747830711	-3,77077307536
3,87	0,488692190558	-1,06659009844	4,04011400911
3,88	0,488692190558	-1,06659009844	-5,11747774512
3,89	0,471238898038	-1,35747830711	-0,942693268744
3,9	0,453785605519	-1,06659009844	0,269340934076
3,91	0,453785605519	-1,11507146655	-16,8338083718
3,92	0,436332312999	-1,55140377955	-21,1432633151
3,93	0,418879020479	-1,69684788388	-11,042978292
3,94	0,401425727959	-1,745329252	-7,98268858423E-011
3,95	0,383972435439	-1,69684788388	10,908307825
3,96	0,366519142919	-1,55140377955	20,2005700463
3,97	0,349065850399	-1,11507146655	12,2550124947
3,98	0,349065850399	-1,11507146655	-12,2550124948
3,99	0,331612557879	-1,55140377955	-20,3352405133
4	0,314159265359	-1,69684788388	-11,8510010937
4,01	0,296705972839	-1,74532925199	-4,57879587708
4,02	0,279252680319	-1,74532925199	-0,808022801904
4,03	0,261799387799	-1,745329252	0,808022801798
4,04	0,244346095279	-1,745329252	4,57879587722
4,05	0,226892802759	-1,69684788388	11,8510010939
4,06	0,209439510239	-1,55140377955	20,3352405132
4,07	0,191986217719	-1,11507146655	12,3896829616
4,08	0,191986217719	-1,11507146655	-11,312319226
4,09	0,1745329252	-1,55140377955	-15,7564446361
4,1	0,157079632679	-1,64836651577	0,134670467048
4,11	0,13962634016	-1,55140377955	16,699137905
4,12	0,12217304764	-1,11507146655	16,02578557
4,13	0,12217304764	-1,06659009844	0,404011400821
4,14	0,10471975512	-1,35747830711	4,71346634404
4,15	0,0872664625997	-1,01810873033	13,1977057636
4,16	0,0872664625997	-0,921145994108	8,21489848559
4,17	0,0698131700798	-0,872664625996	3,90544354234
4,18	0,0698131700798	-0,872664625996	1,61604560373
4,19	0,0523598775599	-0,872664625996	3,90544354227
4,2	0,0523598775599	-0,824183257885	8,21489848546
4,21	0,0349065850399	-0,727220521663	13,1977057635
4,22	0,0349065850399	-0,387850944887	4,71346634411
4,23	0,0349065850399	-0,678739153552	0,538681867899
4,24	0,01745329252	-0,630257785441	16,9684788388
4,25	0,01745329252	-0,193925472444	21,277933782
4,26	0,01745329252	-0,0484813681109	11,9856715607
4,27	0,01745329252	0	4,57879587714
4,28	0,01745329252	0	0,942693268823
4,29	0,01745329252	0	0,269340933949
4,3	0,01745329252	0	0,942693268823
4,31	0,01745329252	0	4,57879587714
4,32	0,01745329252	0,0484813681109	11,9856715607
4,33	0,01745329252	0,193925472444	21,277933782
4,34	0,01745329252	0,630257785441	16,9684788388
4,35	0,0349065850399	0,678739153552	0,538681867899
4,36	0,0349065850399	0,387850944887	4,71346634411
4,37	0,0349065850399	0,727220521663	13,1977057635
4,38	0,0523598775599	0,824183257885	8,21489848546
4,39	0,0523598775599	0,872664625996	3,90544354227
4,4	0,0698131700798	0,872664625996	1,61604560373
4,41	0,0698131700798	0,872664625996	3,90544354234
4,42	0,0872664625997	0,921145994108	8,21489848559
4,43	0,0872664625997	1,01810873033	13,1977057636
4,44	0,10471975512	1,35747830711	4,57879587707
4,45	0,12217304764	1,06659009844	-0,404011401027
4,46	0,12217304764	1,11507146655	12,3896829617
4,47	0,13962634016	1,50292241144	9,42693268833
4,48	0,157079632679	1,50292241144	-8,34956895236
4,49	0,1745329252	1,11507146655	-7,67621661764
4,5	0,1745329252	1,11507146655	13,1977057634
4,51	0,191986217719	1,55140377955	20,4699109801
4,52	0,209439510239	1,69684788388	11,8510010938
4,53	0,226892802759	1,74532925199	4,44412541029
4,54	0,244346095279	1,745329252	7,98275026328E-011
4,55	0,261799387799	1,745329252	-4,44412541024
4,56	0,279252680319	1,69684788388	-11,8510010939
4,57	0,296705972839	1,55140377955	-20,3352405132
4,58	0,314159265359	1,11507146655	-12,2550124946
4,59	0,314159265359	1,11507146655	12,2550124948
4,6	0,331612557879	1,55140377955	20,2005700462
4,61	0,349065850399	1,69684788388	10,9083078249
4,62	0,366519142919	1,74532925199	5,52712196998E-011
4,63	0,383972435439	1,69684788388	-10,9083078249
4,64	0,401425727959	1,55140377955	-20,2005700463
4,65	0,418879020479	1,11507146655	-12,3896829618
4,66	0,418879020479	1,11507146655	11,3123192258
4,67	0,436332312999	1,55140377955	15,6217741691
4,68	0,453785605519	1,64836651577	-0,942693268696
4,69	0,471238898038	1,55140377955	-20,3352405131
4,7	0,488692190558	1,06659009844	-23,2979907867
4,71	0,488692190558	0,921145994108	-8,88825082046
4,72	0,506145483078	0,921145994107	3,3667616743
4,73	0,506145483078	1,01810873033	11,1776487589
4,74	0,523598775598	1,35747830711	-0,942693268752
4,75	0,541052068118	1,01810873033	-16,0257855699
4,76	0,541052068118	0,872664626	-16,2951265039
4,77	0,558505360638	0,727220521667	-16,9684788389
4,78	0,558505360638	0,387850944888	-5,52148914609
4,79	0,558505360638	0,678739153553	-0,673352334951
4,8	0,575958653158	0,630257785441	-16,8338083719
4,81	0,575958653158	0,193925472444	-20,3352405132
4,82	0,575958653158	0,0484813681109	-7,54154615058
4,83	0,575958653158	0,0484813681109	6,32951194781
4,84	0,575958653158	0,193925472444	14,8137513672
4,85	0,575958653158	0,581776417331	0,269340933949
4,86	0,593411945678	0,436332312998	-32,5902530079
4,87	0,593411945678	-0,436332312998	-32,7249234748
4,88	0,575958653158	-0,581776417331	-0,538681867899
4,89	0,575958653158	-0,193925472444	11,1776487589
4,9	0,575958653158	-0,0969627362218	-1,0773637358
4,91	0,575958653158	-0,193925472444	-16,8338083718
4,92	0,575958653158	-0,630257785441	-16,02578557
4,93	0,558505360638	-0,678739153553	-0,404011401001
4,94	0,558505360638	-0,387850944888	-4,71346634425
4,95	0,558505360638	-0,727220521667	-13,3323762306
4,96	0,541052068118	-0,824183257889	-9,02292128722
4,97	0,541052068118	-0,872664625997	-7,54154615045
4,98	0,523598775598	-0,921145994107	-9,02292128723
4,99	0,523598775598	-1,01810873033	-13,3323762305
5	0,506145483078	-1,35747830711	-4,57879587721
5,01	0,488692190558	-1,06659009844	0,404011400792
5,02	0,488692190558	-1,11507146655	-12,3896829618
5,03	0,471238898038	-1,50292241144	-9,42693268815
5,04	0,453785605519	-1,50292241144	8,34956895256
5,05	0,436332312999	-1,11507146655	7,6762166176
5,06	0,436332312999	-1,11507146655	-13,1977057636
5,07	0,418879020479	-1,55140377955	-20,4699109803
5,08	0,401425727959	-1,69684788388	-11,7163306269
5,09	0,383972435439	-1,745329252	-3,63610260827
5,1	0,366519142919	-1,74532925199	3,63610260837
5,11	0,349065850399	-1,69684788388	11,7163306267
5,12	0,331612557879	-1,55140377955	20,3352405131
5,13	0,314159265359	-1,11507146655	12,2550124948
5,14	0,314159265359	-1,11507146655	-12,2550124946
5,15	0,296705972839	-1,55140377955	-20,3352405132
5,16	0,279252680319	-1,69684788388	-11,8510010939
5,17	0,261799387799	-1,745329252	-4,44412541024
5,18	0,244346095279	-1,745329252	7,98275026328E-011
5,19	0,226892802759	-1,74532925199	4,44412541029
5,2	0,209439510239	-1,69684788388	11,8510010938
5,21	0,191986217719	-1,55140377955	20,4699109801
5,22	0,1745329252	-1,11507146655	13,1977057634
5,23	0,1745329252	-1,11507146655	-7,67621661764
5,24	0,157079632679	-1,50292241144	-8,34956895236
5,25	0,13962634016	-1,50292241144	9,42693268833
5,26	0,12217304764	-1,11507146655	12,3896829617
5,27	0,12217304764	-1,06659009844	-0,404011401027
5,28	0,10471975512	-1,35747830711	4,57879587707
5,29	0,0872664625997	-1,01810873033	13,1977057636
5,3	0,0872664625997	-0,921145994108	8,21489848559
5,31	0,0698131700798	-0,872664625996	3,90544354234
5,32	0,0698131700798	-0,872664625996	1,61604560373
5,33	0,0523598775599	-0,872664625996	3,90544354227
5,34	0,0523598775599	-0,824183257885	8,21489848546
5,35	0,0349065850399	-0,727220521663	13,1977057635
5,36	0,0349065850399	-0,387850944887	4,71346634411
5,37	0,0349065850399	-0,678739153552	0,538681867899
5,38	0,01745329252	-0,630257785441	16,9684788388
5,39	0,01745329252	-0,193925472444	21,277933782
5,4	0,01745329252	-0,0484813681109	11,9856715607
5,41	0,01745329252	0	4,57879587714
5,42	0,01745329252	0	0,942693268823
5,43	0,01745329252	0	0,269340933949
5,44	0,01745329252	0	0,942693268823
5,45	0,01745329252	0	4,57879587714
5,46	0,01745329252	0,0484813681109	11,9856715607
5,47	0,01745329252	0,193925472444	21,277933782
5,48	0,01745329252	0,630257785441	16,9684788388
5,49	0,0349065850399	0,678739153552	0,538681867899
5,5	0,0349065850399	0,387850944887	4,71346634411
5,51	0,0349065850399	0,727220521663	13,1977057635
5,52	0,0523598775599	0,824183257885	8,21489848546
5,53	0,0523598775599	0,872664625996	3,90544354227
5,54	0,0698131700798	0,872664625996	1,61604560373
5,55	0,0698131700798	0,872664625996	3,90544354234
5,56	0,0872664625997	0,921145994108	8,21489848559
5,57	0,0872664625997	1,01810873033	13,1977057636
5,58	0,10471975512	1,35747830711	4,71346634404
5,59	0,12217304764	1,06659009844	0,404011400821
5,6	0,12217304764	1,11507146655	16,02578557
5,61	0,13962634016	1,55140377955	16,699137905
5,62	0,157079632679	1,64836651577	0,134670467048
5,63	0,1745329252	1,55140377955	-15,7564446361
5,64	0,191986217719	1,11507146655	-11,312319226
5,65	0,191986217719	1,11507146655	12,3896829616
5,66	0,209439510239	1,55140377955	20,3352405132
5,67	0,226892802759	1,69684788388	11,8510010939
5,68	0,244346095279	1,745329252	4,44412541025
5,69	0,261799387799	1,745329252	-5,00044450291E-011
5,7	0,279252680319	1,74532925199	-4,44412541022
5,71	0,296705972839	1,69684788388	-11,8510010937
5,72	0,314159265359	1,55140377955	-20,3352405131
5,73	0,331612557879	1,11507146655	-12,2550124948
5,74	0,331612557879	1,11507146655	12,2550124946
5,75	0,349065850399	1,55140377955	20,2005700462
5,76	0,366519142919	1,69684788388	10,9083078251
5,77	0,383972435439	1,745329252	7,36855021444E-011
5,78	0,401425727959	1,69684788388	-10,908307825
5,79	0,418879020479	1,55140377955	-20,3352405133
5,8	0,436332312999	1,11507146655	-13,1977057636
5,81	0,436332312999	1,11507146655	7,6762166176
5,82	0,453785605519	1,50292241144	8,34956895256
5,83	0,471238898038	1,50292241144	-9,42693268815
5,84	0,488692190558	1,11507146655	-12,3896829618
5,85	0,488692190558	1,06659009844	0,404011400792
5,86	0,506145483078	1,35747830711	-4,57879587721
5,87	0,523598775598	1,01810873033	-13,3323762305
5,88	0,523598775598	0,921145994107	-9,02292128723
5,89	0,541052068118	0,872664625997	-7,54154615045
5,9	0,541052068118	0,824183257889	-9,02292128722
5,91	0,558505360638	0,727220521667	-13,3323762306
5,92	0,558505360638	0,387850944888	-4,71346634425
5,93	0,558505360638	0,678739153553	-0,538681867976
5,94	0,575958653158	0,630257785441	-16,9684788388
5,95	0,575958653158	0,193925472444	-21,277933782
5,96	0,575958653158	0,0484813681109	-11,9856715607
5,97	0,575958653158	0	-4,57879587714
5,98	0,575958653158	0	-0,942693268823
5,99	0,575958653158	0	-0,134670466975
6	0,575958653158	0	0
6,01	0,575958653158	0	-0,134670466975
6,02	0,575958653158	0	-0,942693268823
6,03	0,575958653158	0	-4,71346634411
6,04	0,575958653158	-0,0484813681109	-12,7936943626
6,05	0,575958653158	-0,193925472444	-25,0487068573
6,06	0,575958653158	-0,678739153553	-25,0487068574
6,07	0,558505360638	-0,824183257886	-12,7936943627
6,08	0,558505360638	-0,872664626	-4,71346634419
6,09	0,541052068118	-0,872664626	-0,942693268743
6,1	0,541052068118	-0,872664625997	-0,269340933818
6,11	0,523598775598	-0,872664625996	-0,808022801777
6,12	0,523598775598	-0,872664625996	-3,77077307529
6,13	0,506145483078	-0,921145994107	-8,21489848553
6,14	0,506145483078	-1,01810873033	-13,1977057636
6,15	0,488692190558	-1,35747830711	-4,57879587722
6,16	0,471238898038	-1,06659009844	0,404011401004
6,17	0,471238898038	-1,11507146655	-12,3896829615
6,18	0,453785605519	-1,50292241144	-9,42693268816
6,19	0,436332312999	-1,50292241144	8,34956895243
6,2	0,418879020479	-1,11507146655	7,67621661749
6,21	0,418879020479	-1,11507146655	-13,1977057637
6,22	0,401425727959	-1,55140377955	-20,4699109802
6,23	0,383972435439	-1,69684788388	-11,7163306267
6,24	0,366519142919	-1,74532925199	-3,63610260826
6,25	0,349065850399	-1,74532925199	3,63610260826
6,26	0,331612557879	-1,69684788388	11,7163306267
6,27	0,314159265359	-1,55140377955	20,3352405133
6,28	0,296705972839	-1,11507146655	12,2550124948
6,29	0,296705972839	-1,11507146655	-12,2550124947
6,3	0,279252680319	-1,55140377955	-20,3352405133
6,31	0,261799387799	-1,69684788388	-11,7163306269
6,32	0,244346095279	-1,745329252	-3,63610260824
6,33	0,226892802759	-1,74532925199	3,63610260844
6,34	0,209439510239	-1,69684788388	11,7163306268
6,35	0,191986217719	-1,55140377955	20,4699109801
6,36	0,1745329252	-1,11507146655	13,1977057634
6,37	0,1745329252	-1,11507146655	-7,67621661764
6,38	0,157079632679	-1,50292241144	-8,34956895236
6,39	0,13962634016	-1,50292241144	9,42693268833
6,4	0,12217304764	-1,11507146655	12,3896829617
6,41	0,12217304764	-1,06659009844	-0,404011401027
6,42	0,10471975512	-1,35747830711	4,57879587707
6,43	0,0872664625997	-1,01810873033	13,1977057636
6,44	0,0872664625997	-0,921145994108	8,21489848559
6,45	0,0698131700798	-0,872664625996	3,90544354234
6,46	0,0698131700798	-0,872664625996	1,61604560373
6,47	0,0523598775599	-0,872664625996	3,90544354227
6,48	0,0523598775599	-0,824183257885	8,21489848546
6,49	0,0349065850399	-0,727220521663	13,1977057635
6,5	0,0349065850399	-0,387850944887	4,71346634411
6,51	0,0349065850399	-0,678739153552	0,538681867899
6,52	0,01745329252	-0,630257785441	16,9684788388
6,53	0,01745329252	-0,193925472444	21,277933782
6,54	0,01745329252	-0,0484813681109	11,9856715607
6,55	0,01745329252	0	4,57879587714
6,56	0,01745329252	0	0,942693268823
6,57	0,01745329252	0	0,269340933949
6,58	0,01745329252	0	0,942693268823
6,59	0,01745329252	0	4,57879587714
6,6	0,01745329252	0,0484813681109	11,9856715607
6,61	0,01745329252	0,193925472444	21,277933782
6,62	0,01745329252	0,630257785441	16,9684788388
6,63	0,0349065850399	0,678739153552	0,538681867899
6,64	0,0349065850399	0,387850944887	4,71346634411
6,65	0,0349065850399	0,727220521663	13,3323762305
6,66	0,0523598775599	0,824183257885	9,02292128731
6,67	0,0523598775599	0,872664625996	7,54154615061
6,68	0,0698131700798	0,921145994107	9,02292128738
6,69	0,0698131700798	1,01810873033	13,1977057637
6,7	0,0872664625997	1,35747830711	3,77077307537
6,71	0,10471975512	1,06659009844	-4,04011400932
6,72	0,10471975512	1,06659009844	5,11747774491
6,73	0,12217304764	1,35747830711	0,942693268775
6,74	0,13962634016	1,06659009844	-0,404011400877
6,75	0,13962634016	1,11507146655	15,8911151031
6,76	0,157079632679	1,55140377955	16,6991379049
6,77	0,1745329252	1,64836651577	0,134670466896
6,78	0,191986217719	1,55140377955	-15,7564446362
6,79	0,209439510239	1,11507146655	-11,3123192259
6,8	0,209439510239	1,11507146655	12,3896829617
6,81	0,226892802759	1,55140377955	20,3352405133
6,82	0,244346095279	1,69684788388	11,8510010939
6,83	0,261799387799	1,745329252	4,57879587709
6,84	0,279252680319	1,74532925199	0,808022801793
6,85	0,296705972839	1,74532925199	-0,808022801793
6,86	0,314159265359	1,745329252	-4,57879587709
6,87	0,331612557879	1,69684788388	-11,8510010939
6,88	0,349065850399	1,55140377955	-20,3352405133
6,89	0,366519142919	1,11507146655	-12,2550124947
6,9	0,366519142919	1,11507146655	12,1203420278
6,91	0,383972435439	1,55140377955	19,3925472444
6,92	0,401425727959	1,69684788388	7,27220521655
6,93	0,418879020479	1,69684788388	-7,40687568373
6,94	0,436332312999	1,55140377955	-20,3352405132
6,95	0,453785605519	1,11507146655	-16,6991379048
6,96	0,453785605519	1,06659009844	0,269340934076
6,97	0,471238898038	1,35747830711	-0,942693268744
6,98	0,488692190558	1,06659009844	-5,11747774512
6,99	0,488692190558	1,06659009844	4,04011400911
7	0,506145483078	1,35747830711	-3,77077307536
7,01	0,523598775598	1,01810873033	-13,1977057635
7,02	0,523598775598	0,921145994107	-9,02292128723
7,03	0,541052068118	0,872664625997	-7,54154615045
7,04	0,541052068118	0,824183257889	-9,02292128722
7,05	0,558505360638	0,727220521667	-13,3323762306
7,06	0,558505360638	0,387850944888	-4,71346634425
7,07	0,558505360638	0,678739153553	-0,538681867976
7,08	0,575958653158	0,630257785441	-16,9684788388
7,09	0,575958653158	0,193925472444	-21,277933782
7,1	0,575958653158	0,0484813681109	-11,9856715607
7,11	0,575958653158	0	-4,57879587714
7,12	0,575958653158	0	-0,942693268823
7,13	0,575958653158	0	-0,134670466975
7,14	0,575958653158	0	-0,134670466975
7,15	0,575958653158	0	-0,942693268823
7,16	0,575958653158	0	-4,57879587714
7,17	0,575958653158	-0,0484813681109	-11,9856715607
7,18	0,575958653158	-0,193925472444	-21,277933782
7,19	0,575958653158	-0,630257785441	-16,9684788388
7,2	0,558505360638	-0,678739153553	-0,538681867976
7,21	0,558505360638	-0,387850944888	-4,71346634425
7,22	0,558505360638	-0,727220521667	-13,1977057636
7,23	0,541052068118	-0,824183257889	-8,21489848538
7,24	0,541052068118	-0,872664625997	-3,90544354213
7,25	0,523598775598	-0,872664625996	-1,61604560363
7,26	0,523598775598	-0,872664625996	-3,90544354227
7,27	0,506145483078	-0,921145994107	-8,21489848553
7,28	0,506145483078	-1,01810873033	-13,1977057636
7,29	0,488692190558	-1,35747830711	-4,71346634419
7,3	0,471238898038	-1,06659009844	-0,53868186782
7,31	0,471238898038	-1,11507146655	-16,8338083717
7,32	0,453785605519	-1,55140377955	-20,3352405131
7,33	0,436332312999	-1,69684788388	-7,40687568365
7,34	0,418879020479	-1,69684788388	7,27220521651
7,35	0,401425727959	-1,55140377955	19,3925472443
7,36	0,383972435439	-1,11507146655	12,1203420278
7,37	0,383972435439	-1,11507146655	-12,2550124946
7,38	0,366519142919	-1,55140377955	-20,3352405132
7,39	0,349065850399	-1,69684788388	-11,7163306269
7,4	0,331612557879	-1,745329252	-3,63610260839
7,41	0,314159265359	-1,745329252	3,63610260839
7,42	0,296705972839	-1,69684788388	11,7163306269
7,43	0,279252680319	-1,55140377955	20,3352405132
7,44	0,261799387799	-1,11507146655	12,2550124946
7,45	0,261799387799	-1,11507146655	-12,2550124948
7,46	0,244346095279	-1,55140377955	-20,2005700461
7,47	0,226892802759	-1,69684788388	-10,9083078248
7,48	0,209439510239	-1,74532925199	0
7,49	0,191986217719	-1,69684788388	10,9083078248
7,5	0,1745329252	-1,55140377955	20,3352405131
7,51	0,157079632679	-1,11507146655	13,1977057636
7,52	0,157079632679	-1,11507146655	-7,54154615046
7,53	0,13962634016	-1,50292241144	-7,54154615053
7,54	0,12217304764	-1,50292241144	13,1977057635
7,55	0,10471975512	-1,06659009844	20,46991098
7,56	0,10471975512	-0,921145994111	11,8510010937
7,57	0,0872664625997	-0,872664626	4,57879587722
7,58	0,0872664625997	-0,872664625997	0,942693268955
7,59	0,0698131700798	-0,872664625996	0,269340934027
7,6	0,0698131700798	-0,872664625996	0,808022801878
7,61	0,0523598775599	-0,872664625996	3,7707730753
7,62	0,0523598775599	-0,824183257885	8,21489848546
7,63	0,0349065850399	-0,727220521663	13,1977057635
7,64	0,0349065850399	-0,387850944887	4,71346634411
7,65	0,0349065850399	-0,678739153552	0,538681867899
7,66	0,01745329252	-0,630257785441	16,9684788388
7,67	0,01745329252	-0,193925472444	21,277933782
7,68	0,01745329252	-0,0484813681109	11,9856715607
7,69	0,01745329252	0	4,57879587714
7,7	0,01745329252	0	1,0773637358
7,71	0,01745329252	0	1,0773637358
7,72	0,01745329252	0	4,57879587714
7,73	0,01745329252	0,0484813681109	11,9856715607
7,74	0,01745329252	0,193925472444	21,277933782
7,75	0,01745329252	0,630257785441	16,9684788388
7,76	0,0349065850399	0,678739153552	0,538681867899
7,77	0,0349065850399	0,387850944887	4,71346634411
7,78	0,0349065850399	0,727220521663	13,1977057635
7,79	0,0523598775599	0,824183257885	8,21489848546
7,8	0,0523598775599	0,872664625996	3,7707730753
7,81	0,0698131700798	0,872664625996	0,808022801878
7,82	0,0698131700798	0,872664625996	0,269340934027
7,83	0,0872664625997	0,872664625997	0,942693268955
7,84	0,0872664625997	0,872664626	4,57879587722
7,85	0,10471975512	0,921145994111	11,8510010937
7,86	0,10471975512	1,06659009844	20,46991098
7,87	0,12217304764	1,50292241144	13,1977057635
7,88	0,13962634016	1,50292241144	-7,54154615053
7,89	0,157079632679	1,11507146655	-7,54154615046
7,9	0,157079632679	1,11507146655	13,0630352966
7,91	0,1745329252	1,55140377955	19,5272177112
7,92	0,191986217719	1,69684788388	7,27220521651
7,93	0,209439510239	1,69684788388	-7,27220521668
7,94	0,226892802759	1,55140377955	-19,3925472443
7,95	0,244346095279	1,11507146655	-12,1203420276
7,96	0,244346095279	1,11507146655	12,2550124948
7,97	0,261799387799	1,55140377955	20,3352405131
7,98	0,279252680319	1,69684788388	11,8510010937
7,99	0,296705972839	1,74532925199	4,44412541022
8	0,314159265359	1,745329252	5,08821380091E-011
8,01	0,331612557879	1,745329252	-4,44412541024
8,02	0,349065850399	1,69684788388	-11,8510010939
8,03	0,366519142919	1,55140377955	-20,3352405132
8,04	0,383972435439	1,11507146655	-12,3896829616
8,05	0,383972435439	1,11507146655	11,3123192259
8,06	0,401425727959	1,55140377955	15,756444636
8,07	0,418879020479	1,64836651577	-0,134670467101
8,08	0,436332312999	1,55140377955	-16,6991379049
8,09	0,453785605519	1,11507146655	-15,891115103
8,1	0,453785605519	1,06659009844	0,40401140105
8,11	0,471238898038	1,35747830711	-0,942693268744
8,12	0,488692190558	1,06659009844	-5,11747774512
8,13	0,488692190558	1,06659009844	4,04011400911
8,14	0,506145483078	1,35747830711	-3,77077307536
8,15	0,523598775598	1,01810873033	-13,1977057635
8,16	0,523598775598	0,921145994107	-9,02292128723
8,17	0,541052068118	0,872664625997	-7,54154615045
8,18	0,541052068118	0,824183257889	-9,02292128722
8,19	0,558505360638	0,727220521667	-13,3323762306
8,2	0,558505360638	0,387850944888	-4,71346634425
8,21	0,558505360638	0,678739153553	-0,538681867976
8,22	0,575958653158	0,630257785441	-16,9684788388
8,23	0,575958653158	0,193925472444	-21,277933782
8,24	0,575958653158	0,0484813681109	-11,9856715607
8,25	0,575958653158	0	-4,57879587714
8,26	0,575958653158	0	-0,942693268823
8,27	0,575958653158	0	-0,134670466975
8,28	0,575958653158	0	-0,134670466975
8,29	0,575958653158	0	-0,942693268823
8,3	0,575958653158	0	-4,57879587714
8,31	0,575958653158	-0,0484813681109	-11,9856715607
8,32	0,575958653158	-0,193925472444	-21,277933782
8,33	0,575958653158	-0,630257785441	-16,9684788388
8,34	0,558505360638	-0,678739153553	-0,538681867976
8,35	0,558505360638	-0,387850944888	-4,71346634425
8,36	0,558505360638	-0,727220521667	-13,3323762306
8,37	0,541052068118	-0,824183257889	-9,02292128722
8,38	0,541052068118	-0,872664625997	-7,54154615045
8,39	0,523598775598	-0,921145994107	-9,02292128723
8,4	0,523598775598	-1,01810873033	-13,1977057635
8,41	0,506145483078	-1,35747830711	-3,77077307536
8,42	0,488692190558	-1,06659009844	4,04011400911
8,43	0,488692190558	-1,06659009844	-5,11747774512
8,44	0,471238898038	-1,35747830711	-0,942693268744
8,45	0,453785605519	-1,06659009844	0,269340934076
8,46	0,453785605519	-1,11507146655	-16,6991379048
8,47	0,436332312999	-1,55140377955	-20,3352405132
8,48	0,418879020479	-1,69684788388	-7,40687568373
8,49	0,401425727959	-1,69684788388	7,27220521655
8,5	0,383972435439	-1,55140377955	19,3925472444
8,51	0,366519142919	-1,11507146655	12,1203420278
8,52	0,366519142919	-1,11507146655	-12,2550124947
8,53	0,349065850399	-1,55140377955	-20,3352405133
8,54	0,331612557879	-1,69684788388	-11,8510010939
8,55	0,314159265359	-1,745329252	-4,44412541011
8,56	0,296705972839	-1,74532925199	5,52656685847E-011
8,57	0,279252680319	-1,74532925199	4,44412541011
8,58	0,261799387799	-1,69684788388	11,8510010937
8,59	0,244346095279	-1,55140377955	20,3352405133
8,6	0,226892802759	-1,11507146655	12,2550124948
8,61	0,226892802759	-1,11507146655	-12,1203420277
8,62	0,209439510239	-1,55140377955	-19,3925472444
8,63	0,191986217719	-1,69684788388	-7,27220521676
8,64	0,1745329252	-1,69684788388	7,40687568353
8,65	0,157079632679	-1,55140377955	20,3352405133
8,66	0,13962634016	-1,11507146655	16,833808372
8,67	0,13962634016	-1,06659009844	0,538681867946
8,68	0,12217304764	-1,35747830711	4,71346634407
8,69	0,10471975512	-1,01810873033	13,1977057634
8,7	0,10471975512	-0,921145994111	8,21489848538
8,71	0,0872664625997	-0,872664626	3,77077307537
8,72	0,0872664625997	-0,872664625997	0,808022801981
8,73	0,0698131700798	-0,872664625996	0,269340934027
8,74	0,0698131700798	-0,872664625996	0,808022801878
8,75	0,0523598775599	-0,872664625996	3,7707730753
8,76	0,0523598775599	-0,824183257885	8,21489848546
8,77	0,0349065850399	-0,727220521663	13,1977057635
8,78	0,0349065850399	-0,387850944887	4,71346634411
8,79	0,0349065850399	-0,678739153552	0,538681867899
8,8	0,01745329252	-0,630257785441	16,9684788388
8,81	0,01745329252	-0,193925472444	21,277933782
8,82	0,01745329252	-0,0484813681109	11,9856715607
8,83	0,01745329252	0	4,57879587714
8,84	0,01745329252	0	1,0773637358
8,85	0,01745329252	0	1,0773637358
8,86	0,01745329252	0	4,57879587714
8,87	0,01745329252	0,0484813681109	11,9856715607
8,88	0,01745329252	0,193925472444	21,277933782
8,89	0,01745329252	0,630257785441	16,9684788388
8,9	0,0349065850399	0,678739153552	0,538681867899
8,91	0,0349065850399	0,387850944887	4,71346634411
8,92	0,0349065850399	0,727220521663	13,1977057635
8,93	0,0523598775599	0,824183257885	8,21489848546
8,94	0,0523598775599	0,872664625996	3,90544354227
8,95	0,0698131700798	0,872664625996	1,61604560373
8,96	0,0698131700798	0,872664625996	3,90544354234
8,97	0,0872664625997	0,921145994108	8,21489848559
8,98	0,0872664625997	1,01810873033	13,1977057636
8,99	0,10471975512	1,35747830711	4,57879587707
9	0,12217304764	1,06659009844	-0,404011401027
9,01	0,12217304764	1,11507146655	12,3896829617
9,02	0,13962634016	1,50292241144	9,42693268833
9,03	0,157079632679	1,50292241144	-8,34956895236
9,04	0,1745329252	1,11507146655	-7,67621661764
9,05	0,1745329252	1,11507146655	13,1977057634
9,06	0,191986217719	1,55140377955	20,3352405131
9,07	0,209439510239	1,69684788388	10,908307825
9,08	0,226892802759	1,74532925199	1,26321175742E-010
9,09	0,244346095279	1,69684788388	-10,9083078249
9,1	0,261799387799	1,55140377955	-20,2005700463
9,11	0,279252680319	1,11507146655	-12,2550124948
9,12	0,279252680319	1,11507146655	12,2550124947
9,13	0,296705972839	1,55140377955	20,3352405133
9,14	0,314159265359	1,69684788388	11,7163306269
9,15	0,331612557879	1,745329252	3,63610260827
9,16	0,349065850399	1,74532925199	-3,63610260837
9,17	0,366519142919	1,69684788388	-11,7163306267
9,18	0,383972435439	1,55140377955	-20,3352405131
9,19	0,401425727959	1,11507146655	-12,3896829618
9,2	0,401425727959	1,11507146655	11,3123192257
9,21	0,418879020479	1,55140377955	15,756444636
9,22	0,436332312999	1,64836651577	-0,134670466975
9,23	0,453785605519	1,55140377955	-16,6991379048
9,24	0,471238898038	1,11507146655	-16,0257855699
9,25	0,471238898038	1,06659009844	-0,404011400844
9,26	0,488692190558	1,35747830711	-4,71346634419
9,27	0,506145483078	1,01810873033	-13,1977057636
9,28	0,506145483078	0,921145994107	-8,21489848553
9,29	0,523598775598	0,872664625996	-3,90544354227
9,3	0,523598775598	0,872664625996	-1,61604560363
9,31	0,541052068118	0,872664625997	-3,90544354213
9,32	0,541052068118	0,824183257889	-8,21489848538
9,33	0,558505360638	0,727220521667	-13,1977057636
9,34	0,558505360638	0,387850944888	-4,71346634425
9,35	0,558505360638	0,678739153553	-0,538681867976
9,36	0,575958653158	0,630257785441	-16,9684788388
9,37	0,575958653158	0,193925472444	-21,277933782
9,38	0,575958653158	0,0484813681109	-11,9856715607
9,39	0,575958653158	0	-4,57879587714
9,4	0,575958653158	0	-0,942693268823
9,41	0,575958653158	0	-0,269340933949
9,42	0,575958653158	0	-0,942693268823
9,43	0,575958653158	0	-4,57879587714
9,44	0,575958653158	-0,0484813681109	-11,9856715607
9,45	0,575958653158	-0,193925472444	-21,277933782
9,46	0,575958653158	-0,630257785441	-16,9684788388
9,47	0,558505360638	-0,678739153553	-0,538681867976
9,48	0,558505360638	-0,387850944888	-4,71346634425
9,49	0,558505360638	-0,727220521667	-13,1977057636
9,5	0,541052068118	-0,824183257889	-8,21489848538
9,51	0,541052068118	-0,872664625997	-3,77077307516
9,52	0,523598775598	-0,872664625996	-0,808022801772
9,53	0,523598775598	-0,872664625996	-0,269340933926
9,54	0,506145483078	-0,872664625996	-0,942693268846
9,55	0,506145483078	-0,872664625996	-4,57879587722
9,56	0,488692190558	-0,921145994108	-11,8510010939
9,57	0,488692190558	-1,06659009844	-20,4699109802
9,58	0,471238898038	-1,50292241144	-13,1977057634
9,59	0,453785605519	-1,50292241144	7,54154615071
9,6	0,436332312999	-1,11507146655	7,54154615063
9,61	0,436332312999	-1,11507146655	-13,1977057636
9,62	0,418879020479	-1,55140377955	-20,3352405133
9,63	0,401425727959	-1,69684788388	-10,908307825
9,64	0,383972435439	-1,745329252	7,36855021444E-011
9,65	0,366519142919	-1,69684788388	10,9083078251
9,66	0,349065850399	-1,55140377955	20,2005700462
9,67	0,331612557879	-1,11507146655	12,2550124946
9,68	0,331612557879	-1,11507146655	-12,2550124948
9,69	0,314159265359	-1,55140377955	-20,3352405131
9,7	0,296705972839	-1,69684788388	-11,7163306267
9,71	0,279252680319	-1,74532925199	-3,63610260837
9,72	0,261799387799	-1,745329252	3,63610260827
9,73	0,244346095279	-1,69684788388	11,7163306269
9,74	0,226892802759	-1,55140377955	20,3352405133
9,75	0,209439510239	-1,11507146655	12,3896829617
9,76	0,209439510239	-1,11507146655	-11,3123192259
9,77	0,191986217719	-1,55140377955	-15,7564446362
9,78	0,1745329252	-1,64836651577	0,134670466896
9,79	0,157079632679	-1,55140377955	16,6991379049
9,8	0,13962634016	-1,11507146655	15,8911151031
9,81	0,13962634016	-1,06659009844	-0,404011400877
9,82	0,12217304764	-1,35747830711	0,942693268775
9,83	0,10471975512	-1,06659009844	5,11747774491
9,84	0,10471975512	-1,06659009844	-3,90544354234
9,85	0,0872664625997	-1,35747830711	4,57879587722
9,86	0,0698131700798	-1,01810873033	16,833808372
9,87	0,0698131700798	-0,872664625996	16,429796971
9,88	0,0523598775599	-0,727220521663	16,8338083719
9,89	0,0523598775599	-0,387850944887	4,57879587715
9,9	0,0523598775599	-0,678739153552	-3,90544354226
9,91	0,0349065850399	-0,678739153552	5,11747774504
9,92	0,0349065850399	-0,387850944887	0,942693268823
9,93	0,0349065850399	-0,678739153552	-0,269340933949
9,94	0,01745329252	-0,630257785441	16,8338083718
9,95	0,01745329252	-0,193925472444	21,277933782
9,96	0,01745329252	-0,0484813681109	11,9856715607
9,97	0,01745329252	0	4,71346634411
9,98	0,01745329252	0	1,88538653765
9,99	0,01745329252	0	4,71346634411
10	0,01745329252	0,0484813681109	11,9856715607
10,01	0,01745329252	0,193925472444	21,277933782
10,02	0,01745329252	0,630257785441	16,8338083718
10,03	0,0349065850399	0,678739153552	-0,269340933949
10,04	0,0349065850399	0,387850944887	0,942693268823
10,05	0,0349065850399	0,678739153552	5,11747774504
10,06	0,0523598775599	0,678739153552	-4,04011400924
10,07	0,0523598775599	0,387850944887	3,77077307529
10,08	0,0523598775599	0,727220521663	13,1977057635
10,09	0,0698131700798	0,824183257885	9,02292128733
10,1	0,0698131700798	0,872664625996	7,54154615066
10,11	0,0872664625997	0,921145994108	9,02292128744
10,12	0,0872664625997	1,01810873033	13,3323762306
10,13	0,10471975512	1,35747830711	4,71346634404
10,14	0,12217304764	1,06659009844	0,404011400821
10,15	0,12217304764	1,11507146655	16,02578557
10,16	0,13962634016	1,55140377955	16,699137905
10,17	0,157079632679	1,64836651577	0,134670467048
10,18	0,1745329252	1,55140377955	-15,7564446361
10,19	0,191986217719	1,11507146655	-11,312319226
10,2	0,191986217719	1,11507146655	12,3896829616
10,21	0,209439510239	1,55140377955	20,3352405132
10,22	0,226892802759	1,69684788388	11,7163306269
10,23	0,244346095279	1,745329252	3,6361026084
10,24	0,261799387799	1,745329252	-3,63610260839
10,25	0,279252680319	1,69684788388	-11,7163306269
10,26	0,296705972839	1,55140377955	-20,3352405132
10,27	0,314159265359	1,11507146655	-12,2550124946
10,28	0,314159265359	1,11507146655	12,2550124948
10,29	0,331612557879	1,55140377955	20,2005700462
10,3	0,349065850399	1,69684788388	10,9083078249
10,31	0,366519142919	1,74532925199	5,52712196998E-011
10,32	0,383972435439	1,69684788388	-10,9083078249
10,33	0,401425727959	1,55140377955	-20,3352405133
10,34	0,418879020479	1,11507146655	-13,1977057637
10,35	0,418879020479	1,11507146655	7,67621661749
10,36	0,436332312999	1,50292241144	8,34956895243
10,37	0,453785605519	1,50292241144	-9,42693268816
10,38	0,471238898038	1,11507146655	-12,3896829615
10,39	0,471238898038	1,06659009844	0,404011401004
10,4	0,488692190558	1,35747830711	-4,57879587722
10,41	0,506145483078	1,01810873033	-13,1977057636
10,42	0,506145483078	0,921145994107	-8,21489848553
10,43	0,523598775598	0,872664625996	-3,90544354227
10,44	0,523598775598	0,872664625996	-1,61604560363
10,45	0,541052068118	0,872664625997	-3,90544354213
10,46	0,541052068118	0,824183257889	-8,21489848538
10,47	0,558505360638	0,727220521667	-13,1977057636
10,48	0,558505360638	0,387850944888	-4,71346634425
10,49	0,558505360638	0,678739153553	-0,538681867976
10,5	0,575958653158	0,630257785441	-16,9684788388
10,51	0,575958653158	0,193925472444	-21,277933782
10,52	0,575958653158	0,0484813681109	-11,9856715607
10,53	0,575958653158	0	-4,57879587714
10,54	0,575958653158	0	-0,942693268823
10,55	0,575958653158	0	-0,269340933949
10,56	0,575958653158	0	-0,942693268823
10,57	0,575958653158	0	-4,57879587714
10,58	0,575958653158	-0,0484813681109	-11,9856715607
10,59	0,575958653158	-0,193925472444	-21,277933782
10,6	0,575958653158	-0,630257785441	-16,9684788388
10,61	0,558505360638	-0,678739153553	-0,538681867976
10,62	0,558505360638	-0,387850944888	-4,71346634425
10,63	0,558505360638	-0,727220521667	-13,1977057636
10,64	0,541052068118	-0,824183257889	-8,21489848538
10,65	0,541052068118	-0,872664625997	-3,90544354213
10,66	0,523598775598	-0,872664625996	-1,61604560363
10,67	0,523598775598	-0,872664625996	-3,90544354227
10,68	0,506145483078	-0,921145994107	-8,21489848553
10,69	0,506145483078	-1,01810873033	-13,1977057636
10,7	0,488692190558	-1,35747830711	-4,57879587722
10,71	0,471238898038	-1,06659009844	0,404011401004
10,72	0,471238898038	-1,11507146655	-12,3896829615
10,73	0,453785605519	-1,50292241144	-9,42693268816
10,74	0,436332312999	-1,50292241144	8,34956895243
10,75	0,418879020479	-1,11507146655	7,67621661749
10,76	0,418879020479	-1,11507146655	-13,1977057637
10,77	0,401425727959	-1,55140377955	-20,3352405133
10,78	0,383972435439	-1,69684788388	-10,9083078249
10,79	0,366519142919	-1,74532925199	5,52712196998E-011
10,8	0,349065850399	-1,69684788388	10,9083078249
10,81	0,331612557879	-1,55140377955	20,2005700462
10,82	0,314159265359	-1,11507146655	12,2550124948
10,83	0,314159265359	-1,11507146655	-12,2550124946
10,84	0,296705972839	-1,55140377955	-20,3352405132
10,85	0,279252680319	-1,69684788388	-11,7163306269
10,86	0,261799387799	-1,745329252	-3,63610260839
10,87	0,244346095279	-1,745329252	3,6361026084
10,88	0,226892802759	-1,69684788388	11,7163306269
10,89	0,209439510239	-1,55140377955	20,4699109802
10,9	0,191986217719	-1,11507146655	13,1977057635
10,91	0,191986217719	-1,11507146655	-7,67621661768
10,92	0,1745329252	-1,50292241144	-8,34956895251
10,93	0,157079632679	-1,50292241144	9,42693268831
10,94	0,13962634016	-1,11507146655	12,2550124948
10,95	0,13962634016	-1,06659009844	-1,21203420272
10,96	0,12217304764	-1,35747830711	0,808022801801
10,97	0,10471975512	-1,06659009844	5,11747774491
10,98	0,10471975512	-1,06659009844	-3,90544354234
10,99	0,0872664625997	-1,35747830711	4,57879587722
11	0,0698131700798	-1,01810873033	16,833808372
11,01	0,0698131700798	-0,872664625996	16,429796971
11,02	0,0523598775599	-0,727220521663	16,8338083719
11,03	0,0523598775599	-0,387850944887	4,57879587715
11,04	0,0523598775599	-0,678739153552	-3,90544354226
11,05	0,0349065850399	-0,678739153552	5,11747774504
11,06	0,0349065850399	-0,387850944887	0,942693268823
11,07	0,0349065850399	-0,678739153552	-0,269340933949
11,08	0,01745329252	-0,630257785441	16,8338083718
11,09	0,01745329252	-0,193925472444	21,277933782
11,1	0,01745329252	-0,0484813681109	12,1203420277
11,11	0,01745329252	0	5,52148914596
11,12	0,01745329252	0	5,52148914596
11,13	0,01745329252	0,0484813681109	11,9856715607
11,14	0,01745329252	0,193925472444	20,4699109802
11,15	0,01745329252	0,630257785441	13,1977057635
11,16	0,0349065850399	0,630257785441	-7,54154615058
11,17	0,0349065850399	0,242406840554	-7,54154615058
11,18	0,0349065850399	0,242406840554	13,1977057635
11,19	0,0349065850399	0,678739153552	20,4699109802
11,2	0,0523598775599	0,824183257885	11,8510010938
11,21	0,0523598775599	0,872664625996	4,57879587715
11,22	0,0698131700798	0,872664625996	0,942693268853
11,23	0,0698131700798	0,872664625996	0,269340934027
11,24	0,0872664625997	0,872664625997	0,808022801981
11,25	0,0872664625997	0,872664626	3,77077307537
11,26	0,10471975512	0,921145994111	8,21489848538
11,27	0,10471975512	1,01810873033	13,1977057634
11,28	0,12217304764	1,35747830711	4,71346634407
11,29	0,13962634016	1,06659009844	0,404011400971
11,3	0,13962634016	1,11507146655	16,0257855701
11,31	0,157079632679	1,55140377955	16,6991379049
11,32	0,1745329252	1,64836651577	0,134670466896
11,33	0,191986217719	1,55140377955	-15,7564446362
11,34	0,209439510239	1,11507146655	-11,3123192259
11,35	0,209439510239	1,11507146655	12,3896829617
11,36	0,226892802759	1,55140377955	20,3352405133
11,37	0,244346095279	1,69684788388	11,7163306269
11,38	0,261799387799	1,745329252	3,63610260827
11,39	0,279252680319	1,74532925199	-3,63610260837
11,4	0,296705972839	1,69684788388	-11,7163306267
11,41	0,314159265359	1,55140377955	-20,3352405131
11,42	0,331612557879	1,11507146655	-12,2550124948
11,43	0,331612557879	1,11507146655	12,1203420276
11,44	0,349065850399	1,55140377955	19,3925472444
11,45	0,366519142919	1,69684788388	7,27220521674
11,46	0,383972435439	1,69684788388	-7,27220521656
11,47	0,401425727959	1,55140377955	-19,5272177114
11,48	0,418879020479	1,11507146655	-13,0630352967
11,49	0,418879020479	1,11507146655	7,67621661749
11,5	0,436332312999	1,50292241144	8,34956895243
11,51	0,453785605519	1,50292241144	-9,42693268816
11,52	0,471238898038	1,11507146655	-12,3896829615
11,53	0,471238898038	1,06659009844	0,404011401004
11,54	0,488692190558	1,35747830711	-4,57879587722
11,55	0,506145483078	1,01810873033	-13,1977057636
11,56	0,506145483078	0,921145994107	-8,21489848553
11,57	0,523598775598	0,872664625996	-3,90544354227
11,58	0,523598775598	0,872664625996	-1,61604560363
11,59	0,541052068118	0,872664625997	-3,90544354213
11,6	0,541052068118	0,824183257889	-8,21489848538
11,61	0,558505360638	0,727220521667	-13,1977057636
11,62	0,558505360638	0,387850944888	-4,71346634425
11,63	0,558505360638	0,678739153553	-0,538681867976
11,64	0,575958653158	0,630257785441	-16,9684788388
11,65	0,575958653158	0,193925472444	-21,277933782
11,66	0,575958653158	0,0484813681109	-11,9856715607
11,67	0,575958653158	0	-4,57879587714
11,68	0,575958653158	0	-1,0773637358
11,69	0,575958653158	0	-1,0773637358
11,7	0,575958653158	0	-4,57879587714
11,71	0,575958653158	-0,0484813681109	-11,9856715607
11,72	0,575958653158	-0,193925472444	-21,277933782
11,73	0,575958653158	-0,630257785441	-16,8338083719
11,74	0,558505360638	-0,678739153553	0,269340933872
11,75	0,558505360638	-0,387850944888	-0,942693268955
11,76	0,558505360638	-0,678739153556	-5,11747774512
11,77	0,541052068118	-0,678739153556	3,90544354235
11,78	0,541052068118	-0,387850944888	-4,57879587701
11,79	0,541052068118	-0,727220521664	-16,8338083718
11,8	0,523598775598	-0,872664625996	-16,4297969709
11,81	0,523598775598	-1,01810873033	-16,8338083719
11,82	0,506145483078	-1,35747830711	-4,57879587722
11,83	0,488692190558	-1,06659009844	3,90544354213
11,84	0,488692190558	-1,06659009844	-5,11747774512
11,85	0,471238898038	-1,35747830711	-0,808022801768
11,86	0,453785605519	-1,06659009844	1,26590238969
11,87	0,453785605519	-1,11507146655	-11,8914022338
11,88	0,436332312999	-1,50292241144	-6,58538583503
11,89	0,418879020479	-1,48352986419	18,7057278628
11,9	0,401425727959	-1,04234941438	38,906297909
11,91	0,401425727959	-0,484813681109	50,1782159948
