Vernier Format 2
Файл.gmbl 07.12.2019 14:41:29 ,
Новый
Время	Угол	Скорость	Ускорение
t	Угол	v	a
с	rad	rad/с	rad/с²

0	0	0	0
0,01	0	0	0
0,02	0	0	0
0,03	0	0	0
0,04	0	0	0
0,05	0	0	0
0,06	0	0	0
0,07	0	0	0
0,08	0	0	0
0,09	0	0	0
0,1	0	0	0
0,11	0	0	0
0,12	0	0	0
0,13	0	0	0
0,14	0	0	0
0,15	0	0	0
0,16	0	0	0
0,17	0	0	0
0,18	0	0	0
0,19	0	0	0
0,2	0	0	0,134670466975
0,21	0	0	0,942693268823
0,22	0	0	4,57879587714
0,23	0	0,0484813681109	11,8510010938
0,24	0	0,193925472444	20,3352405132
0,25	0	0,630257785441	12,2550124947
0,26	0,0174532925199	0,630257785441	-12,2550124947
0,27	0,0174532925199	0,193925472444	-20,3352405132
0,28	0,0174532925199	0,0484813681109	-11,8510010938
0,29	0,0174532925199	0	-4,57879587714
0,3	0,0174532925199	0	-0,942693268823
0,31	0,0174532925199	0	-0,134670466975
0,32	0,0174532925199	0	0
0,33	0,0174532925199	0	0
0,34	0,0174532925199	0	0
0,35	0,0174532925199	0	0
0,36	0,0174532925199	0	0
0,37	0,0174532925199	0	0
0,38	0,0174532925199	0	0
0,39	0,0174532925199	0	0
0,4	0,0174532925199	0	0
0,41	0,0174532925199	0	0
0,42	0,0174532925199	0	0
0,43	0,0174532925199	0	0
0,44	0,0174532925199	0	0
0,45	0,0174532925199	0	0
0,46	0,0174532925199	0	0
0,47	0,0174532925199	0	0
0,48	0,0174532925199	0	0
0,49	0,0174532925199	0	0
0,5	0,0174532925199	0	0
0,51	0,0174532925199	0	0
0,52	0,0174532925199	0	0
0,53	0,0174532925199	0	0
0,54	0,0174532925199	0	0
0,55	0,0174532925199	0	0
0,56	0,0174532925199	0	0
0,57	0,0174532925199	0	0
0,58	0,0174532925199	0	0
0,59	0,0174532925199	0	0
0,6	0,0174532925199	0	0
0,61	0,0174532925199	0	0
0,62	0,0174532925199	0	0
0,63	0,0174532925199	0	0
0,64	0,0174532925199	0	0
0,65	0,0174532925199	0	0
0,66	0,0174532925199	0	0
0,67	0,0174532925199	0	0
0,68	0,0174532925199	0	0
0,69	0,0174532925199	0	0
0,7	0,0174532925199	0	0
0,71	0,0174532925199	0	0
0,72	0,0174532925199	0	0
0,73	0,0174532925199	0	0
0,74	0,0174532925199	0	0
0,75	0,0174532925199	0	0
0,76	0,0174532925199	0	0
0,77	0,0174532925199	0	0
0,78	0,0174532925199	0	0
0,79	0,0174532925199	0	0
0,8	0,0174532925199	0	0
0,81	0,0174532925199	0	0
0,82	0,0174532925199	0	0
0,83	0,0174532925199	0	0
0,84	0,0174532925199	0	0
0,85	0,0174532925199	0	0,134670466976
0,86	0,0174532925199	0	0,942693268829
0,87	0,0174532925199	0	4,57879587717
0,88	0,0174532925199	0,0484813681112	11,8510010938
0,89	0,0174532925199	0,193925472445	20,3352405133
0,9	0,0174532925199	0,630257785446	12,2550124948
0,91	0,0349065850399	0,630257785446	-12,2550124948
0,92	0,0349065850399	0,193925472445	-20,3352405133
0,93	0,0349065850399	0,0484813681112	-11,8510010938
0,94	0,0349065850399	0	-4,57879587717
0,95	0,0349065850399	0	-0,942693268829
0,96	0,0349065850399	0	-0,134670466976
0,97	0,0349065850399	0	0
0,98	0,0349065850399	0	0
0,99	0,0349065850399	0	0
1	0,0349065850399	0	0
1,01	0,0349065850399	0	0
1,02	0,0349065850399	0	0
1,03	0,0349065850399	0	0
1,04	0,0349065850399	0	0
1,05	0,0349065850399	0	0
1,06	0,0349065850399	0	0
1,07	0,0349065850399	0	0
1,08	0,0349065850399	0	0
1,09	0,0349065850399	0	0
1,1	0,0349065850399	0	0
1,11	0,0349065850399	0	0
1,12	0,0349065850399	0	0
1,13	0,0349065850399	0	0
1,14	0,0349065850399	0	0
1,15	0,0349065850399	0	0
1,16	0,0349065850399	0	0
1,17	0,0349065850399	0	0
1,18	0,0349065850399	0	0
1,19	0,0349065850399	0	0
1,2	0,0349065850399	0	0
1,21	0,0349065850399	0	0
1,22	0,0349065850399	0	0
1,23	0,0349065850399	0	0
1,24	0,0349065850399	0	0
1,25	0,0349065850399	0	0
1,26	0,0349065850399	0	0
1,27	0,0349065850399	0	0
1,28	0,0349065850399	0	0
1,29	0,0349065850399	0	0
1,3	0,0349065850399	0	0
1,31	0,0349065850399	0	0
1,32	0,0349065850399	0	0
1,33	0,0349065850399	0	0
1,34	0,0349065850399	0	0
1,35	0,0349065850399	0	0
1,36	0,0349065850399	0	0
1,37	0,0349065850399	0	0
1,38	0,0349065850399	0	0
1,39	0,0349065850399	0	0
1,4	0,0349065850399	0	0
1,41	0,0349065850399	0	0
1,42	0,0349065850399	0	0
1,43	0,0349065850399	0	0
1,44	0,0349065850399	0	0
1,45	0,0349065850399	0	0
1,46	0,0349065850399	0	0
1,47	0,0349065850399	0	0
1,48	0,0349065850399	0	0
1,49	0,0349065850399	0	0
1,5	0,0349065850399	0	0
1,51	0,0349065850399	0	0,134670466975
1,52	0,0349065850399	0	0,942693268823
1,53	0,0349065850399	0	4,71346634411
1,54	0,0349065850399	0,0484813681109	12,7936943626
1,55	0,0349065850399	0,193925472444	25,0487068573
1,56	0,0349065850399	0,678739153552	25,0487068573
1,57	0,0523598775599	0,824183257885	12,7936943626
1,58	0,0523598775599	0,872664625996	4,84813681109
1,59	0,0698131700798	0,872664625996	1,88538653768
1,6	0,0698131700798	0,872664625996	4,84813681117
1,61	0,0872664625997	0,921145994108	12,7936943627
1,62	0,0872664625997	1,06659009844	24,9140363904
1,63	0,10471975512	1,55140377955	24,2406840554
1,64	0,12217304764	1,69684788388	9,15759175422
1,65	0,13962634016	1,69684788388	-2,55873887246
1,66	0,157079632679	1,59988514766	-7,54154615053
1,67	0,1745329252	1,308996939	8,21489848538
1,68	0,1745329252	1,74532925199	24,5100249893
1,69	0,209439510239	2,18166156499	8,08022801848
1,7	0,226892802759	1,89077335633	-8,34956895233
1,71	0,244346095279	1,79381062011	-6,32951194773
1,72	0,261799387799	1,745329252	0,942693268772
1,73	0,279252680319	1,7938106201	11,1776487588
1,74	0,296705972839	1,93925472444	21,1432633151
1,75	0,314159265359	2,37558703744	16,8338083719
1,76	0,349065850399	2,42406840555	-0,269340933957
1,77	0,366519142919	2,13318019688	0,942693268828
1,78	0,383972435439	2,42406840555	4,9828072781
1,79	0,418879020479	2,42406840555	-4,84813681112
1,8	0,436332312999	2,13318019688	0
1,81	0,453785605519	2,42406840555	4,84813681112
1,82	0,488692190558	2,42406840555	-4,9828072781
1,83	0,506145483078	2,13318019688	-0,808022801853
1,84	0,523598775598	2,42406840555	1,21203420278
1,85	0,558505360638	2,37558703744	-12,2550124948
1,86	0,575958653158	1,98773609255	-9,42693268829
1,87	0,593411945678	1,98773609255	8,34956895248
1,88	0,610865238198	2,37558703744	7,67621661761
1,89	0,645771823238	2,37558703744	-13,1977057636
1,9	0,663225115758	1,93925472444	-20,4699109802
1,91	0,680678408278	1,7938106201	-11,8510010937
1,92	0,698131700798	1,745329252	-4,57879587709
1,93	0,715584993318	1,745329252	-1,07736373588
1,94	0,733038285838	1,74532925199	-1,0773637359
1,95	0,750491578358	1,74532925199	-4,57879587714
1,96	0,767944870877	1,69684788388	-11,9856715606
1,97	0,785398163397	1,55140377955	-21,2779337819
1,98	0,802851455917	1,11507146655	-16,9684788389
1,99	0,802851455917	1,06659009844	-0,673352335005
2	0,820304748437	1,35747830711	-5,52148914604
2,01	0,837758040957	1,01810873033	-16,9684788388
2,02	0,837758040957	0,872664625996	-16,4297969709
2,03	0,855211333477	0,727220521664	-16,9684788387
2,04	0,855211333477	0,387850944888	-5,52148914583
2,05	0,855211333477	0,678739153556	-0,673352334794
2,06	0,872664625997	0,630257785446	-16,9684788389
2,07	0,872664625997	0,193925472445	-21,2779337821
2,08	0,872664625997	0,0484813681112	-12,1203420278
2,09	0,872664625997	0	-5,521489146
2,1	0,872664625997	0	-5,521489146
2,11	0,872664625997	-0,0484813681112	-12,1203420278
2,12	0,872664625997	-0,193925472445	-21,2779337821
2,13	0,872664625997	-0,630257785446	-16,9684788389
2,14	0,855211333477	-0,678739153556	-0,673352334794
2,15	0,855211333477	-0,387850944888	-5,6561596128
2,16	0,855211333477	-0,727220521664	-17,7765016406
2,17	0,837758040957	-0,872664625996	-20,0658995792
2,18	0,837758040957	-1,06659009844	-24,2406840555
2,19	0,820304748437	-1,50292241144	-14,0057285655
2,2	0,802851455917	-1,50292241144	7,40687568353
2,21	0,785398163397	-1,11507146655	7,54154615066
2,22	0,785398163397	-1,11507146655	-13,1977057634
2,23	0,767944870877	-1,55140377955	-20,4699109801
2,24	0,750491578358	-1,69684788388	-11,9856715608
2,25	0,733038285838	-1,74532925199	-5,52148914609
2,26	0,715584993318	-1,745329252	-5,52148914607
2,27	0,698131700798	-1,79381062011	-11,9856715607
2,28	0,680678408278	-1,93925472444	-20,4699109802
2,29	0,663225115758	-2,37558703744	-13,1977057635
2,3	0,628318530718	-2,37558703744	7,67621661764
2,31	0,610865238198	-1,98773609255	8,34956895249
2,32	0,593411945678	-1,98773609255	-9,42693268829
2,33	0,575958653158	-2,37558703744	-12,2550124948
2,34	0,541052068118	-2,42406840555	1,34670466976
2,35	0,523598775598	-2,13318019688	0
2,36	0,506145483078	-2,42406840555	-1,34670466976
2,37	0,471238898038	-2,37558703744	12,2550124948
2,38	0,453785605519	-1,98773609255	9,29226222131
2,39	0,436332312999	-1,98773609255	-9,29226222131
2,4	0,418879020479	-2,37558703744	-12,2550124948
2,41	0,383972435439	-2,42406840555	1,34670466976
2,42	0,366519142919	-2,13318019688	0,134670466975
2,43	0,349065850399	-2,42406840555	-0,404011400933
2,44	0,314159265359	-2,37558703744	16,6991379049
2,45	0,296705972839	-1,93925472444	20,3352405132
2,46	0,279252680319	-1,7938106201	7,40687568355
2,47	0,261799387799	-1,79381062011	-7,13753474971
2,48	0,244346095279	-1,93925472444	-18,4498539755
2,49	0,226892802759	-2,37558703743	-7,54154615053
2,5	0,191986217719	-2,32710566932	24,1060135884
2,51	0,1745329252	-1,745329252	40,6704810263
2,52	0,157079632679	-1,16355283467	24,2406840555
2,53	0,157079632679	-1,11507146655	-6,73352334863
2,54	0,13962634016	-1,55140377955	-14,6790809002
2,55	0,12217304764	-1,64836651577	1,07736373569
2,56	0,10471975512	-1,55140377955	20,4699109801
2,57	0,0872664625997	-1,06659009844	24,2406840555
2,58	0,0872664625997	-0,921145994108	13,4670466976
2,59	0,0698131700798	-0,872664625996	8,48423941948
2,6	0,0698131700798	-0,824183257885	9,15759175431
2,61	0,0523598775599	-0,727220521663	13,3323762305
2,62	0,0523598775599	-0,387850944887	4,71346634411
2,63	0,0523598775599	-0,678739153552	0,538681867899
2,64	0,0349065850399	-0,630257785441	17,1031493058
2,65	0,0349065850399	-0,193925472444	22,2206270508
2,66	0,0349065850399	-0,0484813681109	16,5644674379
2,67	0,0349065850399	0,0484813681109	16,5644674379
2,68	0,0349065850399	0,193925472444	22,2206270508
2,69	0,0349065850399	0,630257785441	17,1031493058
2,7	0,0523598775599	0,678739153552	0,538681867899
2,71	0,0523598775599	0,387850944887	4,71346634411
2,72	0,0523598775599	0,727220521663	13,3323762305
2,73	0,0698131700798	0,824183257885	9,02292128733
2,74	0,0698131700798	0,872664625996	7,54154615066
2,75	0,0872664625997	0,921145994108	9,02292128744
2,76	0,0872664625997	1,01810873033	13,3323762306
2,77	0,10471975512	1,35747830711	4,71346634404
2,78	0,12217304764	1,06659009844	0,538681867796
2,79	0,12217304764	1,11507146655	16,9684788388
2,8	0,13962634016	1,55140377955	21,2779337821
2,81	0,157079632679	1,69684788388	12,1203420278
2,82	0,1745329252	1,745329252	5,52148914589
2,83	0,191986217719	1,74532925199	5,52148914586
2,84	0,209439510239	1,7938106201	11,9856715607
2,85	0,226892802759	1,93925472444	20,4699109803
2,86	0,244346095279	2,37558703744	13,1977057636
2,87	0,279252680319	2,37558703744	-7,67621661756
2,88	0,296705972839	1,98773609255	-8,4842394194
2,89	0,314159265359	1,98773609255	8,61890988639
2,9	0,331612557879	2,37558703744	8,6189098863
2,91	0,366519142919	2,37558703743	-8,61890988644
2,92	0,383972435439	1,98773609255	-8,48423941934
2,93	0,401425727959	1,98773609255	9,42693268831
2,94	0,418879020479	2,37558703744	12,2550124947
2,95	0,453785605519	2,42406840555	-1,21203420277
2,96	0,471238898038	2,13318019688	0,808022801881
2,97	0,488692190558	2,42406840555	4,98280727803
2,98	0,523598775598	2,42406840555	-4,98280727807
2,99	0,541052068118	2,13318019688	-0,942693268815
3	0,558505360638	2,42406840555	0,26934093387
3,01	0,593411945678	2,37558703743	-16,8338083719
3,02	0,610865238198	1,93925472444	-21,143263315
3,03	0,628318530718	1,79381062011	-11,1776487588
3,04	0,645771823238	1,745329252	-0,942693268879
3,05	0,663225115758	1,7938106201	6,32951194775
3,06	0,680678408278	1,89077335633	8,34956895249
3,07	0,698131700798	2,18166156499	-8,08022801843
3,08	0,733038285838	1,745329252	-24,5100249895
3,09	0,733038285838	1,308996939	-8,21489848556
3,1	0,750491578358	1,59988514766	7,54154615058
3,11	0,767944870877	1,69684788388	2,55873887262
3,12	0,785398163397	1,69684788388	-9,1575917542
3,13	0,802851455917	1,55140377955	-24,2406840555
3,14	0,820304748437	1,06659009844	-25,0487068574
3,15	0,820304748437	0,921145994107	-13,6017171645
3,16	0,837758040957	0,872664625996	-8,48423941943
3,17	0,837758040957	0,824183257885	-9,15759175425
3,18	0,855211333477	0,727220521664	-13,3323762304
3,19	0,855211333477	0,387850944888	-4,71346634398
3,2	0,855211333477	0,678739153556	-0,538681867819
3,21	0,872664625997	0,630257785446	-16,9684788389
3,22	0,872664625997	0,193925472445	-21,4126042491
3,23	0,872664625997	0,0484813681112	-12,9283648297
3,24	0,872664625997	0	-9,15759175434
3,25	0,872664625997	-0,0484813681112	-12,9283648297
3,26	0,872664625997	-0,193925472445	-21,4126042491
3,27	0,872664625997	-0,630257785446	-16,9684788389
3,28	0,855211333477	-0,678739153556	-0,673352334794
3,29	0,855211333477	-0,387850944888	-5,52148914583
3,3	0,855211333477	-0,727220521664	-16,9684788387
3,31	0,837758040957	-0,872664625996	-16,4297969709
3,32	0,837758040957	-1,01810873033	-16,9684788388
3,33	0,820304748437	-1,35747830711	-5,52148914604
3,34	0,802851455917	-1,06659009844	-0,673352335006
3,35	0,802851455917	-1,11507146655	-16,9684788389
3,36	0,785398163397	-1,55140377955	-21,2779337819
3,37	0,767944870877	-1,69684788388	-11,9856715606
3,38	0,750491578358	-1,74532925199	-4,57879587714
3,39	0,733038285838	-1,74532925199	-0,942693268926
3,4	0,715584993318	-1,745329252	-0,269340934029
3,41	0,698131700798	-1,745329252	-0,942693268772
3,42	0,680678408278	-1,74532925199	-4,57879587708
3,43	0,663225115758	-1,7938106201	-11,8510010938
3,44	0,645771823238	-1,93925472444	-20,4699109802
3,45	0,628318530718	-2,37558703744	-13,1977057635
3,46	0,593411945678	-2,37558703743	7,67621661761
3,47	0,575958653158	-1,98773609255	8,34956895237
3,48	0,558505360638	-1,98773609255	-9,42693268831
3,49	0,541052068118	-2,37558703744	-12,2550124947
3,5	0,506145483078	-2,42406840555	1,34670466974
3,51	0,488692190558	-2,13318019688	-3,24598372872E-011
3,52	0,471238898038	-2,42406840555	-1,34670466971
3,53	0,436332312999	-2,37558703744	12,2550124947
3,54	0,418879020479	-1,98773609255	9,42693268822
3,55	0,401425727959	-1,98773609255	-8,48423941932
3,56	0,383972435439	-2,37558703743	-8,61890988632
3,57	0,349065850399	-2,37558703743	8,61890988632
3,58	0,331612557879	-1,98773609255	8,6189098863
3,59	0,314159265359	-1,98773609255	-8,4842394194
3,6	0,296705972839	-2,37558703744	-7,67621661756
3,61	0,261799387799	-2,37558703744	13,1977057635
3,62	0,244346095279	-1,93925472444	20,4699109803
3,63	0,226892802759	-1,7938106201	11,8510010939
3,64	0,209439510239	-1,74532925199	4,71346634411
3,65	0,191986217719	-1,74532925199	1,88538653754
3,66	0,1745329252	-1,745329252	4,71346634404
3,67	0,157079632679	-1,69684788388	11,9856715608
3,68	0,13962634016	-1,55140377955	21,2779337821
3,69	0,12217304764	-1,11507146655	16,9684788388
3,7	0,12217304764	-1,06659009844	0,538681867796
3,71	0,10471975512	-1,35747830711	4,71346634404
3,72	0,0872664625997	-1,01810873033	13,3323762306
3,73	0,0872664625997	-0,921145994108	9,15759175441
3,74	0,0698131700798	-0,872664625996	8,34956895251
3,75	0,0698131700798	-0,824183257885	12,6590238956
3,76	0,0523598775599	-0,678739153552	20,6045814471
3,77	0,0523598775599	-0,242406840554	13,1977057635
3,78	0,0523598775599	-0,242406840554	-7,40687568361
3,79	0,0523598775599	-0,630257785441	-6,59885288176
3,8	0,0349065850399	-0,630257785441	17,7765016407
3,81	0,0349065850399	-0,145444104333	32,4555825409
3,82	0,0349065850399	0,145444104333	33,1289348758
3,83	0,0349065850399	0,630257785441	21,5472747159
3,84	0,0523598775599	0,678739153552	1,48137513672
3,85	0,0523598775599	0,387850944887	4,84813681109
3,86	0,0523598775599	0,727220521663	13,1977057635
3,87	0,0698131700798	0,824183257885	8,21489848549
3,88	0,0698131700798	0,872664625996	3,90544354234
3,89	0,0872664625997	0,872664625997	1,7507160708
3,9	0,0872664625997	0,872664626	4,84813681117
3,91	0,10471975512	0,921145994111	12,7936943625
3,92	0,10471975512	1,06659009844	25,0487068572
3,93	0,12217304764	1,55140377955	25,0487068573
3,94	0,13962634016	1,69684788388	12,7936943627
3,95	0,157079632679	1,745329252	4,71346634419
3,96	0,1745329252	1,745329252	0,942693268748
3,97	0,191986217719	1,74532925199	0,269340933847
3,98	0,209439510239	1,74532925199	0,942693268823
3,99	0,226892802759	1,74532925199	4,57879587725
4	0,244346095279	1,79381062011	11,8510010939
4,01	0,261799387799	1,93925472444	20,4699109801
4,02	0,279252680319	2,37558703744	13,1977057635
4,03	0,314159265359	2,37558703744	-7,67621661755
4,04	0,331612557879	1,98773609255	-8,34956895251
4,05	0,349065850399	1,98773609255	9,42693268817
4,06	0,366519142919	2,37558703743	12,2550124948
4,07	0,401425727959	2,42406840555	-1,34670466967
4,08	0,418879020479	2,13318019688	-7,89985361078E-012
4,09	0,436332312999	2,42406840555	1,34670466975
4,1	0,471238898038	2,37558703744	-12,2550124947
4,11	0,488692190558	1,98773609255	-9,42693268826
4,12	0,506145483078	1,98773609255	8,4842394194
4,13	0,523598775598	2,37558703744	8,61890988639
4,14	0,558505360638	2,37558703744	-8,61890988646
4,15	0,575958653158	1,98773609255	-8,61890988644
4,16	0,593411945678	1,98773609255	8,48423941946
4,17	0,610865238198	2,37558703744	7,67621661761
4,18	0,645771823238	2,37558703744	-13,1977057636
4,19	0,663225115758	1,93925472444	-20,4699109802
4,2	0,680678408278	1,7938106201	-11,8510010937
4,21	0,698131700798	1,745329252	-4,71346634406
4,22	0,715584993318	1,745329252	-1,88538653773
4,23	0,733038285838	1,74532925199	-4,71346634424
4,24	0,750491578358	1,69684788388	-11,9856715608
4,25	0,767944870877	1,55140377955	-21,277933782
4,26	0,785398163397	1,11507146655	-16,9684788387
4,27	0,785398163397	1,06659009844	-0,53868186782
4,28	0,802851455917	1,35747830711	-4,71346634419
4,29	0,820304748437	1,01810873033	-13,3323762306
4,3	0,820304748437	0,921145994107	-9,02292128738
4,31	0,837758040957	0,872664625996	-7,54154615061
4,32	0,837758040957	0,824183257885	-9,02292128728
4,33	0,855211333477	0,727220521664	-13,3323762304
4,34	0,855211333477	0,387850944888	-4,71346634398
4,35	0,855211333477	0,678739153556	-0,538681867819
4,36	0,872664625997	0,630257785446	-17,1031493059
4,37	0,872664625997	0,193925472445	-22,220627051
4,38	0,872664625997	0,0484813681112	-16,564467438
4,39	0,872664625997	-0,0484813681112	-16,564467438
4,4	0,872664625997	-0,193925472445	-22,220627051
4,41	0,872664625997	-0,630257785446	-17,1031493059
4,42	0,855211333477	-0,678739153556	-0,538681867819
4,43	0,855211333477	-0,387850944888	-4,71346634398
4,44	0,855211333477	-0,727220521664	-13,3323762304
4,45	0,837758040957	-0,824183257885	-9,15759175425
4,46	0,837758040957	-0,872664625996	-8,48423941943
4,47	0,820304748437	-0,921145994107	-13,6017171645
4,48	0,820304748437	-1,06659009844	-25,0487068574
4,49	0,802851455917	-1,55140377955	-24,1060135885
4,5	0,785398163397	-1,69684788388	-8,34956895235
4,51	0,767944870877	-1,69684788388	6,19484148096
4,52	0,750491578358	-1,55140377955	14,8137513673
4,53	0,733038285838	-1,16355283466	0,269340933901
4,54	0,733038285838	-1,308996939	-32,590253008
4,55	0,715584993318	-2,18166156499	-32,590253008
4,56	0,680678408278	-2,32710566933	0,269340933952
4,57	0,663225115758	-1,93925472444	14,8137513672
4,58	0,645771823238	-1,79381062011	6,3295119478
4,59	0,628318530718	-1,79381062011	-7,40687568353
4,6	0,610865238198	-1,93925472444	-19,5272177113
4,61	0,593411945678	-2,37558703743	-13,0630352966
4,62	0,558505360638	-2,37558703744	7,67621661748
4,63	0,541052068118	-1,98773609255	8,34956895244
4,64	0,523598775598	-1,98773609255	-9,42693268823
4,65	0,506145483078	-2,37558703744	-12,2550124947
4,66	0,471238898038	-2,42406840555	1,34670466978
4,67	0,453785605519	-2,13318019688	5,26677467071E-012
4,68	0,436332312999	-2,42406840555	-1,34670466975
4,69	0,401425727959	-2,37558703744	12,2550124948
4,7	0,383972435439	-1,98773609255	9,42693268829
4,71	0,366519142919	-1,98773609255	-8,34956895249
4,72	0,349065850399	-2,37558703744	-7,67621661761
4,73	0,314159265359	-2,37558703744	13,1977057636
4,74	0,296705972839	-1,93925472444	20,4699109802
4,75	0,279252680319	-1,7938106201	11,8510010937
4,76	0,261799387799	-1,745329252	4,57879587709
4,77	0,244346095279	-1,745329252	0,942693268903
4,78	0,226892802759	-1,74532925199	0,134670467078
4,79	0,209439510239	-1,74532925199	0
4,8	0,191986217719	-1,74532925199	0,134670466872
4,81	0,1745329252	-1,745329252	0,942693268748
4,82	0,157079632679	-1,745329252	4,57879587721
4,83	0,13962634016	-1,69684788388	11,9856715608
4,84	0,12217304764	-1,55140377955	21,412604249
4,85	0,10471975512	-1,11507146655	17,7765016406
4,86	0,10471975512	-1,06659009844	4,30945494312
4,87	0,0872664625997	-1,308996939	12,9283648296
4,88	0,0698131700798	-0,872664625997	26,3954115272
4,89	0,0698131700798	-0,436332312998	12,9283648296
4,9	0,0698131700798	-0,678739153552	4,30945494322
4,91	0,0523598775599	-0,630257785441	17,7765016407
4,92	0,0523598775599	-0,193925472444	21,412604249
4,93	0,0523598775599	-0,0484813681109	11,9856715607
4,94	0,0523598775599	0	4,57879587714
4,95	0,0523598775599	0	1,0773637358
4,96	0,0523598775599	0	1,0773637358
4,97	0,0523598775599	0	4,57879587714
4,98	0,0523598775599	0,0484813681109	11,9856715607
4,99	0,0523598775599	0,193925472444	21,412604249
5	0,0523598775599	0,630257785441	17,7765016407
5,01	0,0698131700798	0,678739153552	4,30945494322
5,02	0,0698131700798	0,436332312998	12,9283648296
5,03	0,0698131700798	0,872664625997	26,3954115272
5,04	0,0872664625997	1,308996939	12,9283648296
5,05	0,10471975512	1,06659009844	4,30945494312
5,06	0,10471975512	1,11507146655	17,7765016406
5,07	0,12217304764	1,55140377955	21,412604249
5,08	0,13962634016	1,69684788388	11,9856715608
5,09	0,157079632679	1,745329252	4,57879587721
5,1	0,1745329252	1,745329252	0,942693268748
5,11	0,191986217719	1,74532925199	0,134670466872
5,12	0,209439510239	1,74532925199	0
5,13	0,226892802759	1,74532925199	0,134670467078
5,14	0,244346095279	1,745329252	0,942693268903
5,15	0,261799387799	1,745329252	4,57879587709
5,16	0,279252680319	1,7938106201	11,8510010937
5,17	0,296705972839	1,93925472444	20,4699109802
5,18	0,314159265359	2,37558703744	13,1977057636
5,19	0,349065850399	2,37558703744	-7,67621661761
5,2	0,366519142919	1,98773609255	-8,34956895249
5,21	0,383972435439	1,98773609255	9,42693268829
5,22	0,401425727959	2,37558703744	12,2550124948
5,23	0,436332312999	2,42406840555	-1,34670466975
5,24	0,453785605519	2,13318019688	5,26677467071E-012
5,25	0,471238898038	2,42406840555	1,34670466978
5,26	0,506145483078	2,37558703744	-12,2550124947
5,27	0,523598775598	1,98773609255	-9,42693268823
5,28	0,541052068118	1,98773609255	8,34956895244
5,29	0,558505360638	2,37558703744	7,67621661748
5,3	0,593411945678	2,37558703743	-13,1977057636
5,31	0,610865238198	1,93925472444	-20,4699109801
5,32	0,628318530718	1,79381062011	-11,8510010937
5,33	0,645771823238	1,745329252	-4,5787958772
5,34	0,663225115758	1,74532925199	-0,942693268879
5,35	0,680678408278	1,74532925199	-0,134670466919
5,36	0,698131700798	1,745329252	5,08796708469E-011
5,37	0,715584993318	1,745329252	-0,134670467055
5,38	0,733038285838	1,74532925199	-0,942693268926
5,39	0,750491578358	1,74532925199	-4,57879587714
5,4	0,767944870877	1,69684788388	-11,9856715606
5,41	0,785398163397	1,55140377955	-21,2779337819
5,42	0,802851455917	1,11507146655	-16,9684788389
5,43	0,802851455917	1,06659009844	-0,673352335006
5,44	0,820304748437	1,35747830711	-5,65615961301
5,45	0,837758040957	1,01810873033	-17,7765016407
5,46	0,837758040957	0,872664625996	-20,0658995792
5,47	0,855211333477	0,678739153552	-24,2406840554
5,48	0,855211333477	0,242406840555	-14,0057285653
5,49	0,855211333477	0,242406840556	7,27220521676
5,5	0,855211333477	0,630257785446	6,59885288183
5,51	0,872664625997	0,630257785446	-17,7765016408
5,52	0,872664625997	0,145444104334	-32,3209120741
5,53	0,872664625997	-0,145444104334	-32,3209120741
5,54	0,872664625997	-0,630257785446	-17,7765016408
5,55	0,855211333477	-0,630257785446	6,59885288183
5,56	0,855211333477	-0,242406840556	7,40687568374
5,57	0,855211333477	-0,242406840555	-13,1977057634
5,58	0,855211333477	-0,678739153552	-20,6045814471
5,59	0,837758040957	-0,824183257885	-12,7936943626
5,6	0,837758040957	-0,872664625996	-9,15759175431
5,61	0,820304748437	-0,921145994107	-12,7936943627
5,62	0,820304748437	-1,06659009844	-20,6045814473
5,63	0,802851455917	-1,50292241144	-13,1977057636
5,64	0,785398163397	-1,50292241144	7,54154615066
5,65	0,767944870877	-1,11507146655	7,54154615071
5,66	0,767944870877	-1,11507146655	-13,1977057635
5,67	0,750491578358	-1,55140377955	-20,6045814472
5,68	0,733038285838	-1,69684788388	-12,7936943627
5,69	0,715584993318	-1,745329252	-9,15759175439
5,7	0,698131700798	-1,79381062011	-12,7936943626
5,71	0,680678408278	-1,93925472444	-20,4699109802
5,72	0,663225115758	-2,37558703744	-12,3896829617
5,73	0,628318530718	-2,37558703744	11,312319226
5,74	0,610865238198	-1,93925472444	15,7564446361
5,75	0,593411945678	-1,84229198821	0
5,76	0,575958653158	-1,93925472444	-15,8911151031
5,77	0,558505360638	-2,37558703744	-12,2550124948
5,78	0,523598775598	-2,37558703744	7,81088708453
5,79	0,506145483078	-1,98773609255	8,34956895242
5,8	0,488692190558	-1,98773609255	-9,42693268826
5,81	0,471238898038	-2,37558703744	-12,2550124947
5,82	0,436332312999	-2,42406840555	1,34670466975
5,83	0,418879020479	-2,13318019688	-7,89985361078E-012
5,84	0,401425727959	-2,42406840555	-1,34670466967
5,85	0,366519142919	-2,37558703743	12,2550124948
5,86	0,349065850399	-1,98773609255	9,42693268817
5,87	0,331612557879	-1,98773609255	-8,34956895251
5,88	0,314159265359	-2,37558703744	-7,67621661755
5,89	0,279252680319	-2,37558703744	13,1977057635
5,9	0,261799387799	-1,93925472444	20,4699109801
5,91	0,244346095279	-1,79381062011	11,8510010939
5,92	0,226892802759	-1,74532925199	4,57879587725
5,93	0,209439510239	-1,74532925199	1,0773637358
5,94	0,191986217719	-1,74532925199	1,07736373569
5,95	0,1745329252	-1,745329252	4,57879587706
5,96	0,157079632679	-1,69684788388	11,9856715608
5,97	0,13962634016	-1,55140377955	21,2779337821
5,98	0,12217304764	-1,11507146655	16,9684788388
5,99	0,12217304764	-1,06659009844	0,673352334771
6	0,10471975512	-1,35747830711	5,52148914589
6,01	0,0872664625997	-1,01810873033	16,9684788389
6,02	0,0872664625997	-0,872664625997	16,429796971
6,03	0,0698131700798	-0,727220521664	16,9684788389
6,04	0,0698131700798	-0,387850944887	5,52148914599
6,05	0,0698131700798	-0,678739153552	0,67335233488
6,06	0,0523598775599	-0,630257785441	16,9684788388
6,07	0,0523598775599	-0,193925472444	21,277933782
6,08	0,0523598775599	-0,0484813681109	11,9856715607
6,09	0,0523598775599	0	4,71346634411
6,1	0,0523598775599	0	1,88538653765
6,11	0,0523598775599	0	4,71346634411
6,12	0,0523598775599	0,0484813681109	11,9856715607
6,13	0,0523598775599	0,193925472444	21,412604249
6,14	0,0523598775599	0,630257785441	17,7765016407
6,15	0,0698131700798	0,678739153552	4,30945494322
6,16	0,0698131700798	0,436332312998	12,9283648296
6,17	0,0698131700798	0,872664625997	26,3954115272
6,18	0,0872664625997	1,308996939	12,7936943627
6,19	0,10471975512	1,06659009844	3,36676167429
6,2	0,10471975512	1,11507146655	13,1977057634
6,21	0,12217304764	1,50292241144	9,56160315515
6,22	0,13962634016	1,50292241144	-8,34956895238
6,23	0,157079632679	1,11507146655	-7,67621661743
6,24	0,157079632679	1,11507146655	13,3323762306
6,25	0,1745329252	1,55140377955	21,4126042489
6,26	0,191986217719	1,69684788388	16,4297969708
6,27	0,209439510239	1,7938106201	16,4297969709
6,28	0,226892802759	1,93925472444	21,2779337821
6,29	0,244346095279	2,37558703744	12,5243534287
6,3	0,279252680319	2,37558703744	-11,3123192259
6,31	0,296705972839	1,93925472444	-15,756444636
6,32	0,314159265359	1,84229198822	0,134670466983
6,33	0,331612557879	1,93925472444	16,6991379048
6,34	0,349065850399	2,37558703743	15,891115103
6,35	0,383972435439	2,42406840555	-0,538681867838
6,36	0,401425727959	2,13318019688	0,134670467055
6,37	0,418879020479	2,42406840555	1,34670466974
6,38	0,453785605519	2,37558703744	-12,2550124947
6,39	0,471238898038	1,98773609255	-9,42693268819
6,4	0,488692190558	1,98773609255	8,48423941937
6,41	0,506145483078	2,37558703744	8,61890988637
6,42	0,541052068118	2,37558703744	-8,61890988637
6,43	0,558505360638	1,98773609255	-8,61890988646
6,44	0,575958653158	1,98773609255	8,48423941934
6,45	0,593411945678	2,37558703743	7,67621661761
6,46	0,628318530718	2,37558703744	-13,1977057635
6,47	0,645771823238	1,93925472444	-20,4699109802
6,48	0,663225115758	1,7938106201	-11,8510010938
6,49	0,680678408278	1,74532925199	-4,57879587708
6,5	0,698131700798	1,745329252	-1,07736373575
6,51	0,715584993318	1,745329252	-1,07736373588
6,52	0,733038285838	1,74532925199	-4,57879587727
6,53	0,750491578358	1,69684788388	-11,9856715608
6,54	0,767944870877	1,55140377955	-21,277933782
6,55	0,785398163397	1,11507146655	-16,9684788387
6,56	0,785398163397	1,06659009844	-0,53868186782
6,57	0,802851455917	1,35747830711	-4,71346634419
6,58	0,820304748437	1,01810873033	-13,3323762306
6,59	0,820304748437	0,921145994107	-9,15759175436
6,6	0,837758040957	0,872664625996	-8,48423941943
6,61	0,837758040957	0,824183257885	-13,6017171644
6,62	0,855211333477	0,678739153552	-25,1833773243
6,63	0,855211333477	0,193925472444	-25,0487068573
6,64	0,855211333477	0,0484813681109	-12,7936943626
6,65	0,855211333477	0	-4,71346634411
6,66	0,855211333477	0	-0,942693268823
6,67	0,855211333477	0	-0,269340933949
6,68	0,855211333477	0	-0,942693268823
6,69	0,855211333477	0	-4,71346634411
6,7	0,855211333477	-0,0484813681109	-12,7936943626
6,71	0,855211333477	-0,193925472444	-25,0487068573
6,72	0,855211333477	-0,678739153552	-25,1833773243
6,73	0,837758040957	-0,824183257885	-13,6017171644
6,74	0,837758040957	-0,872664625996	-8,48423941943
6,75	0,820304748437	-0,921145994107	-9,15759175436
6,76	0,820304748437	-1,01810873033	-13,3323762306
6,77	0,802851455917	-1,35747830711	-4,71346634419
6,78	0,785398163397	-1,06659009844	-0,53868186782
6,79	0,785398163397	-1,11507146655	-16,9684788387
6,8	0,767944870877	-1,55140377955	-21,277933782
6,81	0,750491578358	-1,69684788388	-11,9856715608
6,82	0,733038285838	-1,74532925199	-4,57879587727
6,83	0,715584993318	-1,745329252	-1,07736373588
6,84	0,698131700798	-1,745329252	-1,07736373575
6,85	0,680678408278	-1,74532925199	-4,57879587708
6,86	0,663225115758	-1,7938106201	-11,8510010938
6,87	0,645771823238	-1,93925472444	-20,3352405132
6,88	0,628318530718	-2,37558703744	-12,3896829616
6,89	0,593411945678	-2,37558703743	11,3123192259
6,9	0,575958653158	-1,93925472444	15,756444636
6,91	0,558505360638	-1,84229198822	-0,134670467055
6,92	0,541052068118	-1,93925472444	-16,6991379049
6,93	0,523598775598	-2,37558703744	-15,891115103
6,94	0,488692190558	-2,42406840555	0,538681867866
6,95	0,471238898038	-2,13318019688	-0,134670466942
6,96	0,453785605519	-2,42406840555	-1,34670466974
6,97	0,418879020479	-2,37558703744	12,2550124947
6,98	0,401425727959	-1,98773609255	9,42693268831
6,99	0,383972435439	-1,98773609255	-8,34956895237
7	0,366519142919	-2,37558703743	-7,67621661761
7,01	0,331612557879	-2,37558703744	13,1977057635
7,02	0,314159265359	-1,93925472444	20,4699109802
7,03	0,296705972839	-1,7938106201	11,8510010938
7,04	0,279252680319	-1,74532925199	4,57879587708
7,05	0,261799387799	-1,745329252	0,942693268772
7,06	0,244346095279	-1,745329252	0,134670467055
7,07	0,226892802759	-1,74532925199	1,03514110863E-010
7,08	0,209439510239	-1,74532925199	0
7,09	0,191986217719	-1,74532925199	0,134670466872
7,1	0,1745329252	-1,745329252	0,942693268748
7,11	0,157079632679	-1,745329252	4,71346634419
7,12	0,13962634016	-1,69684788388	12,7936943627
7,13	0,12217304764	-1,55140377955	25,0487068573
7,14	0,10471975512	-1,06659009844	25,0487068572
7,15	0,10471975512	-0,921145994111	12,7936943625
7,16	0,0872664625997	-0,872664626	4,84813681117
7,17	0,0872664625997	-0,872664625997	1,88538653778
7,18	0,0698131700798	-0,872664625996	4,84813681117
7,19	0,0698131700798	-0,824183257885	12,7936943626
7,2	0,0523598775599	-0,678739153552	25,0487068573
7,21	0,0523598775599	-0,193925472444	25,0487068573
7,22	0,0523598775599	-0,0484813681109	12,7936943626
7,23	0,0523598775599	0	4,84813681109
7,24	0,0523598775599	0	1,88538653765
7,25	0,0523598775599	0	4,71346634411
7,26	0,0523598775599	0,0484813681109	11,9856715607
7,27	0,0523598775599	0,193925472444	21,277933782
7,28	0,0523598775599	0,630257785441	16,9684788388
7,29	0,0698131700798	0,678739153552	0,67335233488
7,3	0,0698131700798	0,387850944887	5,65615961297
7,31	0,0698131700798	0,727220521664	17,7765016407
7,32	0,0872664625997	0,872664625997	20,0658995794
7,33	0,0872664625997	1,06659009844	24,2406840555
7,34	0,10471975512	1,50292241144	14,0057285653
7,35	0,12217304764	1,50292241144	-7,40687568371
7,36	0,13962634016	1,11507146655	-7,54154615058
7,37	0,13962634016	1,11507146655	13,1977057636
7,38	0,157079632679	1,55140377955	20,4699109802
7,39	0,1745329252	1,69684788388	11,8510010937
7,4	0,191986217719	1,74532925199	4,71346634401
7,41	0,209439510239	1,74532925199	1,88538653765
7,42	0,226892802759	1,74532925199	4,71346634422
7,43	0,244346095279	1,79381062011	11,8510010939
7,44	0,261799387799	1,93925472444	20,3352405132
7,45	0,279252680319	2,37558703744	12,3896829617
7,46	0,314159265359	2,37558703744	-11,3123192259
7,47	0,331612557879	1,93925472444	-15,7564446361
7,48	0,349065850399	1,84229198822	0,134670466914
7,49	0,366519142919	1,93925472444	16,6991379049
7,5	0,383972435439	2,37558703744	15,8911151031
7,51	0,418879020479	2,42406840555	-0,538681867907
7,52	0,436332312999	2,13318019688	0,134670466975
7,53	0,453785605519	2,42406840555	1,34670466976
7,54	0,488692190558	2,37558703744	-12,2550124948
7,55	0,506145483078	1,98773609255	-9,42693268829
7,56	0,523598775598	1,98773609255	8,34956895249
7,57	0,541052068118	2,37558703744	7,67621661761
7,58	0,575958653158	2,37558703744	-13,1977057636
7,59	0,593411945678	1,93925472444	-20,4699109802
7,6	0,610865238198	1,7938106201	-11,8510010937
7,61	0,628318530718	1,745329252	-4,57879587708
7,62	0,645771823238	1,745329252	-0,942693268879
7,63	0,663225115758	1,74532925199	-0,134670467031
7,64	0,680678408278	1,74532925199	5,52656685847E-011
7,65	0,698131700798	1,745329252	5,08796708469E-011
7,66	0,715584993318	1,745329252	-0,134670467055
7,67	0,733038285838	1,74532925199	-0,942693268926
7,68	0,750491578358	1,74532925199	-4,71346634411
7,69	0,767944870877	1,69684788388	-12,7936943625
7,7	0,785398163397	1,55140377955	-25,0487068572
7,71	0,802851455917	1,06659009844	-25,0487068574
7,72	0,802851455917	0,921145994108	-12,7936943627
7,73	0,820304748437	0,872664625996	-4,84813681117
7,74	0,820304748437	0,872664625996	-1,88538653768
7,75	0,837758040957	0,872664625996	-4,84813681109
7,76	0,837758040957	0,824183257885	-12,7936943626
7,77	0,855211333477	0,678739153552	-25,0487068573
7,78	0,855211333477	0,193925472444	-25,0487068573
7,79	0,855211333477	0,0484813681109	-12,7936943626
7,8	0,855211333477	0	-4,71346634411
7,81	0,855211333477	0	-1,0773637358
7,82	0,855211333477	0	-1,0773637358
7,83	0,855211333477	0	-4,71346634411
7,84	0,855211333477	-0,0484813681109	-12,7936943626
7,85	0,855211333477	-0,193925472444	-25,0487068573
7,86	0,855211333477	-0,678739153552	-25,1833773243
7,87	0,837758040957	-0,824183257885	-13,6017171644
7,88	0,837758040957	-0,872664625996	-8,48423941943
7,89	0,820304748437	-0,921145994107	-9,15759175436
7,9	0,820304748437	-1,01810873033	-13,3323762306
7,91	0,802851455917	-1,35747830711	-4,71346634419
7,92	0,785398163397	-1,06659009844	-0,53868186782
7,93	0,785398163397	-1,11507146655	-16,9684788387
7,94	0,767944870877	-1,55140377955	-21,277933782
7,95	0,750491578358	-1,69684788388	-11,9856715608
7,96	0,733038285838	-1,74532925199	-4,57879587727
7,97	0,715584993318	-1,745329252	-0,942693268908
7,98	0,698131700798	-1,745329252	-0,134670466925
7,99	0,680678408278	-1,74532925199	-0,134670466919
8	0,663225115758	-1,74532925199	-0,942693268879
8,01	0,645771823238	-1,745329252	-4,5787958772
8,02	0,628318530718	-1,79381062011	-11,8510010937
8,03	0,610865238198	-1,93925472444	-20,4699109801
8,04	0,593411945678	-2,37558703743	-13,1977057636
8,05	0,558505360638	-2,37558703744	7,67621661748
8,06	0,541052068118	-1,98773609255	8,48423941941
8,07	0,523598775598	-1,98773609255	-8,61890988638
8,08	0,506145483078	-2,37558703744	-8,61890988639
8,09	0,471238898038	-2,37558703744	8,61890988646
8,1	0,453785605519	-1,98773609255	8,61890988644
8,11	0,436332312999	-1,98773609255	-8,61890988643
8,12	0,418879020479	-2,37558703744	-8,61890988644
8,13	0,383972435439	-2,37558703744	8,61890988644
8,14	0,366519142919	-1,98773609255	8,61890988643
8,15	0,349065850399	-1,98773609255	-8,48423941947
8,16	0,331612557879	-2,37558703744	-7,67621661764
8,17	0,296705972839	-2,37558703744	13,1977057635
8,18	0,279252680319	-1,93925472444	20,4699109802
8,19	0,261799387799	-1,79381062011	11,8510010938
8,2	0,244346095279	-1,745329252	4,57879587724
8,21	0,226892802759	-1,74532925199	1,07736373591
8,22	0,209439510239	-1,74532925199	1,0773637358
8,23	0,191986217719	-1,74532925199	4,57879587704
8,24	0,1745329252	-1,69684788388	11,9856715607
8,25	0,157079632679	-1,55140377955	21,2779337821
8,26	0,13962634016	-1,11507146655	16,9684788389
8,27	0,13962634016	-1,06659009844	0,538681867946
8,28	0,12217304764	-1,35747830711	4,71346634407
8,29	0,10471975512	-1,01810873033	13,1977057634
8,3	0,10471975512	-0,921145994111	8,21489848538
8,31	0,0872664625997	-0,872664626	3,90544354235
8,32	0,0872664625997	-0,872664625997	1,7507160708
8,33	0,0698131700798	-0,872664625996	4,84813681117
8,34	0,0698131700798	-0,824183257885	12,7936943626
8,35	0,0523598775599	-0,678739153552	25,0487068573
8,36	0,0523598775599	-0,193925472444	25,0487068573
8,37	0,0523598775599	-0,0484813681109	12,9283648296
8,38	0,0523598775599	0	5,65615961294
8,39	0,0523598775599	0	5,52148914596
8,4	0,0523598775599	0,0484813681109	12,1203420277
8,41	0,0523598775599	0,193925472444	21,277933782
8,42	0,0523598775599	0,630257785441	16,9684788388
8,43	0,0698131700798	0,678739153552	0,67335233488
8,44	0,0698131700798	0,387850944887	5,52148914599
8,45	0,0698131700798	0,727220521664	16,9684788389
8,46	0,0872664625997	0,872664625997	16,429796971
8,47	0,0872664625997	1,01810873033	16,9684788389
8,48	0,10471975512	1,35747830711	5,52148914589
8,49	0,12217304764	1,06659009844	0,673352334771
8,5	0,12217304764	1,11507146655	16,9684788388
8,51	0,13962634016	1,55140377955	21,2779337821
8,52	0,157079632679	1,69684788388	11,9856715608
8,53	0,1745329252	1,745329252	4,57879587706
8,54	0,191986217719	1,74532925199	0,94269326872
8,55	0,209439510239	1,74532925199	0,134670466975
8,56	0,226892802759	1,74532925199	0,134670467078
8,57	0,244346095279	1,745329252	0,942693268903
8,58	0,261799387799	1,745329252	4,57879587709
8,59	0,279252680319	1,7938106201	11,8510010937
8,6	0,296705972839	1,93925472444	20,4699109802
8,61	0,314159265359	2,37558703744	13,1977057636
8,62	0,349065850399	2,37558703744	-7,67621661761
8,63	0,366519142919	1,98773609255	-8,48423941946
8,64	0,383972435439	1,98773609255	8,61890988644
8,65	0,401425727959	2,37558703744	8,61890988646
8,66	0,436332312999	2,37558703744	-8,61890988639
8,67	0,453785605519	1,98773609255	-8,61890988637
8,68	0,471238898038	1,98773609255	8,61890988641
8,69	0,488692190558	2,37558703744	8,61890988635
8,7	0,523598775598	2,37558703744	-8,61890988638
8,71	0,541052068118	1,98773609255	-8,61890988637
8,72	0,558505360638	1,98773609255	8,48423941932
8,73	0,575958653158	2,37558703743	7,6762166175
8,74	0,610865238198	2,37558703743	-13,1977057635
8,75	0,628318530718	1,93925472444	-20,4699109801
8,76	0,645771823238	1,79381062011	-11,8510010938
8,77	0,663225115758	1,74532925199	-4,5787958772
8,78	0,680678408278	1,74532925199	-1,07736373574
8,79	0,698131700798	1,745329252	-1,07736373575
8,8	0,715584993318	1,745329252	-4,57879587722
8,81	0,733038285838	1,69684788388	-11,8510010939
8,82	0,750491578358	1,55140377955	-20,4699109802
8,83	0,767944870877	1,11507146655	-13,1977057635
8,84	0,767944870877	1,11507146655	7,54154615071
8,85	0,785398163397	1,50292241144	7,40687568369
8,86	0,802851455917	1,50292241144	-14,0057285654
8,87	0,820304748437	1,06659009844	-24,2406840556
8,88	0,820304748437	0,872664625996	-20,0658995793
8,89	0,837758040957	0,727220521663	-17,7765016407
8,9	0,837758040957	0,387850944887	-5,65615961294
8,91	0,837758040957	0,678739153552	-0,673352334874
8,92	0,855211333477	0,630257785441	-16,9684788388
8,93	0,855211333477	0,193925472444	-21,277933782
8,94	0,855211333477	0,0484813681109	-11,9856715607
8,95	0,855211333477	0	-4,71346634411
8,96	0,855211333477	0	-1,88538653765
8,97	0,855211333477	0	-4,84813681109
8,98	0,855211333477	-0,0484813681109	-12,7936943626
8,99	0,855211333477	-0,193925472444	-25,0487068573
9	0,855211333477	-0,678739153552	-25,0487068573
9,01	0,837758040957	-0,824183257885	-12,7936943626
9,02	0,837758040957	-0,872664625996	-4,84813681109
9,03	0,820304748437	-0,872664625996	-1,88538653768
9,04	0,820304748437	-0,872664625996	-4,84813681117
9,05	0,802851455917	-0,921145994108	-12,6590238958
9,06	0,802851455917	-1,06659009844	-24,1060135885
9,07	0,785398163397	-1,55140377955	-20,4699109801
9,08	0,767944870877	-1,64836651577	-0,942693268696
9,09	0,750491578358	-1,55140377955	15,4871037021
9,1	0,733038285838	-1,11507146655	10,369625957
9,11	0,733038285838	-1,11507146655	-16,9684788389
9,12	0,715584993318	-1,59988514766	-32,1862416071
9,13	0,698131700798	-1,89077335633	-32,1862416069
9,14	0,680678408278	-2,37558703744	-16,8338083718
9,15	0,645771823238	-2,37558703744	11,1776487589
9,16	0,628318530718	-1,93925472444	19,2578767775
9,17	0,610865238198	-1,7938106201	7,27220521674
9,18	0,593411945678	-1,7938106201	-7,27220521663
9,19	0,575958653158	-1,93925472444	-19,5272177114
9,2	0,558505360638	-2,37558703744	-13,0630352966
9,21	0,523598775598	-2,37558703744	7,67621661756
9,22	0,506145483078	-1,98773609255	8,4842394194
9,23	0,488692190558	-1,98773609255	-8,61890988641
9,24	0,471238898038	-2,37558703744	-8,61890988635
9,25	0,436332312999	-2,37558703744	8,61890988638
9,26	0,418879020479	-1,98773609255	8,61890988637
9,27	0,401425727959	-1,98773609255	-8,48423941932
9,28	0,383972435439	-2,37558703743	-7,81088708447
9,29	0,349065850399	-2,37558703743	12,2550124946
9,3	0,331612557879	-1,93925472444	15,8911151029
9,31	0,314159265359	-1,84229198822	8,77261226625E-012
9,32	0,296705972839	-1,93925472444	-15,756444636
9,33	0,279252680319	-2,37558703744	-11,1776487589
9,34	0,244346095279	-2,37558703744	13,3323762306
9,35	0,226892802759	-1,93925472444	24,9140363904
9,36	0,209439510239	-1,74532925199	23,7020021876
9,37	0,191986217719	-1,55140377955	25,0487068572
9,38	0,1745329252	-1,11507146655	14,1403990322
9,39	0,1745329252	-1,11507146655	-7,54154615066
9,4	0,157079632679	-1,50292241144	-8,34956895236
9,41	0,13962634016	-1,50292241144	9,42693268833
9,42	0,12217304764	-1,11507146655	12,3896829617
9,43	0,12217304764	-1,06659009844	-0,269340934052
9,44	0,10471975512	-1,35747830711	5,38681867891
9,45	0,0872664625997	-1,01810873033	16,9684788389
9,46	0,0872664625997	-0,872664625997	16,429796971
9,47	0,0698131700798	-0,727220521664	16,9684788389
9,48	0,0698131700798	-0,387850944887	5,52148914599
9,49	0,0698131700798	-0,678739153552	0,67335233488
9,5	0,0523598775599	-0,630257785441	16,9684788388
9,51	0,0523598775599	-0,193925472444	21,412604249
9,52	0,0523598775599	-0,0484813681109	12,9283648296
9,53	0,0523598775599	0	9,15759175428
9,54	0,0523598775599	0,0484813681109	12,9283648296
9,55	0,0523598775599	0,193925472444	21,412604249
9,56	0,0523598775599	0,630257785441	16,9684788388
9,57	0,0698131700798	0,678739153552	0,67335233488
9,58	0,0698131700798	0,387850944887	5,52148914599
9,59	0,0698131700798	0,727220521664	16,9684788389
9,6	0,0872664625997	0,872664625997	16,429796971
9,61	0,0872664625997	1,01810873033	16,9684788389
9,62	0,10471975512	1,35747830711	5,52148914589
9,63	0,12217304764	1,06659009844	0,673352334771
9,64	0,12217304764	1,11507146655	16,9684788388
9,65	0,13962634016	1,55140377955	21,2779337821
9,66	0,157079632679	1,69684788388	11,9856715608
9,67	0,1745329252	1,745329252	4,57879587706
9,68	0,191986217719	1,74532925199	0,94269326872
9,69	0,209439510239	1,74532925199	0,134670466975
9,7	0,226892802759	1,74532925199	1,03514110863E-010
9,71	0,244346095279	1,745329252	7,98268858423E-011
9,72	0,261799387799	1,745329252	0,134670466924
9,73	0,279252680319	1,74532925199	0,942693268767
9,74	0,296705972839	1,74532925199	4,5787958772
9,75	0,314159265359	1,79381062011	11,8510010938
9,76	0,331612557879	1,93925472444	20,4699109801
9,77	0,349065850399	2,37558703743	13,1977057635
9,78	0,383972435439	2,37558703743	-7,6762166175
9,79	0,401425727959	1,98773609255	-8,48423941932
9,8	0,418879020479	1,98773609255	8,61890988637
9,81	0,436332312999	2,37558703744	8,61890988638
9,82	0,471238898038	2,37558703744	-8,61890988635
9,83	0,488692190558	1,98773609255	-8,61890988641
9,84	0,506145483078	1,98773609255	8,4842394194
9,85	0,523598775598	2,37558703744	7,81088708453
9,86	0,558505360638	2,37558703744	-12,2550124948
9,87	0,575958653158	1,93925472444	-15,8911151031
9,88	0,593411945678	1,84229198821	0
9,89	0,610865238198	1,93925472444	15,7564446361
9,9	0,628318530718	2,37558703744	11,177648759
9,91	0,663225115758	2,37558703744	-13,3323762305
9,92	0,680678408278	1,93925472444	-24,9140363903
9,93	0,698131700798	1,745329252	-23,7020021875
9,94	0,715584993318	1,55140377955	-24,9140363904
9,95	0,733038285838	1,11507146655	-13,3323762306
9,96	0,733038285838	1,11507146655	11,1776487588
9,97	0,750491578358	1,55140377955	15,6217741691
9,98	0,767944870877	1,64836651577	-0,942693268696
9,99	0,785398163397	1,55140377955	-20,4699109801
10	0,802851455917	1,06659009844	-24,2406840555
10,01	0,802851455917	0,921145994108	-13,4670466976
10,02	0,820304748437	0,872664625996	-8,48423941948
10,03	0,820304748437	0,824183257885	-9,15759175431
10,04	0,837758040957	0,727220521663	-13,3323762305
10,05	0,837758040957	0,387850944887	-4,71346634411
10,06	0,837758040957	0,678739153552	-0,538681867899
10,07	0,855211333477	0,630257785441	-16,9684788388
10,08	0,855211333477	0,193925472444	-21,412604249
10,09	0,855211333477	0,0484813681109	-12,9283648296
10,1	0,855211333477	0	-9,15759175428
10,11	0,855211333477	-0,0484813681109	-12,9283648296
10,12	0,855211333477	-0,193925472444	-21,412604249
10,13	0,855211333477	-0,630257785441	-16,9684788388
10,14	0,837758040957	-0,678739153552	-0,538681867899
10,15	0,837758040957	-0,387850944887	-4,71346634411
10,16	0,837758040957	-0,727220521663	-13,3323762305
10,17	0,820304748437	-0,824183257885	-9,15759175431
10,18	0,820304748437	-0,872664625996	-8,34956895251
10,19	0,802851455917	-0,921145994108	-12,6590238958
10,2	0,802851455917	-1,06659009844	-20,6045814472
10,21	0,785398163397	-1,50292241144	-13,1977057634
10,22	0,767944870877	-1,50292241144	7,54154615071
10,23	0,750491578358	-1,11507146655	7,54154615063
10,24	0,750491578358	-1,11507146655	-13,1977057636
10,25	0,733038285838	-1,55140377955	-20,4699109803
10,26	0,715584993318	-1,69684788388	-11,9856715608
10,27	0,698131700798	-1,745329252	-5,52148914591
10,28	0,680678408278	-1,74532925199	-5,52148914591
10,29	0,663225115758	-1,7938106201	-11,9856715608
10,3	0,645771823238	-1,93925472444	-20,4699109802
10,31	0,628318530718	-2,37558703744	-13,1977057635
10,32	0,593411945678	-2,37558703743	7,67621661761
10,33	0,575958653158	-1,98773609255	8,48423941934
10,34	0,558505360638	-1,98773609255	-8,48423941948
10,35	0,541052068118	-2,37558703744	-7,81088708452
10,36	0,506145483078	-2,37558703744	12,2550124947
10,37	0,488692190558	-1,93925472444	15,891115103
10,38	0,471238898038	-1,84229198822	3,24549029626E-011
10,39	0,453785605519	-1,93925472444	-15,891115103
10,4	0,436332312999	-2,37558703744	-12,2550124947
10,41	0,401425727959	-2,37558703744	7,81088708461
10,42	0,383972435439	-1,98773609255	8,48423941947
10,43	0,366519142919	-1,98773609255	-8,48423941946
10,44	0,349065850399	-2,37558703744	-7,67621661761
10,45	0,314159265359	-2,37558703744	13,1977057636
10,46	0,296705972839	-1,93925472444	20,4699109802
10,47	0,279252680319	-1,7938106201	11,8510010937
10,48	0,261799387799	-1,745329252	4,57879587709
10,49	0,244346095279	-1,745329252	0,942693268903
10,5	0,226892802759	-1,74532925199	0,269340934053
10,51	0,209439510239	-1,74532925199	0,942693268823
10,52	0,191986217719	-1,74532925199	4,57879587704
10,53	0,1745329252	-1,69684788388	11,9856715607
10,54	0,157079632679	-1,55140377955	21,2779337821
10,55	0,13962634016	-1,11507146655	16,9684788389
10,56	0,13962634016	-1,06659009844	0,538681867946
10,57	0,12217304764	-1,35747830711	4,71346634407
10,58	0,10471975512	-1,01810873033	13,3323762304
10,59	0,10471975512	-0,921145994111	9,1575917542
10,6	0,0872664625997	-0,872664626	8,34956895251
10,61	0,0872664625997	-0,824183257886	12,6590238958
10,62	0,0698131700798	-0,678739153553	20,6045814472
10,63	0,0698131700798	-0,242406840554	13,1977057635
10,64	0,0698131700798	-0,242406840554	-7,4068756836
10,65	0,0698131700798	-0,630257785441	-6,59885288176
10,66	0,0523598775599	-0,630257785441	17,7765016407
10,67	0,0523598775599	-0,145444104333	32,3209120739
10,68	0,0523598775599	0,145444104333	32,3209120739
10,69	0,0523598775599	0,630257785441	17,7765016407
10,7	0,0698131700798	0,630257785441	-6,59885288176
10,71	0,0698131700798	0,242406840554	-7,27220521663
10,72	0,0698131700798	0,242406840554	14,0057285654
10,73	0,0698131700798	0,678739153553	24,2406840555
10,74	0,0872664625997	0,872664625997	20,0658995794
10,75	0,0872664625997	1,01810873033	17,7765016407
10,76	0,10471975512	1,35747830711	5,52148914589
10,77	0,12217304764	1,06659009844	-0,269340934052
10,78	0,12217304764	1,11507146655	12,3896829617
10,79	0,13962634016	1,50292241144	9,42693268833
10,8	0,157079632679	1,50292241144	-8,34956895236
10,81	0,1745329252	1,11507146655	-7,67621661764
10,82	0,1745329252	1,11507146655	13,3323762304
10,83	0,191986217719	1,55140377955	21,4126042489
10,84	0,209439510239	1,69684788388	16,429796971
10,85	0,226892802759	1,7938106201	16,429796971
10,86	0,244346095279	1,93925472444	21,2779337821
10,87	0,261799387799	2,37558703744	12,5243534286
10,88	0,296705972839	2,37558703744	-11,3123192259
10,89	0,314159265359	1,93925472444	-15,756444636
10,9	0,331612557879	1,84229198822	-7,98262690517E-011
10,91	0,349065850399	1,93925472444	15,891115103
10,92	0,366519142919	2,37558703743	12,2550124948
10,93	0,401425727959	2,37558703744	-7,81088708445
10,94	0,418879020479	1,98773609255	-8,48423941941
10,95	0,436332312999	1,98773609255	8,4842394194
10,96	0,453785605519	2,37558703744	7,81088708454
10,97	0,488692190558	2,37558703744	-12,2550124948
10,98	0,506145483078	1,93925472444	-15,8911151031
10,99	0,523598775598	1,84229198822	5,52656685847E-011
11	0,541052068118	1,93925472444	15,7564446361
11,01	0,558505360638	2,37558703744	11,3123192258
11,02	0,593411945678	2,37558703743	-12,3896829617
11,03	0,610865238198	1,93925472444	-20,3352405131
11,04	0,628318530718	1,79381062011	-11,8510010937
11,05	0,645771823238	1,745329252	-4,5787958772
11,06	0,663225115758	1,74532925199	-0,942693268879
11,07	0,680678408278	1,74532925199	-0,269340933894
11,08	0,698131700798	1,745329252	-0,942693268773
11,09	0,715584993318	1,745329252	-4,57879587722
11,1	0,733038285838	1,69684788388	-11,9856715609
11,11	0,750491578358	1,55140377955	-21,277933782
11,12	0,767944870877	1,11507146655	-16,9684788388
11,13	0,767944870877	1,06659009844	-0,538681867772
11,14	0,785398163397	1,35747830711	-4,71346634403
11,15	0,802851455917	1,01810873033	-13,3323762306
11,16	0,802851455917	0,921145994108	-9,02292128744
11,17	0,820304748437	0,872664625996	-7,54154615066
11,18	0,820304748437	0,824183257885	-9,02292128733
11,19	0,837758040957	0,727220521663	-13,3323762305
11,2	0,837758040957	0,387850944887	-4,71346634411
11,21	0,837758040957	0,678739153552	-0,538681867899
11,22	0,855211333477	0,630257785441	-17,1031493058
11,23	0,855211333477	0,193925472444	-22,2206270508
11,24	0,855211333477	0,0484813681109	-16,5644674379
11,25	0,855211333477	-0,0484813681109	-16,5644674379
11,26	0,855211333477	-0,193925472444	-22,2206270508
11,27	0,855211333477	-0,630257785441	-17,1031493058
11,28	0,837758040957	-0,678739153552	-0,538681867899
11,29	0,837758040957	-0,387850944887	-4,71346634411
11,3	0,837758040957	-0,727220521663	-13,3323762305
11,31	0,820304748437	-0,824183257885	-9,02292128733
11,32	0,820304748437	-0,872664625996	-7,54154615066
11,33	0,802851455917	-0,921145994108	-9,02292128744
11,34	0,802851455917	-1,01810873033	-13,3323762306
11,35	0,785398163397	-1,35747830711	-4,71346634403
11,36	0,767944870877	-1,06659009844	-0,538681867772
11,37	0,767944870877	-1,11507146655	-16,9684788388
11,38	0,750491578358	-1,55140377955	-21,277933782
11,39	0,733038285838	-1,69684788388	-11,9856715609
11,4	0,715584993318	-1,745329252	-4,57879587722
11,41	0,698131700798	-1,745329252	-1,07736373575
11,42	0,680678408278	-1,74532925199	-1,07736373574
11,43	0,663225115758	-1,74532925199	-4,5787958772
11,44	0,645771823238	-1,79381062011	-11,8510010938
11,45	0,628318530718	-1,93925472444	-20,3352405131
11,46	0,610865238198	-2,37558703743	-12,3896829616
11,47	0,575958653158	-2,37558703743	11,3123192258
11,48	0,558505360638	-1,93925472444	15,756444636
11,49	0,541052068118	-1,84229198822	8,77261226625E-012
11,5	0,523598775598	-1,93925472444	-15,891115103
11,51	0,506145483078	-2,37558703744	-12,2550124947
11,52	0,471238898038	-2,37558703744	7,81088708461
11,53	0,453785605519	-1,98773609255	8,48423941947
11,54	0,436332312999	-1,98773609255	-8,48423941946
11,55	0,418879020479	-2,37558703744	-7,81088708459
11,56	0,383972435439	-2,37558703744	12,2550124948
11,57	0,366519142919	-1,93925472444	15,8911151031
11,58	0,349065850399	-1,84229198822	-6,14101362354E-011
11,59	0,331612557879	-1,93925472444	-15,7564446361
11,6	0,314159265359	-2,37558703744	-11,3123192259
11,61	0,279252680319	-2,37558703744	12,3896829617
11,62	0,261799387799	-1,93925472444	20,4699109801
11,63	0,244346095279	-1,79381062011	12,7936943627
11,64	0,226892802759	-1,74532925199	9,15759175441
11,65	0,209439510239	-1,69684788388	12,7936943626
11,66	0,191986217719	-1,55140377955	20,6045814471
11,67	0,1745329252	-1,11507146655	13,1977057634
11,68	0,1745329252	-1,11507146655	-7,67621661764
11,69	0,157079632679	-1,50292241144	-8,34956895236
11,7	0,13962634016	-1,50292241144	9,5616031553
11,71	0,12217304764	-1,11507146655	13,1977057635
11,72	0,12217304764	-1,06659009844	3,36676167426
11,73	0,10471975512	-1,308996939	12,7936943625
11,74	0,0872664625997	-0,872664626	26,3954115271
11,75	0,0872664625997	-0,436332312999	12,9283648297
11,76	0,0872664625997	-0,678739153553	4,30945494327
11,77	0,0698131700798	-0,630257785441	17,7765016407
11,78	0,0698131700798	-0,193925472444	21,412604249
11,79	0,0698131700798	-0,0484813681109	11,9856715607
11,8	0,0698131700798	0	4,57879587714
11,81	0,0698131700798	0	0,942693268823
11,82	0,0698131700798	0	0,269340933949
11,83	0,0698131700798	0	0,942693268823
11,84	0,0698131700798	0	4,71346634411
11,85	0,0698131700798	0,0484813681109	12,7936943626
11,86	0,0698131700798	0,193925472444	25,0487068573
11,87	0,0698131700798	0,678739153553	25,1833773243
11,88	0,0872664625997	0,824183257886	13,7363876315
11,89	0,0872664625997	0,872664626	9,29226222133
11,9	0,10471975512	0,921145994111	12,7936943625
11,91	0,10471975512	1,06659009844	20,604581447
11,92	0,12217304764	1,50292241144	13,1977057635
11,93	0,13962634016	1,50292241144	-7,54154615053
11,94	0,157079632679	1,11507146655	-7,54154615046
11,95	0,157079632679	1,11507146655	13,1977057636
11,96	0,1745329252	1,55140377955	20,4699109801
11,97	0,191986217719	1,69684788388	11,8510010937
11,98	0,209439510239	1,74532925199	4,71346634411
11,99	0,226892802759	1,74532925199	1,88538653775
12	0,244346095279	1,745329252	4,71346634422
12,01	0,261799387799	1,79381062011	11,8510010938
12,02	0,279252680319	1,93925472444	20,3352405132
12,03	0,296705972839	2,37558703744	12,3896829617
12,04	0,331612557879	2,37558703744	-11,312319226
12,05	0,349065850399	1,93925472444	-15,7564446361
12,06	0,366519142919	1,84229198821	0
12,07	0,383972435439	1,93925472444	15,8911151031
12,08	0,401425727959	2,37558703744	12,2550124948
12,09	0,436332312999	2,37558703744	-7,81088708453
12,1	0,453785605519	1,98773609255	-8,4842394194
12,11	0,471238898038	1,98773609255	8,48423941944
12,12	0,488692190558	2,37558703744	7,8108870845
12,13	0,523598775598	2,37558703744	-12,2550124947
12,14	0,541052068118	1,93925472444	-15,891115103
12,15	0,558505360638	1,84229198822	-7,98262690517E-011
12,16	0,575958653158	1,93925472444	15,756444636
12,17	0,593411945678	2,37558703743	11,3123192259
12,18	0,628318530718	2,37558703744	-12,3896829616
12,19	0,645771823238	1,93925472444	-20,3352405132
12,2	0,663225115758	1,7938106201	-11,9856715608
12,21	0,680678408278	1,74532925199	-5,52148914591
12,22	0,698131700798	1,745329252	-5,52148914591
12,23	0,715584993318	1,69684788388	-11,9856715608
12,24	0,733038285838	1,55140377955	-20,4699109803
12,25	0,750491578358	1,11507146655	-13,1977057636
12,26	0,750491578358	1,11507146655	7,54154615063
12,27	0,767944870877	1,50292241144	7,54154615071
12,28	0,785398163397	1,50292241144	-13,1977057634
12,29	0,802851455917	1,06659009844	-20,6045814472
12,3	0,802851455917	0,921145994108	-12,7936943627
12,31	0,820304748437	0,872664625996	-9,15759175436
12,32	0,820304748437	0,824183257885	-12,7936943626
12,33	0,837758040957	0,678739153552	-20,6045814471
12,34	0,837758040957	0,242406840554	-13,1977057635
12,35	0,837758040957	0,242406840554	7,40687568361
12,36	0,837758040957	0,630257785441	6,59885288176
12,37	0,855211333477	0,630257785441	-17,7765016407
12,38	0,855211333477	0,145444104333	-32,3209120739
12,39	0,855211333477	-0,145444104333	-32,3209120739
12,4	0,855211333477	-0,630257785441	-17,7765016407
12,41	0,837758040957	-0,630257785441	6,59885288176
12,42	0,837758040957	-0,242406840554	7,40687568361
12,43	0,837758040957	-0,242406840554	-13,1977057635
12,44	0,837758040957	-0,678739153552	-20,6045814471
12,45	0,820304748437	-0,824183257885	-12,6590238956
12,46	0,820304748437	-0,872664625996	-8,34956895251
12,47	0,802851455917	-0,921145994108	-9,15759175441
12,48	0,802851455917	-1,01810873033	-13,3323762306
12,49	0,785398163397	-1,35747830711	-4,71346634403
12,5	0,767944870877	-1,06659009844	-0,538681867772
12,51	0,767944870877	-1,11507146655	-16,9684788388
12,52	0,750491578358	-1,55140377955	-21,277933782
12,53	0,733038285838	-1,69684788388	-11,9856715609
12,54	0,715584993318	-1,745329252	-4,57879587722
12,55	0,698131700798	-1,745329252	-0,942693268773
12,56	0,680678408278	-1,74532925199	-0,134670466919
12,57	0,663225115758	-1,74532925199	-0,134670467031
12,58	0,645771823238	-1,745329252	-0,942693268879
12,59	0,628318530718	-1,745329252	-4,57879587708
12,6	0,610865238198	-1,7938106201	-11,8510010937
12,61	0,593411945678	-1,93925472444	-20,4699109802
12,62	0,575958653158	-2,37558703744	-13,1977057636
12,63	0,541052068118	-2,37558703744	7,67621661761
12,64	0,523598775598	-1,98773609255	8,48423941946
12,65	0,506145483078	-1,98773609255	-8,48423941947
12,66	0,488692190558	-2,37558703744	-7,81088708461
12,67	0,453785605519	-2,37558703744	12,2550124947
12,68	0,436332312999	-1,93925472444	15,891115103
12,69	0,418879020479	-1,84229198822	-8,77261226625E-012
12,7	0,401425727959	-1,93925472444	-15,756444636
12,71	0,383972435439	-2,37558703743	-11,3123192258
12,72	0,349065850399	-2,37558703743	12,3896829616
12,73	0,331612557879	-1,93925472444	20,3352405131
12,74	0,314159265359	-1,79381062011	11,8510010938
12,75	0,296705972839	-1,74532925199	4,5787958772
12,76	0,279252680319	-1,74532925199	0,942693268767
12,77	0,261799387799	-1,745329252	0,134670466924
12,78	0,244346095279	-1,745329252	7,98268858423E-011
12,79	0,226892802759	-1,74532925199	0,134670467078
12,8	0,209439510239	-1,74532925199	0,942693268823
12,81	0,191986217719	-1,74532925199	4,57879587704
12,82	0,1745329252	-1,69684788388	11,9856715607
12,83	0,157079632679	-1,55140377955	21,2779337821
12,84	0,13962634016	-1,11507146655	16,9684788389
12,85	0,13962634016	-1,06659009844	0,538681867946
12,86	0,12217304764	-1,35747830711	4,71346634407
12,87	0,10471975512	-1,01810873033	13,3323762304
12,88	0,10471975512	-0,921145994111	9,1575917542
12,89	0,0872664625997	-0,872664626	8,48423941948
12,9	0,0872664625997	-0,824183257886	13,6017171646
12,91	0,0698131700798	-0,678739153553	25,1833773243
12,92	0,0698131700798	-0,193925472444	25,0487068573
12,93	0,0698131700798	-0,0484813681109	12,7936943626
12,94	0,0698131700798	0	4,71346634411
12,95	0,0698131700798	0	1,0773637358
12,96	0,0698131700798	0	1,0773637358
12,97	0,0698131700798	0	4,57879587714
12,98	0,0698131700798	0,0484813681109	11,9856715607
12,99	0,0698131700798	0,193925472444	21,277933782
13	0,0698131700798	0,630257785441	16,9684788388
13,01	0,0872664625997	0,678739153553	0,673352334951
13,02	0,0872664625997	0,387850944888	5,52148914609
13,03	0,0872664625997	0,727220521667	16,9684788389
13,04	0,10471975512	0,872664626	16,4297969708
13,05	0,10471975512	1,01810873033	16,9684788387
13,06	0,12217304764	1,35747830711	5,52148914591
13,07	0,13962634016	1,06659009844	0,673352334921
13,08	0,13962634016	1,11507146655	16,9684788389
13,09	0,157079632679	1,55140377955	21,2779337821
13,1	0,1745329252	1,69684788388	11,9856715607
13,11	0,191986217719	1,74532925199	4,57879587704
13,12	0,209439510239	1,74532925199	0,942693268823
13,13	0,226892802759	1,74532925199	0,134670467078
13,14	0,244346095279	1,745329252	0,134670467055
13,15	0,261799387799	1,745329252	0,942693268772
13,16	0,279252680319	1,74532925199	4,57879587708
13,17	0,296705972839	1,7938106201	11,8510010938
13,18	0,314159265359	1,93925472444	20,4699109802
13,19	0,331612557879	2,37558703744	13,1977057635
13,2	0,366519142919	2,37558703743	-7,67621661761
13,21	0,383972435439	1,98773609255	-8,48423941934
13,22	0,401425727959	1,98773609255	8,48423941948
13,23	0,418879020479	2,37558703744	7,81088708452
13,24	0,453785605519	2,37558703744	-12,2550124947
13,25	0,471238898038	1,93925472444	-15,891115103
13,26	0,488692190558	1,84229198822	-3,24549029626E-011
13,27	0,506145483078	1,93925472444	15,756444636
13,28	0,523598775598	2,37558703744	11,3123192259
13,29	0,558505360638	2,37558703744	-12,3896829618
13,3	0,575958653158	1,93925472444	-20,3352405133
13,31	0,593411945678	1,7938106201	-11,8510010938
13,32	0,610865238198	1,74532925199	-4,57879587704
13,33	0,628318530718	1,745329252	-0,942693268743
13,34	0,645771823238	1,745329252	-0,134670467026
13,35	0,663225115758	1,74532925199	-5,52656685847E-011
13,36	0,680678408278	1,74532925199	5,52656685847E-011
13,37	0,698131700798	1,745329252	-0,134670466925
13,38	0,715584993318	1,745329252	-0,942693268908
13,39	0,733038285838	1,74532925199	-4,71346634424
13,4	0,750491578358	1,69684788388	-12,7936943626
13,41	0,767944870877	1,55140377955	-25,0487068572
13,42	0,785398163397	1,06659009844	-25,0487068572
13,43	0,785398163397	0,921145994111	-12,7936943625
13,44	0,802851455917	0,872664626	-4,84813681117
13,45	0,802851455917	0,872664625997	-1,88538653778
13,46	0,820304748437	0,872664625996	-4,84813681117
13,47	0,820304748437	0,824183257885	-12,7936943626
13,48	0,837758040957	0,678739153552	-25,0487068573
13,49	0,837758040957	0,193925472444	-25,0487068573
13,5	0,837758040957	0,0484813681109	-12,7936943626
13,51	0,837758040957	0	-4,71346634411
13,52	0,837758040957	0	-0,942693268823
13,53	0,837758040957	0	-0,269340933949
13,54	0,837758040957	0	-0,942693268823
13,55	0,837758040957	0	-4,71346634411
13,56	0,837758040957	-0,0484813681109	-12,7936943626
13,57	0,837758040957	-0,193925472444	-25,0487068573
13,58	0,837758040957	-0,678739153552	-25,1833773243
13,59	0,820304748437	-0,824183257885	-13,6017171645
13,6	0,820304748437	-0,872664625996	-8,48423941948
13,61	0,802851455917	-0,921145994108	-9,15759175441
13,62	0,802851455917	-1,01810873033	-13,3323762306
13,63	0,785398163397	-1,35747830711	-4,71346634403
13,64	0,767944870877	-1,06659009844	-0,538681867772
13,65	0,767944870877	-1,11507146655	-16,9684788388
13,66	0,750491578358	-1,55140377955	-21,277933782
13,67	0,733038285838	-1,69684788388	-11,9856715609
13,68	0,715584993318	-1,745329252	-4,57879587722
13,69	0,698131700798	-1,745329252	-0,942693268773
13,7	0,680678408278	-1,74532925199	-0,134670466919
13,71	0,663225115758	-1,74532925199	-5,52656685847E-011
13,72	0,645771823238	-1,745329252	-0,134670467026
13,73	0,628318530718	-1,745329252	-0,942693268743
13,74	0,610865238198	-1,74532925199	-4,57879587704
13,75	0,593411945678	-1,7938106201	-11,8510010938
13,76	0,575958653158	-1,93925472444	-20,3352405133
13,77	0,558505360638	-2,37558703744	-12,3896829618
13,78	0,523598775598	-2,37558703744	11,3123192259
13,79	0,506145483078	-1,93925472444	15,756444636
13,8	0,488692190558	-1,84229198822	-3,24549029626E-011
13,81	0,471238898038	-1,93925472444	-15,891115103
13,82	0,453785605519	-2,37558703744	-12,2550124947
13,83	0,418879020479	-2,37558703744	7,81088708452
13,84	0,401425727959	-1,98773609255	8,48423941948
13,85	0,383972435439	-1,98773609255	-8,48423941934
13,86	0,366519142919	-2,37558703743	-7,67621661761
13,87	0,331612557879	-2,37558703744	13,1977057635
13,88	0,314159265359	-1,93925472444	20,4699109802
13,89	0,296705972839	-1,7938106201	11,8510010938
13,9	0,279252680319	-1,74532925199	4,57879587708
13,91	0,261799387799	-1,745329252	0,942693268772
13,92	0,244346095279	-1,745329252	0,269340934029
13,93	0,226892802759	-1,74532925199	0,942693268926
13,94	0,209439510239	-1,74532925199	4,57879587714
13,95	0,191986217719	-1,69684788388	11,9856715606
13,96	0,1745329252	-1,55140377955	21,2779337819
13,97	0,157079632679	-1,11507146655	16,9684788389
13,98	0,157079632679	-1,06659009844	0,53868186803
13,99	0,13962634016	-1,35747830711	4,71346634418
14	0,12217304764	-1,01810873033	13,1977057635
14,01	0,12217304764	-0,921145994107	8,21489848538
14,02	0,10471975512	-0,872664625997	3,90544354213
14,03	0,10471975512	-0,872664626	1,75071607059
14,04	0,0872664625997	-0,872664626	4,84813681117
14,05	0,0872664625997	-0,824183257886	12,7936943627
14,06	0,0698131700798	-0,678739153553	25,0487068574
14,07	0,0698131700798	-0,193925472444	25,0487068573
14,08	0,0698131700798	-0,0484813681109	12,7936943626
14,09	0,0698131700798	0	4,84813681109
14,1	0,0698131700798	0	1,88538653765
14,11	0,0698131700798	0	4,71346634411
14,12	0,0698131700798	0,0484813681109	11,9856715607
14,13	0,0698131700798	0,193925472444	21,277933782
14,14	0,0698131700798	0,630257785441	16,9684788388
14,15	0,0872664625997	0,678739153553	0,673352334951
14,16	0,0872664625997	0,387850944888	5,52148914609
14,17	0,0872664625997	0,727220521667	16,9684788389
14,18	0,10471975512	0,872664626	16,4297969708
14,19	0,10471975512	1,01810873033	16,9684788387
14,2	0,12217304764	1,35747830711	5,52148914591
14,21	0,13962634016	1,06659009844	0,673352334921
14,22	0,13962634016	1,11507146655	16,9684788389
14,23	0,157079632679	1,55140377955	21,2779337821
14,24	0,1745329252	1,69684788388	11,9856715607
14,25	0,191986217719	1,74532925199	4,57879587704
14,26	0,209439510239	1,74532925199	0,942693268823
14,27	0,226892802759	1,74532925199	0,134670467078
14,28	0,244346095279	1,745329252	7,98268858423E-011
14,29	0,261799387799	1,745329252	0,134670466924
14,3	0,279252680319	1,74532925199	0,942693268767
14,31	0,296705972839	1,74532925199	4,5787958772
14,32	0,314159265359	1,79381062011	11,8510010938
14,33	0,331612557879	1,93925472444	20,4699109801
14,34	0,349065850399	2,37558703743	13,1977057635
14,35	0,383972435439	2,37558703743	-7,6762166175
14,36	0,401425727959	1,98773609255	-8,48423941932
14,37	0,418879020479	1,98773609255	8,4842394194
14,38	0,436332312999	2,37558703744	7,81088708453
14,39	0,471238898038	2,37558703744	-12,2550124947
14,4	0,488692190558	1,93925472444	-15,8911151031
14,41	0,506145483078	1,84229198822	-6,14101362354E-011
14,42	0,523598775598	1,93925472444	15,7564446361
14,43	0,541052068118	2,37558703744	11,3123192259
14,44	0,575958653158	2,37558703744	-12,3896829617
14,45	0,593411945678	1,93925472444	-20,3352405132
14,46	0,610865238198	1,7938106201	-11,8510010937
14,47	0,628318530718	1,745329252	-4,57879587708
14,48	0,645771823238	1,745329252	-0,942693268879
14,49	0,663225115758	1,74532925199	-0,269340934005
14,5	0,680678408278	1,74532925199	-0,942693268767
14,51	0,698131700798	1,745329252	-4,57879587709
14,52	0,715584993318	1,69684788388	-11,8510010939
14,53	0,733038285838	1,55140377955	-20,4699109803
14,54	0,750491578358	1,11507146655	-13,1977057636
14,55	0,750491578358	1,11507146655	7,54154615063
14,56	0,767944870877	1,50292241144	7,40687568373
14,57	0,785398163397	1,50292241144	-14,0057285653
14,58	0,802851455917	1,06659009844	-24,2406840555
14,59	0,802851455917	0,872664625997	-20,0658995794
14,6	0,820304748437	0,727220521664	-17,7765016407
14,61	0,820304748437	0,387850944887	-5,65615961297
14,62	0,820304748437	0,678739153552	-0,67335233488
14,63	0,837758040957	0,630257785441	-16,9684788388
14,64	0,837758040957	0,193925472444	-21,277933782
14,65	0,837758040957	0,0484813681109	-11,9856715607
14,66	0,837758040957	0	-4,57879587714
14,67	0,837758040957	0	-1,0773637358
14,68	0,837758040957	0	-1,0773637358
14,69	0,837758040957	0	-4,71346634411
14,7	0,837758040957	-0,0484813681109	-12,7936943626
14,71	0,837758040957	-0,193925472444	-25,0487068573
14,72	0,837758040957	-0,678739153552	-25,0487068573
14,73	0,820304748437	-0,824183257885	-12,7936943626
14,74	0,820304748437	-0,872664625996	-4,84813681117
14,75	0,802851455917	-0,872664625997	-1,88538653778
14,76	0,802851455917	-0,872664626	-4,84813681117
14,77	0,785398163397	-0,921145994111	-12,7936943625
14,78	0,785398163397	-1,06659009844	-24,9140363902
14,79	0,767944870877	-1,55140377955	-24,1060135884
14,8	0,750491578358	-1,69684788388	-8,2148984855
14,81	0,733038285838	-1,69684788388	7,13753474953
14,82	0,715584993318	-1,55140377955	19,2578767773
14,83	0,698131700798	-1,11507146655	11,177648759
14,84	0,698131700798	-1,11507146655	-16,8338083717
14,85	0,680678408278	-1,59988514766	-32,1862416069
14,86	0,663225115758	-1,89077335633	-32,1862416071
14,87	0,645771823238	-2,37558703744	-16,8338083719
14,88	0,610865238198	-2,37558703744	11,1776487589
14,89	0,593411945678	-1,93925472444	19,2578767774
14,9	0,575958653158	-1,7938106201	7,27220521657
14,91	0,558505360638	-1,79381062011	-7,27220521671
14,92	0,541052068118	-1,93925472444	-19,3925472443
14,93	0,523598775598	-2,37558703744	-12,2550124947
14,94	0,488692190558	-2,37558703744	11,3123192259
14,95	0,471238898038	-1,93925472444	15,7564446361
14,96	0,453785605519	-1,84229198822	6,14101362354E-011
14,97	0,436332312999	-1,93925472444	-15,7564446361
14,98	0,418879020479	-2,37558703744	-11,4469896929
14,99	0,383972435439	-2,37558703744	11,4469896929
15	0,366519142919	-1,93925472444	15,7564446361
15,01	0,349065850399	-1,84229198822	-6,14101362354E-011
15,02	0,331612557879	-1,93925472444	-15,7564446361
15,03	0,314159265359	-2,37558703744	-11,3123192259
15,04	0,279252680319	-2,37558703744	12,5243534286
15,05	0,261799387799	-1,93925472444	21,277933782
15,06	0,244346095279	-1,79381062011	16,429796971
15,07	0,226892802759	-1,69684788388	16,429796971
15,08	0,209439510239	-1,55140377955	21,412604249
15,09	0,191986217719	-1,11507146655	13,3323762304
15,1	0,191986217719	-1,11507146655	-7,67621661768
15,11	0,1745329252	-1,50292241144	-8,34956895251
15,12	0,157079632679	-1,50292241144	9,42693268831
15,13	0,13962634016	-1,11507146655	12,3896829618
15,14	0,13962634016	-1,06659009844	-0,269340933902
15,15	0,12217304764	-1,35747830711	5,38681867894
15,16	0,10471975512	-1,01810873033	16,9684788387
15,17	0,10471975512	-0,872664626	16,4297969708
15,18	0,0872664625997	-0,727220521667	16,9684788389
15,19	0,0872664625997	-0,387850944888	5,52148914609
15,2	0,0872664625997	-0,678739153553	0,673352334951
15,21	0,0698131700798	-0,630257785441	16,9684788388
15,22	0,0698131700798	-0,193925472444	21,277933782
15,23	0,0698131700798	-0,0484813681109	12,1203420277
15,24	0,0698131700798	0	5,52148914596
15,25	0,0698131700798	0	5,52148914596
15,26	0,0698131700798	0,0484813681109	12,1203420277
15,27	0,0698131700798	0,193925472444	21,277933782
15,28	0,0698131700798	0,630257785441	16,9684788388
15,29	0,0872664625997	0,678739153553	0,673352334951
15,3	0,0872664625997	0,387850944888	5,52148914609
15,31	0,0872664625997	0,727220521667	16,9684788389
15,32	0,10471975512	0,872664626	16,4297969708
15,33	0,10471975512	1,01810873033	16,9684788387
15,34	0,12217304764	1,35747830711	5,52148914591
15,35	0,13962634016	1,06659009844	0,673352334921
15,36	0,13962634016	1,11507146655	16,9684788389
15,37	0,157079632679	1,55140377955	21,2779337821
15,38	0,1745329252	1,69684788388	11,9856715607
15,39	0,191986217719	1,74532925199	4,57879587704
15,4	0,209439510239	1,74532925199	0,942693268823
15,41	0,226892802759	1,74532925199	0,134670467078
15,42	0,244346095279	1,745329252	7,98268858423E-011
15,43	0,261799387799	1,745329252	-5,08796708469E-011
15,44	0,279252680319	1,74532925199	0,134670466919
15,45	0,296705972839	1,74532925199	0,942693268879
15,46	0,314159265359	1,745329252	4,5787958772
15,47	0,331612557879	1,79381062011	11,8510010937
15,48	0,349065850399	1,93925472444	20,3352405131
15,49	0,366519142919	2,37558703743	12,3896829617
15,5	0,401425727959	2,37558703744	-11,3123192258
15,51	0,418879020479	1,93925472444	-15,7564446361
15,52	0,436332312999	1,84229198822	-5,52656685847E-011
15,53	0,453785605519	1,93925472444	15,7564446361
15,54	0,471238898038	2,37558703744	11,312319226
15,55	0,506145483078	2,37558703744	-12,2550124947
15,56	0,523598775598	1,93925472444	-19,3925472444
15,57	0,541052068118	1,79381062011	-7,27220521662
15,58	0,558505360638	1,79381062011	7,27220521655
15,59	0,575958653158	1,93925472444	19,3925472443
15,6	0,593411945678	2,37558703743	12,1203420278
15,61	0,628318530718	2,37558703744	-12,2550124946
15,62	0,645771823238	1,93925472444	-20,4699109802
15,63	0,663225115758	1,7938106201	-12,7936943627
15,64	0,680678408278	1,74532925199	-9,15759175422
15,65	0,698131700798	1,69684788388	-12,7936943625
15,66	0,715584993318	1,55140377955	-20,6045814472
15,67	0,733038285838	1,11507146655	-13,1977057637
15,68	0,733038285838	1,11507146655	7,54154615051
15,69	0,750491578358	1,50292241144	7,54154615058
15,7	0,767944870877	1,50292241144	-13,1977057634
15,71	0,785398163397	1,06659009844	-20,46991098
15,72	0,785398163397	0,921145994111	-11,8510010937
15,73	0,802851455917	0,872664626	-4,71346634419
15,74	0,802851455917	0,872664625997	-1,88538653778
15,75	0,820304748437	0,872664625996	-4,84813681117
15,76	0,820304748437	0,824183257885	-12,7936943626
15,77	0,837758040957	0,678739153552	-25,0487068573
15,78	0,837758040957	0,193925472444	-25,0487068573
15,79	0,837758040957	0,0484813681109	-12,7936943626
15,8	0,837758040957	0	-4,71346634411
15,81	0,837758040957	0	-1,0773637358
15,82	0,837758040957	0	-1,0773637358
15,83	0,837758040957	0	-4,71346634411
15,84	0,837758040957	-0,0484813681109	-12,7936943626
15,85	0,837758040957	-0,193925472444	-25,0487068573
15,86	0,837758040957	-0,678739153552	-25,0487068573
15,87	0,820304748437	-0,824183257885	-12,7936943626
15,88	0,820304748437	-0,872664625996	-4,84813681117
15,89	0,802851455917	-0,872664625997	-1,88538653778
15,9	0,802851455917	-0,872664626	-4,71346634419
15,91	0,785398163397	-0,921145994111	-11,8510010937
15,92	0,785398163397	-1,06659009844	-20,46991098
15,93	0,767944870877	-1,50292241144	-13,1977057634
15,94	0,750491578358	-1,50292241144	7,54154615058
15,95	0,733038285838	-1,11507146655	7,54154615051
15,96	0,733038285838	-1,11507146655	-13,1977057637
15,97	0,715584993318	-1,55140377955	-20,4699109802
15,98	0,698131700798	-1,69684788388	-11,9856715607
15,99	0,680678408278	-1,74532925199	-5,5214891459
16	0,663225115758	-1,74532925199	-5,52148914601
16,01	0,645771823238	-1,79381062011	-11,9856715608
16,02	0,628318530718	-1,93925472444	-20,3352405131
16,03	0,610865238198	-2,37558703743	-12,3896829616
16,04	0,575958653158	-2,37558703743	11,3123192258
16,05	0,558505360638	-1,93925472444	15,756444636
16,06	0,541052068118	-1,84229198822	8,80406858528E-012
16,07	0,523598775598	-1,93925472444	-15,756444636
16,08	0,506145483078	-2,37558703744	-11,4469896929
16,09	0,471238898038	-2,37558703744	11,4469896929
16,1	0,453785605519	-1,93925472444	15,7564446361
16,11	0,436332312999	-1,84229198821	-5,52712196998E-011
16,12	0,418879020479	-1,93925472444	-15,7564446361
16,13	0,401425727959	-2,37558703744	-11,3123192258
16,14	0,366519142919	-2,37558703743	12,3896829617
16,15	0,349065850399	-1,93925472444	20,3352405131
16,16	0,331612557879	-1,79381062011	11,8510010937
16,17	0,314159265359	-1,745329252	4,57879587719
16,18	0,296705972839	-1,74532925199	0,942693268879
16,19	0,279252680319	-1,74532925199	0,134670466919
16,2	0,261799387799	-1,745329252	-5,08728861506E-011
16,21	0,244346095279	-1,745329252	0,134670467054
16,22	0,226892802759	-1,74532925199	0,942693268926
16,23	0,209439510239	-1,74532925199	4,57879587714
16,24	0,191986217719	-1,69684788388	11,9856715606
16,25	0,1745329252	-1,55140377955	21,2779337819
16,26	0,157079632679	-1,11507146655	16,9684788389
16,27	0,157079632679	-1,06659009844	0,53868186803
16,28	0,13962634016	-1,3574783071	4,71346634418
16,29	0,12217304764	-1,01810873033	13,3323762305
16,3	0,12217304764	-0,921145994107	9,02292128723
16,31	0,10471975512	-0,872664625997	7,54154615045
16,32	0,10471975512	-0,824183257889	9,02292128722
16,33	0,0872664625997	-0,727220521667	13,3323762306
16,34	0,0872664625997	-0,387850944888	4,71346634424
16,35	0,0872664625997	-0,678739153553	0,538681867976
16,36	0,0698131700798	-0,630257785441	16,9684788388
16,37	0,0698131700798	-0,193925472443	21,412604249
16,38	0,0698131700798	-0,0484813681109	12,9283648296
16,39	0,0698131700798	0	9,15759175427
16,4	0,0698131700798	0,0484813681109	12,9283648296
16,41	0,0698131700798	0,193925472443	21,412604249
16,42	0,0698131700798	0,630257785441	16,9684788388
16,43	0,0872664625997	0,678739153553	0,67335233495
16,44	0,0872664625997	0,387850944888	5,52148914609
16,45	0,0872664625997	0,727220521667	16,9684788389
16,46	0,10471975512	0,872664626	16,4297969708
16,47	0,10471975512	1,01810873033	16,9684788387
16,48	0,12217304764	1,3574783071	5,52148914591
16,49	0,13962634016	1,06659009844	0,538681867946
16,5	0,13962634016	1,11507146655	16,0257855701
16,51	0,157079632679	1,55140377955	16,6991379049
16,52	0,1745329252	1,64836651577	0,134670466896
16,53	0,191986217719	1,55140377955	-15,7564446362
16,54	0,209439510239	1,11507146655	-11,1776487589
16,55	0,209439510239	1,11507146655	13,3323762305
16,56	0,226892802759	1,55140377955	24,9140363904
16,57	0,244346095279	1,745329252	23,7020021876
16,58	0,261799387799	1,93925472444	24,9140363903
16,59	0,279252680319	2,37558703744	13,1977057635
16,6	0,314159265359	2,37558703744	-11,9856715607
16,61	0,331612557879	1,93925472444	-19,3925472445
16,62	0,349065850399	1,7938106201	-7,27220521674
16,63	0,366519142919	1,7938106201	7,27220521663
16,64	0,383972435439	1,93925472444	19,3925472445
16,65	0,401425727959	2,37558703744	12,2550124948
16,66	0,436332312999	2,37558703744	-11,3123192259
16,67	0,453785605519	1,93925472444	-15,756444636
16,68	0,471238898038	1,84229198822	3,24536693815E-011
16,69	0,488692190558	1,93925472444	15,756444636
16,7	0,506145483078	2,37558703744	11,3123192259
16,71	0,541052068118	2,37558703744	-12,3896829617
16,72	0,558505360638	1,93925472444	-20,3352405133
16,73	0,575958653158	1,7938106201	-11,8510010939
16,74	0,593411945678	1,74532925199	-4,57879587714
16,75	0,610865238198	1,74532925199	-0,942693268719
16,76	0,628318530718	1,745329252	-0,134670466895
16,77	0,645771823238	1,745329252	-5,08728861506E-011
16,78	0,663225115758	1,74532925199	-5,52601174696E-011
16,79	0,680678408278	1,74532925199	-0,134670466919
16,8	0,698131700798	1,745329252	-0,942693268772
16,81	0,715584993318	1,745329252	-4,57879587722
16,82	0,733038285838	1,69684788388	-11,9856715609
16,83	0,750491578358	1,55140377955	-21,277933782
16,84	0,767944870877	1,11507146655	-16,9684788388
16,85	0,767944870877	1,06659009844	-0,673352334747
16,86	0,785398163397	1,35747830711	-5,52148914588
16,87	0,802851455917	1,01810873033	-16,9684788389
16,88	0,802851455917	0,872664625997	-16,429796971
16,89	0,820304748437	0,727220521663	-16,9684788389
16,9	0,820304748437	0,387850944887	-5,52148914599
16,91	0,820304748437	0,678739153552	-0,673352334879
16,92	0,837758040957	0,630257785441	-16,9684788388
16,93	0,837758040957	0,193925472443	-21,277933782
16,94	0,837758040957	0,0484813681109	-12,1203420277
16,95	0,837758040957	0	-5,52148914596
16,96	0,837758040957	0	-5,52148914596
16,97	0,837758040957	-0,0484813681109	-12,1203420277
16,98	0,837758040957	-0,193925472443	-21,277933782
16,99	0,837758040957	-0,630257785441	-16,9684788388
17	0,820304748437	-0,678739153552	-0,538681867905
17,01	0,820304748437	-0,387850944887	-4,71346634414
17,02	0,820304748437	-0,727220521663	-13,3323762306
17,03	0,802851455917	-0,824183257886	-9,15759175441
17,04	0,802851455917	-0,872664626	-8,34956895251
17,05	0,785398163397	-0,921145994111	-12,6590238955
17,06	0,785398163397	-1,06659009844	-20,604581447
17,07	0,767944870877	-1,50292241144	-13,1977057634
17,08	0,750491578358	-1,50292241144	7,54154615058
17,09	0,733038285838	-1,11507146655	7,54154615051
17,1	0,733038285838	-1,11507146655	-13,1977057636
17,11	0,715584993318	-1,55140377955	-20,4699109802
17,12	0,698131700798	-1,69684788388	-11,8510010937
17,13	0,680678408278	-1,74532925199	-4,71346634406
17,14	0,663225115758	-1,74532925199	-1,8853865377
17,15	0,645771823238	-1,745329252	-4,71346634417
17,16	0,628318530718	-1,79381062011	-11,8510010937
17,17	0,610865238198	-1,93925472444	-20,3352405131
17,18	0,593411945678	-2,37558703743	-12,2550124947
17,19	0,558505360638	-2,37558703744	12,1203420277
17,2	0,541052068118	-1,93925472444	19,3925472444
17,21	0,523598775598	-1,7938106201	7,27220521669
17,22	0,506145483078	-1,7938106201	-7,27220521669
17,23	0,488692190558	-1,93925472444	-19,3925472444
17,24	0,471238898038	-2,37558703744	-12,2550124947
17,25	0,436332312999	-2,37558703744	11,3123192259
17,26	0,418879020479	-1,93925472444	15,756444636
17,27	0,401425727959	-1,84229198822	7,98250354705E-011
17,28	0,383972435439	-1,93925472444	-15,756444636
17,29	0,366519142919	-2,37558703743	-11,3123192259
17,3	0,331612557879	-2,37558703744	12,3896829616
17,31	0,314159265359	-1,93925472444	20,3352405132
17,32	0,296705972839	-1,7938106201	11,8510010938
17,33	0,279252680319	-1,74532925199	4,57879587708
17,34	0,261799387799	-1,745329252	1,07736373575
17,35	0,244346095279	-1,745329252	1,07736373588
17,36	0,226892802759	-1,74532925199	4,57879587726
17,37	0,209439510239	-1,69684788388	11,8510010938
17,38	0,191986217719	-1,55140377955	20,4699109801
17,39	0,1745329252	-1,11507146655	13,1977057634
17,4	0,1745329252	-1,11507146655	-7,54154615066
17,41	0,157079632679	-1,50292241144	-7,5415461505
17,42	0,13962634016	-1,50292241144	13,1977057636
17,43	0,12217304764	-1,06659009844	20,6045814472
17,44	0,12217304764	-0,921145994107	12,7936943625
17,45	0,10471975512	-0,872664625997	9,15759175415
17,46	0,10471975512	-0,824183257889	12,7936943625
17,47	0,0872664625997	-0,678739153556	20,6045814472
17,48	0,0872664625997	-0,242406840556	13,1977057636
17,49	0,0872664625997	-0,242406840555	-7,5415461505
17,5	0,0872664625997	-0,630257785441	-7,40687568357
17,51	0,0698131700798	-0,630257785441	14,1403990323
17,52	0,0698131700798	-0,193925472443	25,0487068573
17,53	0,0698131700798	0	23,8366726545
17,54	0,0698131700798	0,193925472443	25,8567296591
17,55	0,0698131700798	0,630257785441	17,7765016407
17,56	0,0872664625997	0,678739153553	-0,134670466897
17,57	0,0872664625997	0,387850944888	1,07736373593
17,58	0,0872664625997	0,678739153556	5,92550054696
17,59	0,10471975512	0,678739153556	-0,269340934029
17,6	0,10471975512	0,436332312999	11,9856715606
17,61	0,10471975512	0,872664625996	26,26074106
17,62	0,12217304764	1,30899693899	12,7936943626
17,63	0,13962634016	1,06659009844	3,36676167444
17,64	0,13962634016	1,11507146655	13,1977057636
17,65	0,157079632679	1,50292241144	9,56160315528
17,66	0,1745329252	1,50292241144	-8,34956895251
17,67	0,191986217719	1,11507146655	-7,67621661768
17,68	0,191986217719	1,11507146655	13,1977057635
17,69	0,209439510239	1,55140377955	20,4699109802
17,7	0,226892802759	1,69684788388	11,9856715609
17,71	0,244346095279	1,745329252	5,52148914604
17,72	0,261799387799	1,745329252	5,52148914591
17,73	0,279252680319	1,7938106201	11,9856715607
17,74	0,296705972839	1,93925472444	20,3352405132
17,75	0,314159265359	2,37558703744	12,3896829617
17,76	0,349065850399	2,37558703744	-11,3123192259
17,77	0,366519142919	1,93925472444	-15,7564446361
17,78	0,383972435439	1,84229198821	6,1410753026E-011
17,79	0,401425727959	1,93925472444	15,7564446361
17,8	0,418879020479	2,37558703744	11,4469896928
17,81	0,453785605519	2,37558703744	-11,4469896928
17,82	0,471238898038	1,93925472444	-15,756444636
17,83	0,488692190558	1,84229198822	-3,24536693815E-011
17,84	0,506145483078	1,93925472444	15,756444636
17,85	0,523598775598	2,37558703744	11,3123192259
17,86	0,558505360638	2,37558703744	-12,3896829618
17,87	0,575958653158	1,93925472444	-20,3352405133
17,88	0,593411945678	1,7938106201	-11,8510010938
17,89	0,610865238198	1,74532925199	-4,57879587703
17,9	0,628318530718	1,745329252	-0,942693268743
17,91	0,645771823238	1,745329252	-0,134670467026
17,92	0,663225115758	1,74532925199	-0,13467046703
17,93	0,680678408278	1,74532925199	-0,942693268767
17,94	0,698131700798	1,745329252	-4,57879587709
17,95	0,715584993318	1,69684788388	-11,9856715608
17,96	0,733038285838	1,55140377955	-21,2779337821
17,97	0,750491578358	1,11507146655	-16,9684788389
17,98	0,750491578358	1,06659009844	-0,538681867899
17,99	0,767944870877	1,3574783071	-4,71346634404
18	0,785398163397	1,01810873033	-13,3323762304
18,01	0,785398163397	0,921145994111	-9,02292128722
18,02	0,802851455917	0,872664626	-7,54154615066
18,03	0,802851455917	0,824183257886	-9,02292128743
18,04	0,820304748437	0,727220521663	-13,3323762306
18,05	0,820304748437	0,387850944887	-4,71346634414
18,06	0,820304748437	0,678739153552	-0,538681867905
18,07	0,837758040957	0,630257785441	-16,9684788388
18,08	0,837758040957	0,193925472443	-21,412604249
18,09	0,837758040957	0,0484813681109	-12,9283648296
18,1	0,837758040957	0	-9,15759175427
18,11	0,837758040957	-0,0484813681109	-12,9283648296
18,12	0,837758040957	-0,193925472443	-21,412604249
18,13	0,837758040957	-0,630257785441	-16,9684788388
18,14	0,820304748437	-0,678739153552	-0,538681867905
18,15	0,820304748437	-0,387850944887	-4,71346634414
18,16	0,820304748437	-0,727220521663	-13,3323762306
18,17	0,802851455917	-0,824183257886	-9,15759175441
18,18	0,802851455917	-0,872664626	-8,34956895251
18,19	0,785398163397	-0,921145994111	-12,6590238955
18,2	0,785398163397	-1,06659009844	-20,604581447
18,21	0,767944870877	-1,50292241144	-13,1977057634
18,22	0,750491578358	-1,50292241144	7,54154615058
18,23	0,733038285838	-1,11507146655	7,54154615051
18,24	0,733038285838	-1,11507146655	-13,1977057636
18,25	0,715584993318	-1,55140377955	-20,4699109802
18,26	0,698131700798	-1,69684788388	-11,8510010937
18,27	0,680678408278	-1,74532925199	-4,57879587708
18,28	0,663225115758	-1,74532925199	-1,07736373585
18,29	0,645771823238	-1,745329252	-1,07736373585
18,3	0,628318530718	-1,745329252	-4,57879587708
18,31	0,610865238198	-1,7938106201	-11,8510010937
18,32	0,593411945678	-1,93925472444	-20,3352405132
18,33	0,575958653158	-2,37558703744	-12,2550124947
18,34	0,541052068118	-2,37558703744	12,1203420278
18,35	0,523598775598	-1,93925472444	19,3925472444
18,36	0,506145483078	-1,7938106201	7,27220521657
18,37	0,488692190558	-1,79381062011	-7,27220521671
18,38	0,471238898038	-1,93925472444	-19,3925472443
18,39	0,453785605519	-2,37558703744	-12,1203420277
18,4	0,418879020479	-2,37558703744	12,1203420277
18,41	0,401425727959	-1,93925472444	19,3925472445
18,42	0,383972435439	-1,7938106201	7,27220521674
18,43	0,366519142919	-1,7938106201	-7,27220521663
18,44	0,349065850399	-1,93925472444	-19,3925472445
18,45	0,331612557879	-2,37558703744	-12,1203420278
18,46	0,296705972839	-2,37558703744	12,3896829617
18,47	0,279252680319	-1,93925472444	21,277933782
18,48	0,261799387799	-1,79381062011	16,4297969709
18,49	0,244346095279	-1,69684788388	16,429796971
18,5	0,226892802759	-1,55140377955	21,2779337821
18,51	0,209439510239	-1,11507146655	12,5243534287
18,52	0,209439510239	-1,11507146655	-11,3123192259
18,53	0,191986217719	-1,55140377955	-15,6217741692
18,54	0,1745329252	-1,64836651577	0,942693268743
18,55	0,157079632679	-1,55140377955	20,4699109802
18,56	0,13962634016	-1,06659009844	24,1060135886
18,57	0,13962634016	-0,921145994107	12,6590238957
18,58	0,12217304764	-0,872664625996	4,84813681109
18,59	0,12217304764	-0,872664625996	1,88538653757
18,6	0,10471975512	-0,872664625997	4,84813681096
18,61	0,10471975512	-0,824183257889	12,6590238955
18,62	0,0872664625997	-0,678739153556	24,1060135885
18,63	0,0872664625997	-0,193925472445	20,6045814473
18,64	0,0872664625997	-0,0969627362221	1,88538653772
18,65	0,0872664625997	-0,193925472443	-11,0429782919
18,66	0,0872664625997	-0,58177641733	0,538681867905
18,67	0,0698131700798	-0,436332312998	32,8595939418
18,68	0,0698131700798	0,436332312998	33,5329462767
18,69	0,0872664625997	0,58177641733	4,17478447624
18,7	0,0872664625997	0,242406840555	-3,77077307521
18,71	0,0872664625997	0,242406840556	10,5042964242
18,72	0,0872664625997	0,630257785445	13,3323762306
18,73	0,10471975512	0,678739153556	3,36676167429
18,74	0,10471975512	0,436332312999	12,7936943625
18,75	0,10471975512	0,872664625996	26,395411527
18,76	0,12217304764	1,30899693899	12,7936943626
18,77	0,13962634016	1,06659009844	3,36676167444
18,78	0,13962634016	1,11507146655	13,1977057636
18,79	0,157079632679	1,50292241144	9,56160315528
18,8	0,1745329252	1,50292241144	-8,34956895251
18,81	0,191986217719	1,11507146655	-7,67621661768
18,82	0,191986217719	1,11507146655	13,1977057635
18,83	0,209439510239	1,55140377955	20,4699109802
18,84	0,226892802759	1,69684788388	11,8510010939
18,85	0,244346095279	1,745329252	4,7134663442
18,86	0,261799387799	1,745329252	1,88538653759
18,87	0,279252680319	1,74532925199	4,71346634406
18,88	0,296705972839	1,7938106201	11,8510010938
18,89	0,314159265359	1,93925472444	20,3352405132
18,9	0,331612557879	2,37558703744	12,3896829616
18,91	0,366519142919	2,37558703743	-11,3123192259
18,92	0,383972435439	1,93925472444	-15,756444636
18,93	0,401425727959	1,84229198822	7,98250354705E-011
18,94	0,418879020479	1,93925472444	15,756444636
18,95	0,436332312999	2,37558703744	11,3123192259
18,96	0,471238898038	2,37558703744	-12,2550124947
18,97	0,488692190558	1,93925472444	-19,3925472444
18,98	0,506145483078	1,7938106201	-7,27220521669
18,99	0,523598775598	1,7938106201	7,27220521669
19	0,541052068118	1,93925472444	19,3925472444
19,01	0,558505360638	2,37558703744	12,1203420277
19,02	0,593411945678	2,37558703743	-12,2550124947
19,03	0,610865238198	1,93925472444	-20,3352405131
19,04	0,628318530718	1,79381062011	-11,9856715607
19,05	0,645771823238	1,745329252	-5,52148914602
19,06	0,663225115758	1,74532925199	-5,52148914602
19,07	0,680678408278	1,69684788388	-11,9856715607
19,08	0,698131700798	1,55140377955	-20,4699109801
19,09	0,715584993318	1,11507146655	-13,1977057636
19,1	0,715584993318	1,11507146655	7,67621661742
19,11	0,733038285838	1,50292241144	8,34956895236
19,12	0,750491578358	1,50292241144	-9,5616031552
19,13	0,767944870877	1,11507146655	-13,1977057634
19,14	0,767944870877	1,06659009844	-3,36676167423
19,15	0,785398163397	1,308996939	-12,7936943625
19,16	0,802851455917	0,872664626	-26,2607410601
19,17	0,802851455917	0,436332312999	-11,9856715609
19,18	0,802851455917	0,678739153553	0,269340933872
19,19	0,820304748437	0,678739153552	-5,92550054691
19,2	0,820304748437	0,387850944887	-1,0773637358
19,21	0,820304748437	0,678739153552	0,134670466974
19,22	0,837758040957	0,630257785441	-17,7765016407
19,23	0,837758040957	0,193925472443	-25,8567296591
19,24	0,837758040957	0	-23,8366726545
19,25	0,837758040957	-0,193925472443	-25,0487068573
19,26	0,837758040957	-0,630257785441	-14,1403990323
19,27	0,820304748437	-0,630257785441	7,4068756836
19,28	0,820304748437	-0,242406840554	7,54154615057
19,29	0,820304748437	-0,242406840554	-13,1977057635
19,3	0,820304748437	-0,678739153553	-20,6045814472
19,31	0,802851455917	-0,824183257886	-12,7936943627
19,32	0,802851455917	-0,872664626	-9,15759175435
19,33	0,785398163397	-0,921145994111	-12,7936943625
19,34	0,785398163397	-1,06659009844	-20,604581447
19,35	0,767944870877	-1,50292241144	-13,1977057634
19,36	0,750491578358	-1,50292241144	7,54154615058
19,37	0,733038285838	-1,11507146655	7,54154615051
19,38	0,733038285838	-1,11507146655	-13,1977057636
19,39	0,715584993318	-1,55140377955	-20,4699109802
19,4	0,698131700798	-1,69684788388	-11,8510010937
19,41	0,680678408278	-1,74532925199	-4,57879587708
19,42	0,663225115758	-1,74532925199	-0,942693268878
19,43	0,645771823238	-1,745329252	-0,134670467026
19,44	0,628318530718	-1,745329252	-0,134670466895
19,45	0,610865238198	-1,74532925199	-0,942693268719
19,46	0,593411945678	-1,74532925199	-4,57879587714
19,47	0,575958653158	-1,7938106201	-11,8510010939
19,48	0,558505360638	-1,93925472444	-20,3352405133
19,49	0,541052068118	-2,37558703744	-12,3896829617
19,5	0,506145483078	-2,37558703744	11,3123192259
19,51	0,488692190558	-1,93925472444	15,756444636
19,52	0,471238898038	-1,84229198822	3,24536693815E-011
19,53	0,453785605519	-1,93925472444	-15,756444636
19,54	0,436332312999	-2,37558703744	-11,3123192259
19,55	0,401425727959	-2,37558703744	12,3896829618
19,56	0,383972435439	-1,93925472444	20,3352405133
19,57	0,366519142919	-1,7938106201	11,8510010938
19,58	0,349065850399	-1,74532925199	4,57879587703
19,59	0,331612557879	-1,745329252	0,942693268743
19,6	0,314159265359	-1,745329252	0,134670467026
19,61	0,296705972839	-1,74532925199	5,52601174696E-011
19,62	0,279252680319	-1,74532925199	-5,52601174696E-011
19,63	0,261799387799	-1,745329252	-5,08728861506E-011
19,64	0,244346095279	-1,745329252	0,134670467054
19,65	0,226892802759	-1,74532925199	0,942693268926
19,66	0,209439510239	-1,74532925199	4,57879587714
19,67	0,191986217719	-1,69684788388	11,9856715606
19,68	0,1745329252	-1,55140377955	21,2779337819
19,69	0,157079632679	-1,11507146655	16,9684788389
19,7	0,157079632679	-1,06659009844	0,673352335006
19,71	0,13962634016	-1,3574783071	5,52148914604
19,72	0,12217304764	-1,01810873033	16,9684788388
19,73	0,12217304764	-0,872664625996	16,4297969709
19,74	0,10471975512	-0,727220521663	16,9684788387
19,75	0,10471975512	-0,387850944888	5,52148914583
19,76	0,10471975512	-0,678739153556	0,673352334793
19,77	0,0872664625997	-0,630257785445	16,9684788389
19,78	0,0872664625997	-0,193925472445	21,2779337821
19,79	0,0872664625997	-0,0484813681112	11,9856715608
19,8	0,0872664625997	0	4,57879587717
19,81	0,0872664625997	0	1,0773637358
19,82	0,0872664625997	0	1,0773637358
19,83	0,0872664625997	0	4,71346634414
19,84	0,0872664625997	0,0484813681112	12,7936943627
19,85	0,0872664625997	0,193925472445	25,0487068574
19,86	0,0872664625997	0,678739153556	25,0487068574
19,87	0,10471975512	0,824183257889	12,7936943625
19,88	0,10471975512	0,872664625997	4,84813681096
19,89	0,12217304764	0,872664625996	1,7507160706
19,9	0,12217304764	0,872664625996	3,90544354226
19,91	0,13962634016	0,921145994107	8,21489848552
19,92	0,13962634016	1,01810873033	13,1977057636
19,93	0,157079632679	1,35747830711	4,71346634419
19,94	0,1745329252	1,06659009844	0,538681867823
19,95	0,1745329252	1,11507146655	16,9684788387
19,96	0,191986217719	1,55140377955	21,2779337821
19,97	0,209439510239	1,69684788388	11,9856715613
19,98	0,226892802759	1,745329252	4,92893909252
19,99	0,244346095279	1,74532925202	1,34670467153
20	0,261799387799	1,74532925204	0,269340936001
