Vernier Format 2
Файл.gmbl 07.12.2019 14:34:33 ,
Новый
Время	Угол	Скорость	Ускорение
t	Угол	v	a
с	rad	rad/с	rad/с²

0	0	0	0
0,01	0	0	0
0,02	0	0	0
0,03	0	0	0
0,04	0	0	0
0,05	0	0	0
0,06	0	0	0
0,07	0	0	0
0,08	0	0	0
0,09	0	0	0
0,1	0	0	0
0,11	0	0	0
0,12	0	0	0
0,13	0	0	0
0,14	0	0	0
0,15	0	0	0
0,16	0	0	0
0,17	0	0	0
0,18	0	0	0
0,19	0	0	0
0,2	0	0	0
0,21	0	0	0
0,22	0	0	0
0,23	0	0	0
0,24	0	0	0
0,25	0	0	0
0,26	0	0	0
0,27	0	0	0
0,28	0	0	0
0,29	0	0	0
0,3	0	0	0
0,31	0	0	0
0,32	0	0	0
0,33	0	0	0
0,34	0	0	0
0,35	0	0	0
0,36	0	0	0
0,37	0	0	0
0,38	0	0	0
0,39	0	0	0
0,4	0	0	0
0,41	0	0	0
0,42	0	0	0
0,43	0	0	0
0,44	0	0	0
0,45	0	0	0
0,46	0	0	0
0,47	0	0	0,134670466975
0,48	0	0	0,942693268823
0,49	0	0	4,57879587714
0,5	0	0,0484813681109	11,8510010938
0,51	0	0,193925472444	20,3352405132
0,52	0	0,630257785441	12,2550124947
0,53	0,0174532925199	0,630257785441	-12,2550124947
0,54	0,0174532925199	0,193925472444	-20,3352405132
0,55	0,0174532925199	0,0484813681109	-11,8510010938
0,56	0,0174532925199	0	-4,57879587714
0,57	0,0174532925199	0	-0,942693268823
0,58	0,0174532925199	0	-0,134670466975
0,59	0,0174532925199	0	0
0,6	0,0174532925199	0	0
0,61	0,0174532925199	0	0
0,62	0,0174532925199	0	0
0,63	0,0174532925199	0	0
0,64	0,0174532925199	0	0
0,65	0,0174532925199	0	0
0,66	0,0174532925199	0	0
0,67	0,0174532925199	0	0
0,68	0,0174532925199	0	0
0,69	0,0174532925199	0	0
0,7	0,0174532925199	0	0
0,71	0,0174532925199	0	0
0,72	0,0174532925199	0	0
0,73	0,0174532925199	0	0
0,74	0,0174532925199	0	0
0,75	0,0174532925199	0	0
0,76	0,0174532925199	0	0
0,77	0,0174532925199	0	0
0,78	0,0174532925199	0	0
0,79	0,0174532925199	0	0
0,8	0,0174532925199	0	0
0,81	0,0174532925199	0	0
0,82	0,0174532925199	0	0
0,83	0,0174532925199	0	0
0,84	0,0174532925199	0	0
0,85	0,0174532925199	0	0
0,86	0,0174532925199	0	0
0,87	0,0174532925199	0	0
0,88	0,0174532925199	0	0
0,89	0,0174532925199	0	0
0,9	0,0174532925199	0	0
0,91	0,0174532925199	0	0
0,92	0,0174532925199	0	0
0,93	0,0174532925199	0	0
0,94	0,0174532925199	0	0
0,95	0,0174532925199	0	0
0,96	0,0174532925199	0	0
0,97	0,0174532925199	0	0
0,98	0,0174532925199	0	0
0,99	0,0174532925199	0	0
1	0,0174532925199	0	0
1,01	0,0174532925199	0	0
1,02	0,0174532925199	0	0
1,03	0,0174532925199	0	0
1,04	0,0174532925199	0	0
1,05	0,0174532925199	0	0
1,06	0,0174532925199	0	0
1,07	0,0174532925199	0	0
1,08	0,0174532925199	0	0
1,09	0,0174532925199	0	0
1,1	0,0174532925199	0	0
1,11	0,0174532925199	0	0
1,12	0,0174532925199	0	0
1,13	0,0174532925199	0	0
1,14	0,0174532925199	0	0
1,15	0,0174532925199	0	0
1,16	0,0174532925199	0	0
1,17	0,0174532925199	0	0
1,18	0,0174532925199	0	0
1,19	0,0174532925199	0	0
1,2	0,0174532925199	0	0
1,21	0,0174532925199	0	0
1,22	0,0174532925199	0	0
1,23	0,0174532925199	0	0
1,24	0,0174532925199	0	0
1,25	0,0174532925199	0	0
1,26	0,0174532925199	0	0
1,27	0,0174532925199	0	0
1,28	0,0174532925199	0	0
1,29	0,0174532925199	0	0
1,3	0,0174532925199	0	0
1,31	0,0174532925199	0	0
1,32	0,0174532925199	0	0
1,33	0,0174532925199	0	0
1,34	0,0174532925199	0	0
1,35	0,0174532925199	0	0
1,36	0,0174532925199	0	0
1,37	0,0174532925199	0	0
1,38	0,0174532925199	0	0
1,39	0,0174532925199	0	0
1,4	0,0174532925199	0	0
1,41	0,0174532925199	0	0
1,42	0,0174532925199	0	0
1,43	0,0174532925199	0	0
1,44	0,0174532925199	0	0
1,45	0,0174532925199	0	0
1,46	0,0174532925199	0	0
1,47	0,0174532925199	0	0
1,48	0,0174532925199	0	0
1,49	0,0174532925199	0	0
1,5	0,0174532925199	0	0
1,51	0,0174532925199	0	0
1,52	0,0174532925199	0	0
1,53	0,0174532925199	0	0
1,54	0,0174532925199	0	0
1,55	0,0174532925199	0	0
1,56	0,0174532925199	0	0
1,57	0,0174532925199	0	0
1,58	0,0174532925199	0	0
1,59	0,0174532925199	0	0
1,6	0,0174532925199	0	0
1,61	0,0174532925199	0	-0,134670466975
1,62	0,0174532925199	0	-0,942693268823
1,63	0,0174532925199	0	-4,57879587714
1,64	0,0174532925199	-0,0484813681109	-11,8510010938
1,65	0,0174532925199	-0,193925472444	-20,3352405132
1,66	0,0174532925199	-0,630257785441	-12,2550124947
1,67	0	-0,630257785441	12,2550124947
1,68	0	-0,193925472444	20,4699109801
1,69	0	-0,0484813681109	12,7936943626
1,7	0	0	9,15759175428
1,71	0	0,0484813681109	12,9283648296
1,72	0	0,193925472444	21,5472747159
1,73	0	0,630257785441	17,7765016407
1,74	0,0174532925199	0,678739153552	4,44412541017
1,75	0,0174532925199	0,436332312998	13,8710580984
1,76	0,0174532925199	0,872664625996	30,9742074042
1,77	0,0349065850398	1,3574783071	24,9140363904
1,78	0,0523598775598	1,26051557088	25,5873887253
1,79	0,0523598775598	1,745329252	34,7449804796
1,8	0,0872664625997	2,2301429331	22,0859565838
1,81	0,10471975512	2,08469882877	17,6418311737
1,82	0,12217304764	2,47254977366	22,4899679848
1,83	0,157079632679	2,61799387799	22,0859565838
1,84	0,174532925199	2,81191935043	29,8968436684
1,85	0,209439510239	3,29673303154	30,5701960033
1,86	0,244346095279	3,49065850399	25,8567296592
1,87	0,279252680319	3,68458397643	30,7048664703
1,88	0,314159265359	4,16939765754	30,7048664703
1,89	0,366519142919	4,36332312999	25,7220591922
1,9	0,401425727959	4,55724860243	29,7621732014
1,91	0,453785605519	5,04206228354	25,9914001261
1,92	0,506145483078	5,18750638787	12,9283648296
1,93	0,558505360638	5,23598775598	4,84813681109
1,94	0,610865238198	5,23598775598	1,88538653761
1,95	0,663225115758	5,23598775598	4,84813681112
1,96	0,715584993318	5,28446912409	12,7936943626
1,97	0,767944870877	5,42991322843	25,0487068573
1,98	0,820304748437	5,91472690953	25,0487068574
1,99	0,890117918517	6,06017101387	12,7936943627
2	0,942477796077	6,10865238198	4,71346634412
2,01	1,01229096616	6,10865238198	0,942693268721
2,02	1,06465084372	6,10865238198	0,134670466901
2,03	1,1344640138	6,10865238198	7,46513961758E-011
2,04	1,18682389136	6,10865238198	1,0264381937E-010
2,05	1,25663706144	6,10865238198	-0,134670466975
2,06	1,308996939	6,10865238198	-0,942693268926
2,07	1,37881010908	6,10865238198	-4,57879587722
2,08	1,43116998664	6,06017101387	-11,8510010937
2,09	1,50098315672	5,91472690954	-20,4699109801
2,1	1,55334303427	5,47839459654	-13,3323762305
2,11	1,60570291183	5,47839459654	6,5988528817
2,12	1,65806278939	5,86624554142	2,9627502735
2,13	1,72787595947	5,81776417332	-25,1833773242
2,14	1,78023583703	5,23598775599	-41,7478447622
2,15	1,83259571459	4,65421133865	-28,8194799327
2,16	1,86750229963	4,55724860243	-5,25214821207
2,17	1,91986217719	4,84813681109	-6,59885288174
2,18	1,97222205475	4,50876723432	-18,0458425746
2,19	2,00712863979	4,36332312999	-21,1432633151
2,2	2,05948851735	4,16939765754	-29,7621732016
2,21	2,09439510239	3,68458397643	-30,5701960033
2,22	2,12930168743	3,49065850399	-25,8567296591
2,23	2,16420827247	3,29673303155	-30,7048664702
2,24	2,19911485751	2,81191935044	-30,7048664703
2,25	2,21656815003	2,61799387799	-25,7220591922
2,26	2,25147473507	2,42406840555	-29,8968436684
2,27	2,26892802759	1,93925472444	-26,9340933949
2,28	2,28638132011	1,79381062011	-17,6418311738
2,29	2,30383461263	1,69684788388	-17,6418311738
2,3	2,32128790515	1,55140377955	-26,934093395
2,31	2,33874119767	1,06659009844	-30,0315141354
2,32	2,33874119767	0,872664625996	-26,530081994
2,33	2,35619449019	0,678739153552	-34,4756395455
2,34	2,35619449019	0,145444104333	-38,7850944887
2,35	2,35619449019	-0,145444104333	-37,9770716869
2,36	2,35619449019	-0,678739153552	-29,8968436684
2,37	2,33874119767	-0,824183257885	-14,8137513672
2,38	2,33874119767	-0,872664625996	-10,504296424
2,39	2,32128790515	-0,921145994107	-18,3151835086
2,4	2,32128790515	-1,11507146655	-37,1690488851
2,41	2,30383461263	-1,74532925199	-46,4613111064
2,42	2,28638132011	-2,32710566933	-30,7048664703
2,43	2,25147473507	-2,42406840555	-9,96561455613
2,44	2,23402144255	-2,18166156499	-18,4498539756
2,45	2,21656815003	-2,6664752461	-38,5157535548
2,46	2,18166156499	-3,24825166343	-34,2062986116
2,47	2,14675497995	-3,44217713588	-21,277933782
2,48	2,11184839491	-3,5391398721	-18,4498539755
2,49	2,07694180987	-3,68458397643	-26,9340933949
2,5	2,04203522483	-4,16939765754	-28,9541503996
2,51	1,98967534727	-4,36332312999	-21,143263315
2,52	1,95476876223	-4,50876723432	-18,8538653765
2,53	1,90240888467	-4,84813681109	-10,2349554902
2,54	1,85004900711	-4,60572997054	-12,5243534287
2,55	1,81514242207	-4,79965544298	-37,438389819
2,56	1,76278254451	-5,67232006898	-34,4756395456
2,57	1,69296937443	-5,81776417332	-4,30945494325
2,58	1,64060949687	-5,47839459654	3,77077307535
2,59	1,58824961931	-5,47839459654	-10,369625957
2,6	1,53588974175	-5,86624554142	-12,5243534287
2,61	1,46607657168	-5,91472690954	0,404011400868
2,62	1,41371669412	-5,62383870087	-4,57879587708
2,63	1,36135681656	-5,96320827765	-13,1977057635
2,64	1,29154364648	-6,06017101387	-8,21489848554
2,65	1,23918376892	-6,10865238198	-3,77077307539
2,66	1,16937059884	-6,10865238198	-0,673352334873
2,67	1,11701072128	-6,10865238198	0,673352334976
2,68	1,0471975512	-6,10865238198	3,77077307537
2,69	0,994837673637	-6,06017101387	8,21489848538
2,7	0,925024503557	-5,96320827765	13,1977057634
2,71	0,872664625997	-5,62383870087	4,71346634411
2,72	0,820304748437	-5,91472690954	0,538681868008
2,73	0,750491578357	-5,86624554142	17,1031493059
2,74	0,698131700798	-5,42991322843	22,2206270508
2,75	0,645771823238	-5,2844691241	16,6991379049
2,76	0,593411945678	-5,18750638787	17,3724902398
2,77	0,541052068118	-5,04206228354	25,9914001261
2,78	0,488692190558	-4,55724860243	25,3180477912
2,79	0,453785605519	-4,4118044981	13,7363876313
2,8	0,401425727959	-4,36332312999	9,5616031552
2,81	0,366519142919	-4,31484176188	14,6790809003
2,82	0,314159265359	-4,16939765754	29,8968436684
2,83	0,279252680319	-3,63610260832	37,8424012199
2,84	0,244346095279	-3,34521439966	37,8424012199
2,85	0,209439510239	-2,81191935044	29,8968436685
2,86	0,191986217719	-2,6664752461	14,6790809003
2,87	0,157079632679	-2,61799387799	9,69627362217
2,88	0,139626340159	-2,56951250988	14,6790809003
2,89	0,10471975512	-2,42406840555	29,8968436684
2,9	0,0872664625997	-1,89077335633	37,9770716868
2,91	0,0698131700798	-1,59988514766	38,7850944887
2,92	0,0523598775598	-1,06659009844	34,4756395456
2,93	0,0523598775598	-0,872664625997	26,5300819941
2,94	0,0349065850398	-0,678739153553	29,8968436685
2,95	0,0349065850398	-0,193925472444	26,1260705931
2,96	0,0349065850398	-0,0484813681109	14,0057285654
2,97	0,0349065850398	0	10,3696259571
2,98	0,0349065850398	0,0484813681109	18,4498539756
2,99	0,0349065850398	0,242406840555	37,9770716869
3	0,0349065850398	0,872664625997	50,2320841817
3,01	0,0523598775598	1,50292241144	38,7850944888
3,02	0,0698131700798	1,69684788388	22,2206270508
3,03	0,0872664625997	1,7938106201	18,5845244425
3,04	0,10471975512	1,93925472444	27,068763862
3,05	0,12217304764	2,42406840555	29,8968436685
3,06	0,157079632679	2,61799387799	25,5873887252
3,07	0,174532925199	2,81191935043	29,8968436684
3,08	0,209439510239	3,29673303154	26,934093395
3,09	0,244346095279	3,44217713588	17,6418311737
3,1	0,279252680319	3,5391398721	17,6418311737
3,11	0,314159265359	3,68458397643	26,799422928
3,12	0,349065850399	4,16939765754	28,9541503996
3,13	0,401425727959	4,36332312999	21,0085928481
3,14	0,436332312999	4,50876723432	18,0458425747
3,15	0,488692190558	4,8481368111	6,59885288178
3,16	0,541052068118	4,55724860243	5,25214821199
3,17	0,575958653158	4,65421133865	28,8194799326
3,18	0,628318530718	5,23598775598	41,7478447622
3,19	0,680678408278	5,81776417331	25,1833773243
3,2	0,750491578357	5,86624554142	-2,96275027336
3,21	0,802851455917	5,47839459654	-6,5988528817
3,22	0,855211333477	5,47839459654	13,3323762304
3,23	0,907571211037	5,91472690953	20,4699109801
3,24	0,977384381117	6,06017101387	11,8510010939
3,25	1,02974425868	6,10865238198	4,57879587724
3,26	1,09955742876	6,10865238198	0,808022801848
3,27	1,15191730632	6,10865238198	-0,673352334977
3,28	1,2217304764	6,10865238198	-3,77077307537
3,29	1,27409035396	6,06017101387	-8,2148984854
3,3	1,34390352404	5,96320827765	-13,0630352965
3,31	1,3962634016	5,62383870087	-3,77077307535
3,32	1,44862327916	5,91472690953	4,04011400918
3,33	1,51843644923	5,91472690953	-5,25214821196
3,34	1,57079632679	5,62383870087	-1,88538653759
3,35	1,62315620435	5,91472690954	-4,30945494325
3,36	1,69296937443	5,81776417331	-28,8194799327
3,37	1,74532925199	5,23598775598	-42,555867564
3,38	1,79768912955	4,65421133865	-28,9541503996
3,39	1,83259571459	4,55724860243	-5,25214821209
3,4	1,88495559215	4,84813681109	-6,59885288179
3,41	1,93731546971	4,50876723432	-18,0458425746
3,42	1,97222205475	4,36332312999	-21,008592848
3,43	2,02458193231	4,16939765754	-28,9541503996
3,44	2,05948851735	3,68458397643	-26,7994229281
3,45	2,09439510239	3,5391398721	-17,6418311737
3,46	2,12930168743	3,44217713588	-17,6418311736
3,47	2,16420827247	3,29673303155	-26,9340933949
3,48	2,19911485751	2,81191935044	-29,8968436684
3,49	2,21656815003	2,61799387799	-25,7220591922
3,5	2,25147473507	2,42406840555	-30,7048664703
3,51	2,26892802759	1,93925472444	-30,7048664702
3,52	2,28638132011	1,745329252	-25,8567296592
3,53	2,30383461263	1,55140377955	-30,7048664704
3,54	2,32128790515	1,06659009844	-30,7048664703
3,55	2,32128790515	0,872664625996	-25,7220591922
3,56	2,33874119767	0,678739153552	-29,8968436684
3,57	2,33874119767	0,193925472444	-26,9340933949
3,58	2,33874119767	0,0484813681109	-17,6418311737
3,59	2,33874119767	-0,0484813681109	-17,6418311737
3,6	2,33874119767	-0,193925472444	-26,9340933949
3,61	2,33874119767	-0,678739153552	-30,0315141354
3,62	2,32128790515	-0,872664625996	-26,530081994
3,63	2,32128790515	-1,06659009844	-34,4756395456
3,64	2,30383461263	-1,59988514766	-38,7850944888
3,65	2,28638132011	-1,89077335633	-37,977071687
3,66	2,26892802759	-2,42406840555	-29,8968436684
3,67	2,23402144255	-2,56951250988	-14,6790809003
3,68	2,21656815003	-2,61799387799	-9,69627362226
3,69	2,18166156499	-2,6664752461	-14,6790809003
3,7	2,16420827247	-2,81191935044	-29,8968436684
3,71	2,12930168743	-3,34521439966	-37,8424012198
3,72	2,09439510239	-3,63610260832	-37,8424012199
3,73	2,05948851735	-4,16939765754	-29,8968436685
3,74	2,00712863979	-4,31484176188	-14,6790809003
3,75	1,97222205475	-4,36332312999	-9,56160315515
3,76	1,91986217719	-4,4118044981	-13,7363876314
3,77	1,88495559215	-4,55724860243	-25,1833773243
3,78	1,83259571459	-5,04206228354	-25,1833773243
3,79	1,78023583703	-5,18750638787	-13,7363876314
3,8	1,72787595947	-5,23598775598	-9,42693268822
3,81	1,67551608191	-5,28446912409	-13,7363876315
3,82	1,62315620435	-5,42991322843	-25,0487068574
3,83	1,57079632679	-5,91472690954	-24,2406840554
3,84	1,50098315672	-6,06017101387	-9,02292128725
3,85	1,44862327916	-6,06017101387	3,36676167429
3,86	1,37881010908	-5,96320827765	11,3123192258
3,87	1,32645023152	-5,62383870087	-0,134670466975
3,88	1,27409035396	-5,96320827765	-12,2550124946
3,89	1,20427718388	-6,06017101387	-7,94555755143
3,9	1,15191730632	-6,10865238198	-2,96275027349
3,91	1,08210413624	-6,10865238198	2,96275027339
3,92	1,02974425868	-6,06017101387	8,08022801854
3,93	0,959931088597	-5,96320827765	13,1977057636
3,94	0,907571211037	-5,62383870087	4,71346634406
3,95	0,855211333477	-5,91472690954	0,538681867843
3,96	0,785398163397	-5,86624554143	17,1031493058
3,97	0,733038285838	-5,42991322843	22,2206270509
3,98	0,680678408278	-5,28446912409	16,5644674378
3,99	0,628318530718	-5,18750638787	16,5644674378
4	0,575958653158	-5,04206228354	22,3552975179
4,01	0,523598775598	-4,60572997054	18,0458425747
4,02	0,488692190558	-4,55724860243	5,25214821209
4,03	0,436332312999	-4,79965544298	17,5071607067
4,04	0,383972435439	-4,31484176187	38,2464126208
4,05	0,349065850399	-3,73306534454	33,3982758097
4,06	0,314159265359	-3,5391398721	17,5071607067
4,07	0,279252680319	-3,49065850399	10,2349554901
4,08	0,244346095279	-3,44217713588	14,0057285654
4,09	0,209439510239	-3,29673303154	26,1260705932
4,1	0,174532925199	-2,81191935043	29,7621732014
4,11	0,157079632679	-2,61799387799	25,7220591922
4,12	0,12217304764	-2,42406840555	30,7048664703
4,13	0,10471975512	-1,93925472444	30,7048664703
4,14	0,0872664625997	-1,74532925199	25,8567296591
4,15	0,0698131700798	-1,55140377955	30,7048664702
4,16	0,0523598775598	-1,06659009844	30,7048664703
4,17	0,0523598775598	-0,872664625997	25,8567296593
4,18	0,0349065850398	-0,678739153553	30,7048664703
4,19	0,0349065850398	-0,193925472444	30,7048664703
4,2	0,0349065850398	0	25,8567296592
4,21	0,0349065850398	0,193925472444	30,7048664703
4,22	0,0349065850398	0,678739153553	30,7048664703
4,23	0,0523598775598	0,872664625997	25,7220591923
4,24	0,0523598775598	1,06659009844	29,8968436685
4,25	0,0698131700798	1,55140377955	26,9340933949
4,26	0,0872664625997	1,69684788388	17,6418311736
4,27	0,10471975512	1,7938106201	17,6418311737
4,28	0,12217304764	1,93925472444	26,9340933951
4,29	0,139626340159	2,42406840555	29,8968436685
4,3	0,174532925199	2,61799387799	25,7220591922
4,31	0,191986217719	2,81191935044	30,7048664703
4,32	0,226892802759	3,29673303155	30,7048664702
4,33	0,261799387799	3,49065850399	25,8567296591
4,34	0,296705972839	3,68458397643	30,5701960033
4,35	0,331612557879	4,16939765754	29,7621732014
4,36	0,383972435439	4,36332312999	21,143263315
4,37	0,418879020479	4,50876723432	17,9111721077
4,38	0,471238898038	4,84813681109	5,65615961299
4,39	0,523598775598	4,55724860243	0,808022801934
4,4	0,558505360638	4,60572997054	17,9111721077
4,41	0,610865238198	5,04206228354	25,8567296591
4,42	0,663225115758	5,23598775598	23,9713431216
4,43	0,715584993318	5,42991322843	25,8567296592
4,44	0,767944870877	5,86624554143	17,9111721076
4,45	0,837758040957	5,91472690953	0,673352334817
4,46	0,890117918517	5,62383870087	4,71346634417
4,47	0,942477796077	5,96320827765	13,1977057636
4,48	1,01229096616	6,06017101387	8,08022801842
4,49	1,06465084372	6,10865238198	2,96275027339
4,5	1,1344640138	6,10865238198	-2,96275027339
4,51	1,18682389136	6,06017101387	-8,08022801842
4,52	1,25663706144	5,96320827765	-13,0630352966
4,53	1,308996939	5,62383870087	-3,77077307534
4,54	1,36135681656	5,91472690953	4,04011400932
4,55	1,43116998664	5,91472690954	-5,11747774493
4,56	1,4835298642	5,62383870087	-0,942693268824
4,57	1,53588974175	5,91472690954	0,269340933841
4,58	1,60570291183	5,86624554142	-16,9684788389
4,59	1,65806278939	5,42991322843	-22,2206270508
4,6	1,71042266695	5,2844691241	-16,6991379049
4,61	1,76278254451	5,18750638787	-17,3724902398
4,62	1,81514242207	5,04206228354	-25,9914001261
4,63	1,86750229963	4,55724860243	-25,3180477913
4,64	1,90240888467	4,4118044981	-13,7363876315
4,65	1,95476876223	4,36332312999	-9,42693268828
4,66	1,98967534727	4,31484176187	-13,8710580984
4,67	2,04203522483	4,16939765754	-26,1260705931
4,68	2,07694180987	3,68458397643	-29,7621732014
4,69	2,11184839491	3,49065850399	-25,7220591922
4,7	2,14675497995	3,29673303154	-30,7048664703
4,71	2,18166156499	2,81191935043	-30,7048664703
4,72	2,19911485751	2,61799387799	-25,7220591921
4,73	2,23402144255	2,42406840555	-29,8968436684
4,74	2,25147473507	1,93925472444	-26,9340933949
4,75	2,26892802759	1,79381062011	-17,6418311737
4,76	2,28638132011	1,69684788388	-17,6418311738
4,77	2,30383461263	1,55140377955	-26,9340933951
4,78	2,32128790515	1,06659009844	-30,0315141354
4,79	2,32128790515	0,872664625996	-26,530081994
4,8	2,33874119767	0,678739153552	-34,4756395455
4,81	2,33874119767	0,145444104333	-38,7850944887
4,82	2,33874119767	-0,145444104333	-37,9770716869
4,83	2,33874119767	-0,678739153552	-29,8968436684
4,84	2,32128790515	-0,824183257885	-14,8137513672
4,85	2,32128790515	-0,872664625996	-10,5042964241
4,86	2,30383461263	-0,921145994107	-18,3151835086
4,87	2,30383461263	-1,11507146655	-37,1690488851
4,88	2,28638132011	-1,745329252	-46,4613111064
4,89	2,26892802759	-2,32710566933	-30,7048664702
4,9	2,23402144255	-2,42406840555	-9,96561455616
4,91	2,21656815003	-2,18166156499	-18,4498539756
4,92	2,19911485751	-2,6664752461	-38,5157535548
4,93	2,16420827247	-3,24825166343	-34,2062986115
4,94	2,12930168743	-3,44217713588	-21,2779337819
4,95	2,09439510239	-3,5391398721	-18,3151835086
4,96	2,05948851735	-3,68458397643	-26,1260705932
4,97	2,02458193231	-4,16939765754	-25,3180477913
4,98	1,97222205475	-4,31484176188	-13,7363876314
4,99	1,93731546971	-4,36332312999	-9,4269326882
5	1,88495559215	-4,4118044981	-13,7363876314
5,01	1,85004900711	-4,55724860243	-25,3180477913
5,02	1,79768912955	-5,04206228354	-25,9914001261
5,03	1,74532925199	-5,18750638787	-17,3724902397
5,04	1,69296937443	-5,28446912409	-16,6991379049
5,05	1,64060949687	-5,42991322843	-22,2206270509
5,06	1,58824961931	-5,86624554143	-17,1031493057
5,07	1,51843644923	-5,91472690953	-0,538681867819
5,08	1,46607657168	-5,62383870087	-4,57879587715
5,09	1,41371669412	-5,96320827765	-12,3896829617
5,1	1,34390352404	-6,06017101387	-4,44412541016
5,11	1,29154364648	-6,06017101387	4,30945494309
5,12	1,2217304764	-5,96320827765	11,4469896927
5,13	1,16937059884	-5,62383870087	-8,78309770592E-013
5,14	1,11701072128	-5,96320827765	-11,3123192258
5,15	1,0471975512	-6,06017101387	-3,50143214126
5,16	0,994837673637	-6,06017101387	8,08022801843
5,17	0,925024503557	-5,91472690954	19,6618881782
5,18	0,872664625997	-5,47839459654	13,1977057636
5,19	0,820304748437	-5,47839459654	-6,5988528817
5,2	0,767944870877	-5,86624554142	-2,9627502735
5,21	0,698131700798	-5,81776417332	25,1833773242
5,22	0,645771823238	-5,23598775599	41,7478447622
5,23	0,593411945678	-4,65421133865	28,8194799327
5,24	0,558505360638	-4,55724860243	5,25214821207
5,25	0,506145483078	-4,84813681109	6,59885288174
5,26	0,453785605519	-4,50876723432	18,0458425746
5,27	0,418879020479	-4,36332312999	21,0085928481
5,28	0,366519142919	-4,16939765754	28,9541503997
5,29	0,331612557879	-3,68458397643	26,799422928
5,3	0,296705972839	-3,5391398721	17,6418311736
5,31	0,261799387799	-3,44217713588	17,6418311736
5,32	0,226892802759	-3,29673303155	26,9340933949
5,33	0,191986217719	-2,81191935044	29,8968436684
5,34	0,174532925199	-2,61799387799	25,7220591922
5,35	0,139626340159	-2,42406840555	30,7048664704
5,36	0,12217304764	-1,93925472444	30,7048664704
5,37	0,10471975512	-1,74532925199	25,8567296592
5,38	0,0872664625997	-1,55140377955	30,7048664702
5,39	0,0698131700798	-1,06659009844	30,7048664701
5,4	0,0698131700798	-0,872664626	25,7220591921
5,41	0,0523598775598	-0,678739153556	29,8968436685
5,42	0,0523598775598	-0,193925472445	26,9340933951
5,43	0,0523598775598	-0,0484813681112	17,6418311738
5,44	0,0523598775598	0,0484813681112	17,6418311738
5,45	0,0523598775598	0,193925472445	26,9340933951
5,46	0,0523598775598	0,678739153556	29,8968436685
5,47	0,0698131700798	0,872664626	25,7220591921
5,48	0,0698131700798	1,06659009844	30,7048664701
5,49	0,0872664625997	1,55140377955	30,7048664702
5,5	0,10471975512	1,74532925199	25,8567296592
5,51	0,12217304764	1,93925472444	30,7048664704
5,52	0,139626340159	2,42406840555	30,7048664704
5,53	0,174532925199	2,61799387799	25,7220591922
5,54	0,191986217719	2,81191935044	29,8968436684
5,55	0,226892802759	3,29673303155	26,9340933949
5,56	0,261799387799	3,44217713588	17,6418311736
5,57	0,296705972839	3,5391398721	17,6418311736
5,58	0,331612557879	3,68458397643	26,934093395
5,59	0,366519142919	4,16939765754	29,8968436685
5,6	0,418879020479	4,36332312999	25,5873887253
5,61	0,453785605519	4,55724860243	29,7621732014
5,62	0,506145483078	5,04206228354	25,9914001262
5,63	0,558505360638	5,18750638787	12,9283648296
5,64	0,610865238198	5,23598775598	4,71346634408
5,65	0,663225115758	5,23598775598	1,07736373583
5,66	0,715584993318	5,23598775598	1,0773637358
5,67	0,767944870877	5,23598775598	4,71346634411
5,68	0,820304748437	5,28446912409	12,7936943627
5,69	0,872664625997	5,42991322843	25,0487068574
5,7	0,925024503557	5,91472690954	25,0487068572
5,71	0,994837673637	6,06017101387	12,6590238956
5,72	1,0471975512	6,10865238198	3,90544354235
5,73	1,11701072128	6,10865238198	-2,82807980636
5,74	1,16937059884	6,06017101387	-8,08022801848
5,75	1,23918376892	5,96320827765	-13,0630352967
5,76	1,29154364648	5,62383870087	-3,77077307539
5,77	1,34390352404	5,91472690953	4,04011400924
5,78	1,41371669412	5,91472690954	-5,11747774504
5,79	1,46607657168	5,62383870087	-0,942693268832
5,8	1,51843644923	5,91472690953	0,269340934029
5,81	1,58824961931	5,86624554143	-16,9684788387
5,82	1,64060949687	5,42991322843	-22,2206270509
5,83	1,69296937443	5,28446912409	-16,6991379049
5,84	1,74532925199	5,18750638787	-17,3724902397
5,85	1,79768912955	5,04206228354	-25,9914001261
5,86	1,85004900711	4,55724860243	-25,3180477913
5,87	1,88495559215	4,4118044981	-13,7363876314
5,88	1,93731546971	4,36332312999	-9,4269326882
5,89	1,97222205475	4,31484176188	-13,8710580983
5,9	2,02458193231	4,16939765754	-26,1260705931
5,91	2,05948851735	3,68458397643	-29,7621732016
5,92	2,09439510239	3,49065850399	-25,7220591922
5,93	2,12930168743	3,29673303154	-30,7048664702
5,94	2,16420827247	2,81191935044	-30,7048664702
5,95	2,18166156499	2,61799387799	-25,7220591922
5,96	2,21656815003	2,42406840555	-29,7621732015
5,97	2,23402144255	1,93925472444	-26,1260705932
5,98	2,25147473507	1,7938106201	-14,0057285653
5,99	2,26892802759	1,745329252	-10,369625957
6	2,28638132011	1,69684788388	-18,4498539756
6,01	2,30383461263	1,50292241144	-37,977071687
6,02	2,32128790515	0,872664625996	-50,0974137147
6,03	2,32128790515	0,242406840554	-37,9770716869
6,04	2,32128790515	0,0484813681109	-18,5845244425
6,05	2,32128790515	0	-11,3123192259
6,06	2,32128790515	-0,0484813681109	-18,5845244425
6,07	2,32128790515	-0,242406840554	-37,9770716869
6,08	2,32128790515	-0,872664625996	-50,0974137147
6,09	2,30383461263	-1,50292241144	-37,977071687
6,1	2,28638132011	-1,69684788388	-18,4498539756
6,11	2,26892802759	-1,745329252	-10,369625957
6,12	2,25147473507	-1,7938106201	-14,0057285653
6,13	2,23402144255	-1,93925472444	-26,1260705932
6,14	2,21656815003	-2,42406840555	-29,7621732015
6,15	2,18166156499	-2,61799387799	-25,5873887252
6,16	2,16420827247	-2,81191935044	-29,8968436684
6,17	2,12930168743	-3,29673303154	-26,9340933949
6,18	2,09439510239	-3,44217713588	-17,6418311737
6,19	2,05948851735	-3,5391398721	-17,6418311738
6,2	2,02458193231	-3,68458397643	-26,934093395
6,21	1,98967534727	-4,16939765754	-29,8968436684
6,22	1,93731546971	-4,36332312999	-25,5873887253
6,23	1,90240888467	-4,55724860243	-29,7621732015
6,24	1,85004900711	-5,04206228354	-25,9914001262
6,25	1,79768912955	-5,18750638787	-12,9283648295
6,26	1,74532925199	-5,23598775598	-4,84813681101
6,27	1,69296937443	-5,23598775598	-1,88538653765
6,28	1,64060949687	-5,23598775598	-4,84813681109
6,29	1,58824961931	-5,28446912409	-12,7936943626
6,3	1,53588974175	-5,42991322843	-24,9140363904
6,31	1,4835298642	-5,91472690954	-24,2406840555
6,32	1,41371669412	-6,06017101387	-9,02292128725
6,33	1,36135681656	-6,06017101387	3,36676167442
6,34	1,29154364648	-5,96320827765	11,3123192258
6,35	1,23918376892	-5,62383870087	-5,6132876125E-011
6,36	1,18682389136	-5,96320827765	-11,3123192258
6,37	1,11701072128	-6,06017101387	-3,50143214129
6,38	1,06465084372	-6,06017101387	8,08022801842
6,39	0,994837673637	-5,91472690954	19,6618881782
6,4	0,942477796077	-5,47839459654	13,0630352966
6,41	0,890117918517	-5,47839459654	-7,54154615053
6,42	0,837758040957	-5,86624554142	-7,40687568366
6,43	0,767944870877	-5,86624554143	14,1403990323
6,44	0,715584993318	-5,42991322843	25,0487068574
6,45	0,663225115758	-5,23598775598	23,8366726546
6,46	0,610865238198	-5,04206228354	25,9914001261
6,47	0,558505360638	-4,60572997054	18,8538653765
6,48	0,523598775598	-4,55724860243	5,38681867907
6,49	0,471238898038	-4,79965544298	17,5071607068
6,5	0,418879020479	-4,31484176187	38,2464126208
6,51	0,383972435439	-3,73306534454	33,3982758097
6,52	0,349065850399	-3,5391398721	17,5071607067
6,53	0,314159265359	-3,49065850399	10,2349554901
6,54	0,279252680319	-3,44217713588	14,0057285654
6,55	0,244346095279	-3,29673303155	26,1260705931
6,56	0,209439510239	-2,81191935044	29,7621732015
6,57	0,191986217719	-2,61799387799	25,5873887252
6,58	0,157079632679	-2,42406840555	29,8968436684
6,59	0,139626340159	-1,93925472444	26,934093395
6,6	0,12217304764	-1,7938106201	17,6418311738
6,61	0,10471975512	-1,69684788388	17,6418311737
6,62	0,0872664625997	-1,55140377955	26,9340933949
6,63	0,0698131700798	-1,06659009844	30,0315141352
6,64	0,0698131700798	-0,872664626	26,5300819939
6,65	0,0523598775598	-0,678739153556	34,4756395456
6,66	0,0523598775598	-0,145444104334	38,7850944889
6,67	0,0523598775598	0,145444104334	37,9770716871
6,68	0,0523598775598	0,678739153556	29,8968436685
6,69	0,0698131700798	0,824183257889	14,8137513671
6,7	0,0698131700798	0,872664625997	10,5042964239
6,71	0,0872664625997	0,921145994107	18,4498539755
6,72	0,0872664625997	1,11507146655	37,9770716869
6,73	0,10471975512	1,74532925199	50,0974137147
6,74	0,12217304764	2,37558703744	37,977071687
6,75	0,157079632679	2,56951250988	18,4498539755
6,76	0,174532925199	2,61799387799	10,3696259571
6,77	0,209439510239	2,6664752461	14,0057285654
6,78	0,226892802759	2,81191935044	26,1260705931
6,79	0,261799387799	3,29673303155	29,7621732014
6,8	0,296705972839	3,49065850399	25,7220591921
6,81	0,331612557879	3,68458397643	30,7048664703
6,82	0,366519142919	4,16939765754	30,5701960034
6,83	0,418879020479	4,36332312999	24,7793659234
6,84	0,453785605519	4,55724860243	25,3180477912
6,85	0,506145483078	4,99358091543	15,0830923012
6,86	0,558505360638	4,99358091543	-2,82807980647
6,87	0,610865238198	4,65421133865	4,30945494316
6,88	0,645771823238	4,79965544298	33,6676167437
6,89	0,698131700798	5,67232006898	33,6676167437
6,9	0,767944870877	5,81776417331	4,17478447621
6,91	0,820304748437	5,47839459654	-3,77077307521
6,92	0,872664625997	5,47839459654	10,3696259571
6,93	0,925024503557	5,86624554143	12,5243534286
6,94	0,994837673637	5,91472690953	-0,404011400975
6,95	1,0471975512	5,62383870087	4,44412541024
6,96	1,09955742876	5,96320827765	12,3896829618
6,97	1,16937059884	6,06017101387	4,44412541016
6,98	1,2217304764	6,06017101387	-4,44412541027
6,99	1,29154364648	5,96320827765	-12,3896829618
7	1,34390352404	5,62383870087	-4,57879587714
7,01	1,3962634016	5,91472690954	-0,5386818679
7,02	1,46607657168	5,86624554142	-16,9684788388
7,03	1,51843644923	5,42991322843	-21,2779337819
7,04	1,57079632679	5,2844691241	-11,9856715607
7,05	1,62315620435	5,23598775599	-4,71346634417
7,06	1,67551608191	5,23598775598	-1,88538653773
7,07	1,72787595947	5,23598775598	-4,84813681109
7,08	1,78023583703	5,18750638787	-12,9283648296
7,09	1,83259571459	5,04206228354	-25,9914001262
7,1	1,88495559215	4,55724860243	-29,7621732015
7,11	1,91986217719	4,36332312999	-25,5873887252
7,12	1,97222205475	4,16939765754	-29,7621732014
7,13	2,00712863979	3,68458397643	-26,1260705931
7,14	2,04203522483	3,5391398721	-13,8710580984
7,15	2,07694180987	3,49065850399	-9,42693268825
7,16	2,11184839491	3,44217713588	-13,8710580984
7,17	2,14675497995	3,29673303154	-26,1260705932
7,18	2,18166156499	2,81191935043	-29,8968436684
7,19	2,19911485751	2,61799387799	-26,530081994
7,2	2,23402144255	2,42406840555	-34,4756395456
7,21	2,25147473507	1,89077335633	-38,7850944887
7,22	2,26892802759	1,59988514766	-37,9770716869
7,23	2,28638132011	1,06659009844	-29,8968436685
7,24	2,28638132011	0,921145994108	-14,8137513674
7,25	2,30383461263	0,872664625996	-10,5042964241
7,26	2,30383461263	0,824183257885	-18,3151835086
7,27	2,32128790515	0,630257785441	-37,169048885
7,28	2,32128790515	0	-46,4613111063
7,29	2,32128790515	-0,581776417331	-30,7048664702
7,3	2,30383461263	-0,678739153552	-9,96561455616
7,31	2,30383461263	-0,436332312998	-18,4498539756
7,32	2,30383461263	-0,921145994108	-38,5157535549
7,33	2,28638132011	-1,50292241144	-34,3409690786
7,34	2,26892802759	-1,69684788388	-22,0859565838
7,35	2,25147473507	-1,7938106201	-22,0859565838
7,36	2,23402144255	-1,98773609255	-34,3409690786
7,37	2,21656815003	-2,56951250988	-38,3810830879
7,38	2,18166156499	-3,05432619099	-17,6418311737
7,39	2,14675497995	-2,81191935044	-6,19484148082
7,4	2,12930168743	-2,86040071855	-22,6246384517
7,41	2,09439510239	-3,34521439965	-34,2062986116
7,42	2,05948851735	-3,63610260832	-37,0343784182
7,43	2,02458193231	-4,16939765754	-29,7621732015
7,44	1,97222205475	-4,31484176188	-14,6790809002
7,45	1,93731546971	-4,36332312999	-9,56160315518
7,46	1,88495559215	-4,4118044981	-13,7363876314
7,47	1,85004900711	-4,55724860243	-25,1833773243
7,48	1,79768912955	-5,04206228354	-25,0487068573
7,49	1,74532925199	-5,18750638787	-12,9283648295
7,5	1,69296937443	-5,23598775598	-5,65615961297
7,51	1,64060949687	-5,23598775598	-5,52148914597
7,52	1,58824961931	-5,28446912409	-12,1203420277
7,53	1,53588974175	-5,42991322843	-21,2779337821
7,54	1,4835298642	-5,86624554143	-16,9684788389
7,55	1,41371669412	-5,91472690954	-0,538681867843
7,56	1,36135681656	-5,62383870087	-4,57879587708
7,57	1,308996939	-5,96320827765	-12,3896829617
7,58	1,23918376892	-6,06017101387	-4,44412541022
7,59	1,18682389136	-6,06017101387	4,44412541022
7,6	1,11701072128	-5,96320827765	12,3896829617
7,61	1,06465084372	-5,62383870087	4,57879587708
7,62	1,01229096616	-5,91472690954	0,538681867843
7,63	0,942477796077	-5,86624554143	16,9684788389
7,64	0,890117918517	-5,42991322843	21,2779337821
7,65	0,837758040957	-5,28446912409	11,9856715607
7,66	0,785398163397	-5,23598775598	4,57879587714
7,67	0,733038285838	-5,23598775598	1,07736373581
7,68	0,680678408278	-5,23598775598	1,21203420269
7,69	0,628318530718	-5,23598775599	5,52148914591
7,7	0,575958653158	-5,18750638787	16,564467438
7,71	0,523598775598	-4,99358091543	33,2636053429
7,72	0,471238898038	-4,4118044981	38,2464126209
7,73	0,436332312999	-3,92699081699	17,6418311737
7,74	0,401425727959	-4,16939765754	6,19484148085
7,75	0,349065850399	-4,12091628943	22,6246384518
7,76	0,314159265359	-3,63610260832	34,2062986116
7,77	0,279252680319	-3,34521439966	37,0343784181
7,78	0,244346095279	-2,81191935043	29,7621732014
7,79	0,226892802759	-2,6664752461	14,6790809002
7,8	0,191986217719	-2,61799387799	9,69627362215
7,81	0,174532925199	-2,56951250988	14,6790809003
7,82	0,139626340159	-2,42406840555	29,8968436685
7,83	0,12217304764	-1,89077335633	37,977071687
7,84	0,10471975512	-1,59988514766	38,7850944888
7,85	0,0872664625997	-1,06659009844	34,4756395455
7,86	0,0872664625997	-0,872664625996	26,530081994
7,87	0,0698131700798	-0,678739153552	30,0315141354
7,88	0,0698131700798	-0,193925472444	26,9340933949
7,89	0,0698131700798	-0,0484813681109	17,6418311737
7,9	0,0698131700798	0,0484813681109	17,6418311737
7,91	0,0698131700798	0,193925472444	26,9340933949
7,92	0,0698131700798	0,678739153552	29,8968436684
7,93	0,0872664625997	0,872664625996	25,7220591922
7,94	0,0872664625997	1,06659009844	30,7048664703
7,95	0,10471975512	1,55140377955	30,7048664703
7,96	0,12217304764	1,74532925199	25,8567296593
7,97	0,139626340159	1,93925472444	30,7048664703
7,98	0,157079632679	2,42406840555	30,7048664702
7,99	0,191986217719	2,61799387799	25,7220591922
8	0,209439510239	2,81191935044	29,7621732015
8,01	0,244346095279	3,29673303155	26,1260705931
8,02	0,279252680319	3,44217713588	13,8710580984
8,03	0,314159265359	3,49065850399	9,42693268823
8,04	0,349065850399	3,5391398721	13,8710580984
8,05	0,383972435439	3,68458397643	26,1260705931
8,06	0,418879020479	4,16939765754	29,7621732014
8,07	0,471238898038	4,36332312999	25,5873887252
8,08	0,506145483078	4,55724860243	29,7621732015
8,09	0,558505360638	5,04206228354	25,9914001261
8,1	0,610865238198	5,18750638787	13,0630352965
8,11	0,663225115758	5,23598775598	5,65615961297
8,12	0,715584993318	5,23598775598	5,52148914597
8,13	0,767944870877	5,28446912409	12,1203420277
8,14	0,820304748437	5,42991322843	21,2779337821
8,15	0,872664625997	5,86624554143	16,8338083719
8,16	0,942477796077	5,91472690954	-0,269340934004
8,17	0,994837673637	5,62383870087	0,942693268772
8,18	1,0471975512	5,91472690953	4,98280727814
8,19	1,11701072128	5,91472690954	-4,84813681098
8,2	1,16937059884	5,62383870087	-8,78309770592E-013
8,21	1,2217304764	5,91472690954	4,84813681098
8,22	1,29154364648	5,91472690953	-4,98280727817
8,23	1,34390352404	5,62383870087	-0,942693268819
8,24	1,3962634016	5,91472690954	0,269340933948
8,25	1,46607657168	5,86624554142	-16,8338083718
8,26	1,51843644923	5,42991322843	-21,2779337819
8,27	1,57079632679	5,2844691241	-12,1203420277
8,28	1,62315620435	5,23598775599	-5,52148914602
8,29	1,67551608191	5,23598775598	-5,65615961302
8,3	1,72787595947	5,18750638787	-12,9283648296
8,31	1,78023583703	5,04206228354	-25,0487068573
8,32	1,83259571459	4,55724860243	-25,1833773244
8,33	1,86750229963	4,4118044981	-13,7363876315
8,34	1,91986217719	4,36332312999	-9,42693268825
8,35	1,95476876223	4,31484176187	-13,8710580984
8,36	2,00712863979	4,16939765754	-26,1260705931
8,37	2,04203522483	3,68458397643	-29,7621732014
8,38	2,07694180987	3,49065850399	-25,7220591922
8,39	2,11184839491	3,29673303155	-30,7048664703
8,4	2,14675497995	2,81191935044	-30,7048664703
8,41	2,16420827247	2,61799387799	-25,7220591922
8,42	2,19911485751	2,42406840555	-29,8968436684
8,43	2,21656815003	1,93925472444	-26,934093395
8,44	2,23402144255	1,7938106201	-17,6418311737
8,45	2,25147473507	1,69684788388	-17,6418311736
8,46	2,26892802759	1,55140377955	-26,9340933949
8,47	2,28638132011	1,06659009844	-29,8968436685
8,48	2,28638132011	0,872664625997	-25,7220591923
8,49	2,30383461263	0,678739153553	-30,7048664703
8,5	2,30383461263	0,193925472444	-30,7048664703
8,51	2,30383461263	0	-25,8567296592
8,52	2,30383461263	-0,193925472444	-30,7048664703
8,53	2,30383461263	-0,678739153553	-30,7048664703
8,54	2,28638132011	-0,872664625997	-25,7220591923
8,55	2,28638132011	-1,06659009844	-29,8968436685
8,56	2,26892802759	-1,55140377955	-26,9340933949
8,57	2,25147473507	-1,69684788388	-17,6418311736
8,58	2,23402144255	-1,7938106201	-17,6418311737
8,59	2,21656815003	-1,93925472444	-26,934093395
8,6	2,19911485751	-2,42406840555	-29,8968436684
8,61	2,16420827247	-2,61799387799	-25,5873887252
8,62	2,14675497995	-2,81191935044	-29,8968436685
8,63	2,11184839491	-3,29673303155	-26,934093395
8,64	2,07694180987	-3,44217713588	-17,6418311737
8,65	2,04203522483	-3,5391398721	-17,6418311737
8,66	2,00712863979	-3,68458397643	-26,9340933949
8,67	1,97222205475	-4,16939765754	-29,8968436684
8,68	1,91986217719	-4,36332312999	-25,5873887252
8,69	1,88495559215	-4,55724860243	-29,7621732015
8,7	1,83259571459	-5,04206228354	-25,9914001262
8,71	1,78023583703	-5,18750638787	-12,9283648296
8,72	1,72787595947	-5,23598775598	-4,71346634411
8,73	1,67551608191	-5,23598775598	-1,07736373588
8,74	1,62315620435	-5,23598775599	-1,07736373586
8,75	1,57079632679	-5,23598775599	-4,57879587708
8,76	1,51843644923	-5,28446912409	-11,9856715607
8,77	1,46607657168	-5,42991322843	-21,277933782
8,78	1,41371669412	-5,86624554143	-16,9684788388
8,79	1,34390352404	-5,91472690953	-0,538681867895
8,8	1,29154364648	-5,62383870087	-4,57879587724
8,81	1,23918376892	-5,96320827765	-12,2550124948
8,82	1,16937059884	-6,06017101387	-3,63610260832
8,83	1,11701072128	-6,06017101387	8,08022801858
8,84	1,0471975512	-5,91472690953	19,6618881784
8,85	0,994837673637	-5,47839459654	13,0630352965
8,86	0,942477796077	-5,47839459654	-7,54154615064
8,87	0,890117918517	-5,86624554143	-7,40687568355
8,88	0,820304748437	-5,86624554142	14,1403990324
8,89	0,767944870877	-5,42991322843	25,0487068573
8,9	0,715584993318	-5,23598775598	23,8366726545
8,91	0,663225115758	-5,04206228354	25,8567296592
8,92	0,610865238198	-4,60572997054	17,9111721076
8,93	0,575958653158	-4,55724860243	0,808022801873
8,94	0,523598775598	-4,84813681109	5,65615961302
8,95	0,471238898038	-4,50876723432	17,9111721077
8,96	0,436332312999	-4,36332312999	21,143263315
8,97	0,383972435439	-4,16939765754	29,7621732014
8,98	0,349065850399	-3,68458397643	30,5701960033
8,99	0,314159265359	-3,49065850399	25,8567296592
9	0,279252680319	-3,29673303154	30,5701960033
9,01	0,244346095279	-2,81191935043	29,8968436684
9,02	0,226892802759	-2,61799387799	22,0859565838
9,03	0,191986217719	-2,47254977366	22,4899679848
9,04	0,174532925199	-2,08469882877	17,6418311737
9,05	0,157079632679	-2,23014293311	21,9512861169
9,06	0,12217304764	-1,745329252	33,9369576777
9,07	0,12217304764	-1,26051557088	21,951286117
9,08	0,10471975512	-1,40595967522	17,6418311738
9,09	0,0872664625997	-1,01810873033	22,6246384518
9,1	0,0872664625997	-0,872664625996	22,8939793857
9,11	0,0698131700798	-0,678739153552	33,6676167437
9,12	0,0698131700798	-0,145444104333	38,7850944887
9,13	0,0698131700798	0,145444104333	38,9197649557
9,14	0,0698131700798	0,678739153552	34,4756395455
9,15	0,0872664625997	0,872664625996	26,530081994
9,16	0,0872664625997	1,06659009844	29,8968436684
9,17	0,10471975512	1,55140377955	26,1260705932
9,18	0,12217304764	1,69684788388	14,0057285655
9,19	0,139626340159	1,745329252	10,2349554902
9,2	0,157079632679	1,79381062011	17,5071607067
9,21	0,174532925199	1,98773609255	33,5329462767
9,22	0,191986217719	2,56951250988	39,1891058897
9,23	0,226892802759	3,05432619099	22,0859565838
9,24	0,261799387799	2,86040071854	17,2378197728
9,25	0,279252680319	3,05432619099	39,1891058897
9,26	0,314159265359	3,92699081699	38,3810830878
9,27	0,366519142919	4,12091628943	12,6590238956
9,28	0,401425727959	3,87850944888	10,2349554901
9,29	0,436332312999	4,21787902565	18,8538653765
9,3	0,488692190558	4,36332312999	21,1432633151
9,31	0,523598775598	4,55724860243	28,8194799327
9,32	0,575958653158	5,04206228354	25,8567296592
9,33	0,628318530718	5,18750638787	12,9283648295
9,34	0,680678408278	5,23598775598	4,84813681101
9,35	0,733038285838	5,23598775598	1,88538653765
9,36	0,785398163397	5,23598775598	4,71346634411
9,37	0,837758040957	5,28446912409	11,9856715607
9,38	0,890117918517	5,42991322843	21,2779337821
9,39	0,942477796077	5,86624554143	16,8338083719
9,4	1,01229096616	5,91472690954	-0,269340934005
9,41	1,06465084372	5,62383870087	0,942693268767
9,42	1,11701072128	5,91472690953	4,98280727812
9,43	1,18682389136	5,91472690954	-4,84813681103
9,44	1,23918376892	5,62383870087	-5,6177285046E-011
9,45	1,29154364648	5,91472690953	4,84813681103
9,46	1,36135681656	5,91472690953	-4,98280727801
9,47	1,41371669412	5,62383870087	-0,942693268767
9,48	1,46607657168	5,91472690954	0,269340933888
9,49	1,53588974175	5,86624554142	-16,9684788389
9,5	1,58824961931	5,42991322843	-22,2206270508
9,51	1,64060949687	5,2844691241	-16,6991379049
9,52	1,69296937443	5,18750638787	-17,3724902398
9,53	1,74532925199	5,04206228354	-25,9914001261
9,54	1,79768912955	4,55724860243	-25,3180477913
9,55	1,83259571459	4,4118044981	-13,7363876315
9,56	1,88495559215	4,36332312999	-9,42693268828
9,57	1,91986217719	4,31484176187	-13,7363876314
9,58	1,97222205475	4,16939765754	-25,3180477912
9,59	2,00712863979	3,68458397643	-25,9914001261
9,6	2,04203522483	3,5391398721	-17,5071607067
9,61	2,07694180987	3,44217713588	-17,6418311737
9,62	2,11184839491	3,29673303155	-26,934093395
9,63	2,14675497995	2,81191935044	-29,8968436685
9,64	2,16420827247	2,61799387799	-25,5873887252
9,65	2,19911485751	2,42406840555	-29,8968436684
9,66	2,21656815003	1,93925472444	-27,068763862
9,67	2,23402144255	1,7938106201	-18,4498539756
9,68	2,25147473507	1,69684788388	-21,2779337819
9,69	2,26892802759	1,50292241144	-34,2062986115
9,7	2,28638132011	0,921145994111	-38,5157535548
9,71	2,28638132011	0,436332312999	-18,4498539757
9,72	2,28638132011	0,678739153553	-9,9656145562
9,73	2,30383461263	0,581776417331	-30,7048664703
9,74	2,30383461263	0	-46,4613111063
9,75	2,30383461263	-0,630257785442	-37,1690488851
9,76	2,28638132011	-0,824183257886	-18,4498539757
9,77	2,28638132011	-0,872664626	-11,312319226
9,78	2,26892802759	-0,921145994111	-18,5845244425
9,79	2,26892802759	-1,11507146655	-37,9770716868
9,8	2,25147473507	-1,74532925199	-50,0974137146
9,81	2,23402144255	-2,37558703744	-37,9770716869
9,82	2,19911485751	-2,56951250988	-18,4498539755
9,83	2,18166156499	-2,61799387799	-10,3696259571
9,84	2,14675497995	-2,6664752461	-13,8710580984
9,85	2,12930168743	-2,81191935044	-25,3180477912
9,86	2,09439510239	-3,29673303154	-25,9914001261
9,87	2,05948851735	-3,44217713588	-17,5071607068
9,88	2,02458193231	-3,5391398721	-17,6418311737
9,89	1,98967534727	-3,68458397643	-26,934093395
9,9	1,95476876223	-4,16939765754	-29,8968436684
9,91	1,90240888467	-4,36332312999	-25,5873887253
9,92	1,86750229963	-4,55724860243	-29,7621732014
9,93	1,81514242207	-5,04206228354	-25,9914001261
9,94	1,76278254451	-5,18750638787	-12,9283648296
9,95	1,71042266695	-5,23598775598	-4,71346634411
9,96	1,65806278939	-5,23598775598	-1,07736373577
9,97	1,60570291183	-5,23598775598	-1,07736373583
9,98	1,55334303427	-5,23598775598	-4,57879587714
9,99	1,50098315672	-5,28446912409	-11,9856715607
10	1,44862327916	-5,42991322843	-21,2779337821
10,01	1,3962634016	-5,86624554143	-16,8338083719
10,02	1,32645023152	-5,91472690954	0,269340934004
10,03	1,27409035396	-5,62383870087	-0,942693268772
10,04	1,2217304764	-5,91472690953	-4,98280727814
10,05	1,15191730632	-5,91472690954	4,98280727796
10,06	1,09955742876	-5,62383870087	0,942693268824
10,07	1,0471975512	-5,91472690954	-0,269340933841
10,08	0,977384381117	-5,86624554142	16,8338083719
10,09	0,925024503557	-5,42991322843	21,277933782
10,1	0,872664625997	-5,2844691241	11,9856715608
10,11	0,820304748437	-5,23598775598	4,57879587717
10,12	0,767944870877	-5,23598775598	1,07736373577
10,13	0,715584993318	-5,23598775598	1,0773637358
10,14	0,663225115758	-5,23598775598	4,71346634415
10,15	0,610865238198	-5,18750638787	12,9283648295
10,16	0,558505360638	-5,04206228354	25,9914001261
10,17	0,506145483078	-4,55724860243	29,7621732015
10,18	0,471238898038	-4,36332312999	25,5873887252
10,19	0,418879020479	-4,16939765754	29,8968436684
10,2	0,383972435439	-3,68458397643	26,9340933949
10,21	0,349065850399	-3,5391398721	17,6418311737
10,22	0,314159265359	-3,44217713588	17,6418311737
10,23	0,279252680319	-3,29673303154	26,934093395
10,24	0,244346095279	-2,81191935043	29,8968436684
10,25	0,226892802759	-2,61799387799	25,5873887252
10,26	0,191986217719	-2,42406840555	29,7621732014
10,27	0,174532925199	-1,93925472444	26,1260705931
10,28	0,157079632679	-1,79381062011	14,0057285654
10,29	0,139626340159	-1,745329252	10,3696259572
10,3	0,12217304764	-1,69684788388	18,4498539757
10,31	0,10471975512	-1,50292241144	37,9770716869
10,32	0,0872664625997	-0,872664625996	50,0974137146
10,33	0,0872664625997	-0,242406840554	37,9770716869
10,34	0,0872664625997	-0,0484813681109	18,5845244425
10,35	0,0872664625997	0	11,3123192259
10,36	0,0872664625997	0,0484813681109	18,5845244425
10,37	0,0872664625997	0,242406840554	37,9770716869
10,38	0,0872664625997	0,872664625996	50,0974137146
10,39	0,10471975512	1,50292241144	37,84240122
10,4	0,12217304764	1,69684788388	17,6418311738
10,41	0,139626340159	1,745329252	6,73352334882
10,42	0,157079632679	1,745329252	6,73352334868
10,43	0,174532925199	1,7938106201	17,6418311736
10,44	0,191986217719	1,98773609255	37,84240122
10,45	0,209439510239	2,61799387799	50,0974137147
10,46	0,244346095279	3,24825166343	37,9770716869
10,47	0,279252680319	3,44217713588	18,4498539756
10,48	0,314159265359	3,49065850399	10,3696259571
10,49	0,349065850399	3,5391398721	13,8710580984
10,5	0,383972435439	3,68458397643	25,1833773243
10,51	0,418879020479	4,16939765754	25,1833773243
10,52	0,471238898038	4,31484176187	13,7363876314
10,53	0,506145483078	4,36332312999	9,42693268825
10,54	0,558505360638	4,4118044981	13,7363876315
10,55	0,593411945678	4,55724860243	25,3180477913
10,56	0,645771823238	5,04206228354	25,9914001261
10,57	0,698131700798	5,18750638787	17,3724902397
10,58	0,750491578357	5,28446912409	16,564467438
10,59	0,802851455917	5,42991322843	21,412604249
10,6	0,855211333477	5,86624554143	13,3323762304
10,61	0,925024503557	5,86624554142	-7,67621661761
10,62	0,977384381117	5,47839459654	-8,34956895237
10,63	1,02974425868	5,47839459654	9,42693268828
10,64	1,08210413624	5,86624554143	12,2550124946
10,65	1,15191730632	5,91472690953	-1,3467046698
10,66	1,20427718388	5,62383870087	5,61748178838E-011
10,67	1,25663706144	5,91472690954	1,3467046698
10,68	1,32645023152	5,86624554143	-12,2550124948
10,69	1,37881010908	5,47839459654	-9,42693268828
10,7	1,43116998664	5,47839459654	8,34956895249
10,71	1,4835298642	5,86624554143	7,54154615064
10,72	1,55334303427	5,86624554143	-14,1403990324
10,73	1,60570291183	5,42991322843	-25,0487068574
10,74	1,65806278939	5,23598775598	-23,8366726545
10,75	1,71042266695	5,04206228354	-25,9914001261
10,76	1,76278254451	4,60572997054	-18,8538653765
10,77	1,79768912955	4,55724860243	-5,25214821201
10,78	1,85004900711	4,79965544299	-16,6991379049
10,79	1,90240888467	4,31484176187	-34,6103100126
10,8	1,93731546971	3,78154671265	-25,9914001261
10,81	1,97222205475	3,68458397643	-8,21489848534
10,82	2,00712863979	3,92699081699	-14,5444104333
10,83	2,05948851735	3,49065850399	-30,3008550694
10,84	2,07694180987	3,00584482288	-21,1432633151
10,85	2,11184839491	3,15128892721	-17,5071607067
10,86	2,14675497995	2,76343798232	-22,4899679848
10,87	2,16420827247	2,61799387799	-22,0859565839
10,88	2,19911485751	2,42406840555	-29,8968436684
10,89	2,21656815003	1,93925472444	-30,5701960034
10,9	2,23402144255	1,74532925199	-25,8567296592
10,91	2,25147473507	1,55140377955	-30,7048664702
10,92	2,26892802759	1,06659009844	-30,7048664701
10,93	2,26892802759	0,872664626	-25,7220591921
10,94	2,28638132011	0,678739153556	-29,8968436685
10,95	2,28638132011	0,193925472445	-26,9340933951
10,96	2,28638132011	0,0484813681112	-17,6418311738
10,97	2,28638132011	-0,0484813681112	-17,6418311738
10,98	2,28638132011	-0,193925472445	-26,9340933951
10,99	2,28638132011	-0,678739153556	-30,0315141354
11	2,26892802759	-0,872664626	-26,5300819939
11,01	2,26892802759	-1,06659009844	-34,4756395454
11,02	2,25147473507	-1,59988514766	-38,7850944887
11,03	2,23402144255	-1,89077335633	-37,977071687
11,04	2,21656815003	-2,42406840555	-29,8968436685
11,05	2,18166156499	-2,56951250988	-14,6790809003
11,06	2,16420827247	-2,61799387799	-9,69627362215
11,07	2,12930168743	-2,6664752461	-14,6790809002
11,08	2,11184839491	-2,81191935043	-29,7621732014
11,09	2,07694180987	-3,34521439966	-37,0343784181
11,1	2,04203522483	-3,63610260832	-34,2062986116
11,11	2,00712863979	-4,12091628943	-22,4899679848
11,12	1,95476876223	-4,16939765754	-5,25214821202
11,13	1,91986217719	-3,92699081699	-13,0630352966
11,14	1,88495559215	-4,36332312999	-26,3954115271
11,15	1,83259571459	-4,79965544298	-12,9283648297
11,16	1,78023583703	-4,55724860243	-4,44412541019
11,17	1,74532925199	-4,60572997054	-18,7191949095
11,18	1,69296937443	-5,04206228354	-25,9914001261
11,19	1,64060949687	-5,23598775598	-23,8366726545
11,2	1,58824961931	-5,42991322843	-25,0487068573
11,21	1,53588974175	-5,86624554142	-14,1403990324
11,22	1,46607657168	-5,86624554143	7,54154615052
11,23	1,41371669412	-5,47839459654	8,34956895249
11,24	1,36135681656	-5,47839459654	-9,42693268817
11,25	1,308996939	-5,86624554142	-12,2550124948
11,26	1,23918376892	-5,91472690954	1,34670466969
11,27	1,18682389136	-5,62383870087	6,14348078582E-011
11,28	1,1344640138	-5,91472690953	-1,34670466967
11,29	1,06465084372	-5,86624554142	12,2550124947
11,3	1,01229096616	-5,47839459654	9,42693268823
11,31	0,959931088597	-5,47839459654	-8,34956895242
11,32	0,907571211037	-5,86624554142	-7,54154615066
11,33	0,837758040957	-5,86624554143	14,1403990323
11,34	0,785398163397	-5,42991322843	25,0487068574
11,35	0,733038285838	-5,23598775598	23,8366726546
11,36	0,680678408278	-5,04206228354	25,9914001261
11,37	0,628318530718	-4,60572997054	18,7191949095
11,38	0,593411945678	-4,55724860243	4,44412541025
11,39	0,541052068118	-4,79965544298	12,9283648296
11,4	0,488692190558	-4,36332312999	26,395411527
11,41	0,453785605519	-3,92699081699	13,0630352965
11,42	0,418879020479	-4,16939765754	5,25214821207
11,43	0,366519142919	-4,12091628943	22,4899679849
11,44	0,331612557879	-3,63610260832	34,3409690786
11,45	0,296705972839	-3,34521439966	37,9770716868
11,46	0,261799387799	-2,81191935044	34,3409690785
11,47	0,244346095279	-2,61799387799	26,5300819941
11,48	0,209439510239	-2,42406840555	29,8968436685
11,49	0,191986217719	-1,93925472444	26,1260705932
11,5	0,174532925199	-1,7938106201	13,8710580983
11,51	0,157079632679	-1,745329252	9,42693268818
11,52	0,139626340159	-1,69684788388	13,8710580985
11,53	0,12217304764	-1,55140377955	26,1260705932
11,54	0,10471975512	-1,06659009844	29,8968436685
11,55	0,10471975512	-0,872664625996	26,530081994
11,56	0,0872664625997	-0,678739153552	34,4756395455
11,57	0,0872664625997	-0,145444104333	38,9197649557
11,58	0,0872664625997	0,145444104333	38,7850944887
11,59	0,0872664625997	0,678739153552	33,6676167437
11,6	0,10471975512	0,872664625996	22,8939793857
11,61	0,10471975512	1,01810873033	22,6246384518
11,62	0,12217304764	1,40595967522	17,6418311738
11,63	0,139626340159	1,26051557088	21,951286117
11,64	0,139626340159	1,745329252	33,9369576777
11,65	0,174532925199	2,23014293311	21,9512861169
11,66	0,191986217719	2,08469882877	17,6418311737
11,67	0,209439510239	2,47254977366	22,4899679849
11,68	0,244346095279	2,61799387799	22,0859565839
11,69	0,261799387799	2,81191935044	29,8968436684
11,7	0,296705972839	3,29673303154	30,5701960032
11,71	0,331612557879	3,49065850399	25,7220591922
11,72	0,366519142919	3,68458397643	29,7621732016
11,73	0,401425727959	4,16939765754	26,1260705931
11,74	0,453785605519	4,31484176188	13,8710580983
11,75	0,488692190558	4,36332312999	9,4269326882
11,76	0,541052068118	4,4118044981	13,7363876314
11,77	0,575958653158	4,55724860243	25,1833773243
11,78	0,628318530718	5,04206228354	25,0487068573
11,79	0,680678408278	5,18750638787	12,9283648295
11,8	0,733038285838	5,23598775598	5,65615961297
11,81	0,785398163397	5,23598775598	5,52148914597
11,82	0,837758040957	5,28446912409	12,1203420277
11,83	0,890117918517	5,42991322843	21,2779337821
11,84	0,942477796077	5,86624554143	16,8338083719
11,85	1,01229096616	5,91472690954	-0,404011400979
11,86	1,06465084372	5,62383870087	0,134670466919
11,87	1,11701072128	5,91472690953	1,3467046698
11,88	1,18682389136	5,86624554143	-12,2550124946
11,89	1,23918376892	5,47839459654	-9,42693268829
11,9	1,29154364648	5,47839459654	8,34956895235
11,91	1,34390352404	5,86624554142	7,67621661757
11,92	1,41371669412	5,86624554143	-13,1977057635
11,93	1,46607657168	5,42991322843	-20,4699109802
11,94	1,51843644923	5,28446912409	-11,8510010937
11,95	1,57079632679	5,23598775599	-4,71346634405
11,96	1,62315620435	5,23598775599	-1,88538653771
11,97	1,67551608191	5,23598775598	-4,84813681117
11,98	1,72787595947	5,18750638787	-12,9283648296
11,99	1,78023583703	5,04206228354	-25,9914001261
12	1,83259571459	4,55724860243	-29,7621732015
12,01	1,86750229963	4,36332312999	-25,5873887252
12,02	1,91986217719	4,16939765754	-29,7621732014
12,03	1,95476876223	3,68458397643	-26,1260705931
12,04	1,98967534727	3,5391398721	-13,8710580984
12,05	2,02458193231	3,49065850399	-9,42693268828
12,06	2,05948851735	3,44217713588	-13,8710580985
12,07	2,09439510239	3,29673303154	-26,1260705931
12,08	2,12930168743	2,81191935044	-29,7621732014
12,09	2,14675497995	2,61799387799	-25,5873887252
12,1	2,18166156499	2,42406840555	-29,8968436684
12,11	2,19911485751	1,93925472444	-27,0687638619
12,12	2,21656815003	1,79381062011	-18,4498539756
12,13	2,23402144255	1,69684788388	-21,2779337821
12,14	2,25147473507	1,50292241144	-34,2062986116
12,15	2,26892802759	0,921145994107	-38,5157535547
12,16	2,26892802759	0,436332312999	-18,4498539754
12,17	2,26892802759	0,678739153556	-9,96561455608
12,18	2,28638132011	0,581776417334	-30,7048664704
12,19	2,28638132011	0	-46,4613111065
12,2	2,28638132011	-0,630257785445	-37,1690488852
12,21	2,26892802759	-0,824183257889	-18,4498539755
12,22	2,26892802759	-0,872664625997	-11,3123192258
12,23	2,25147473507	-0,921145994107	-18,4498539755
12,24	2,25147473507	-1,11507146655	-37,1690488851
12,25	2,23402144255	-1,74532925199	-46,4613111064
12,26	2,21656815003	-2,32710566933	-30,7048664703
12,27	2,18166156499	-2,42406840555	-9,96561455613
12,28	2,16420827247	-2,18166156499	-18,4498539756
12,29	2,14675497995	-2,6664752461	-38,3810830879
12,3	2,11184839491	-3,24825166343	-33,3982758098
12,31	2,07694180987	-3,44217713588	-17,5071607067
12,32	2,04203522483	-3,49065850399	-10,2349554901
12,33	2,00712863979	-3,5391398721	-14,0057285654
12,34	1,97222205475	-3,68458397643	-25,9914001261
12,35	1,93731546971	-4,16939765754	-28,8194799326
12,36	1,88495559215	-4,36332312999	-21,0085928481
12,37	1,85004900711	-4,50876723432	-17,9111721077
12,38	1,79768912955	-4,8481368111	-5,79083007991
12,39	1,74532925199	-4,55724860243	-1,61604560362
12,4	1,71042266695	-4,60572997054	-21,5472747159
12,41	1,65806278939	-5,09054365165	-33,1289348758
12,42	1,60570291183	-5,38143186031	-32,455582541
12,43	1,55334303427	-5,86624554143	-17,7765016407
12,44	1,4835298642	-5,86624554143	6,73352334878
12,45	1,43116998664	-5,47839459654	8,34956895249
12,46	1,37881010908	-5,47839459654	-8,61890988644
12,47	1,32645023152	-5,86624554143	-8,61890988644
12,48	1,25663706144	-5,86624554143	8,61890988644
12,49	1,20427718388	-5,47839459654	8,61890988644
12,5	1,15191730632	-5,47839459654	-8,48423941946
12,51	1,09955742876	-5,86624554143	-7,67621661761
12,52	1,02974425868	-5,86624554143	13,1977057636
12,53	0,977384381117	-5,42991322843	20,4699109802
12,54	0,925024503557	-5,28446912409	11,8510010938
12,55	0,872664625997	-5,23598775598	4,57879587714
12,56	0,820304748437	-5,23598775598	1,07736373583
12,57	0,767944870877	-5,23598775598	1,07736373577
12,58	0,715584993318	-5,23598775598	4,71346634411
12,59	0,663225115758	-5,18750638787	12,9283648296
12,6	0,610865238198	-5,04206228354	25,8567296591
12,61	0,558505360638	-4,55724860243	28,8194799326
12,62	0,523598775598	-4,36332312999	21,1432633151
12,63	0,471238898038	-4,21787902565	18,8538653765
12,64	0,436332312999	-3,87850944888	10,2349554901
12,65	0,401425727959	-4,12091628943	12,6590238957
12,66	0,349065850399	-3,92699081699	38,3810830879
12,67	0,314159265359	-3,05432619099	39,0544354227
12,68	0,296705972839	-2,86040071855	16,2951265039
12,69	0,261799387799	-3,05432619099	17,6418311737
12,7	0,226892802759	-2,61799387799	28,2807980647
12,71	0,209439510239	-2,18166156499	17,6418311738
12,72	0,191986217719	-2,37558703744	16,295126504
12,73	0,157079632679	-2,18166156499	39,1891058896
12,74	0,139626340159	-1,308996939	39,3237763567
12,75	0,139626340159	-1,11507146655	17,2378197729
12,76	0,12217304764	-1,30899693899	22,0859565839
12,77	0,10471975512	-0,824183257885	39,1891058897
12,78	0,10471975512	-0,242406840554	33,5329462767
12,79	0,10471975512	-0,0484813681109	17,6418311737
12,8	0,10471975512	0	11,1776487589
12,81	0,10471975512	0,0484813681109	18,5845244425
12,82	0,10471975512	0,242406840554	37,9770716869
12,83	0,10471975512	0,872664625996	50,0974137147
12,84	0,12217304764	1,50292241144	37,977071687
12,85	0,139626340159	1,69684788388	18,4498539756
12,86	0,157079632679	1,745329252	10,369625957
12,87	0,174532925199	1,7938106201	14,0057285653
12,88	0,191986217719	1,93925472444	26,1260705932
12,89	0,209439510239	2,42406840555	29,7621732015
12,9	0,244346095279	2,61799387799	25,5873887252
12,91	0,261799387799	2,81191935044	29,8968436684
12,92	0,296705972839	3,29673303154	26,9340933949
12,93	0,331612557879	3,44217713588	17,6418311737
12,94	0,366519142919	3,5391398721	17,6418311738
12,95	0,401425727959	3,68458397643	26,799422928
12,96	0,436332312999	4,16939765754	28,9541503996
12,97	0,488692190558	4,36332312999	21,0085928481
12,98	0,523598775598	4,50876723432	17,9111721077
12,99	0,575958653158	4,8481368111	5,65615961296
13	0,628318530718	4,55724860243	0,808022801822
13,01	0,663225115758	4,60572997054	17,9111721077
13,02	0,715584993318	5,04206228354	25,8567296591
13,03	0,767944870877	5,23598775598	23,8366726545
13,04	0,820304748437	5,42991322843	25,0487068574
13,05	0,872664625997	5,86624554143	14,1403990324
13,06	0,942477796077	5,86624554143	-7,54154615064
13,07	0,994837673637	5,47839459654	-8,48423941946
13,08	1,0471975512	5,47839459654	8,61890988644
13,09	1,09955742876	5,86624554143	8,61890988644
13,1	1,16937059884	5,86624554143	-8,61890988644
13,11	1,2217304764	5,47839459654	-8,61890988644
13,12	1,27409035396	5,47839459654	8,48423941946
13,13	1,32645023152	5,86624554143	7,67621661761
13,14	1,3962634016	5,86624554143	-13,1977057636
13,15	1,44862327916	5,42991322843	-20,4699109802
13,16	1,50098315672	5,28446912409	-11,8510010938
13,17	1,55334303427	5,23598775598	-4,71346634412
13,18	1,60570291183	5,23598775598	-1,88538653768
13,19	1,65806278939	5,23598775598	-4,84813681106
13,2	1,71042266695	5,18750638787	-12,9283648296
13,21	1,76278254451	5,04206228354	-25,9914001262
13,22	1,81514242207	4,55724860243	-29,7621732014
13,23	1,85004900711	4,36332312999	-25,5873887253
13,24	1,90240888467	4,16939765754	-29,7621732016
13,25	1,93731546971	3,68458397643	-25,9914001262
13,26	1,97222205475	3,5391398721	-13,0630352965
13,27	2,00712863979	3,49065850399	-5,79083007986
13,28	2,04203522483	3,49065850399	-6,59885288174
13,29	2,07694180987	3,44217713588	-17,6418311737
13,3	2,11184839491	3,24825166343	-37,84240122
13,31	2,14675497995	2,61799387799	-50,0974137147
13,32	2,16420827247	1,98773609255	-37,84240122
13,33	2,18166156499	1,7938106201	-17,6418311736
13,34	2,19911485751	1,745329252	-6,73352334868
13,35	2,21656815003	1,745329252	-6,73352334882
13,36	2,23402144255	1,69684788388	-17,6418311738
13,37	2,25147473507	1,50292241144	-37,84240122
13,38	2,26892802759	0,872664625996	-50,0974137146
13,39	2,26892802759	0,242406840554	-37,9770716869
13,4	2,26892802759	0,0484813681109	-18,5845244425
13,41	2,26892802759	0	-11,3123192259
13,42	2,26892802759	-0,0484813681109	-18,5845244425
13,43	2,26892802759	-0,242406840554	-37,9770716869
13,44	2,26892802759	-0,872664625996	-50,0974137146
13,45	2,25147473507	-1,50292241144	-37,9770716869
13,46	2,23402144255	-1,69684788388	-18,4498539757
13,47	2,21656815003	-1,745329252	-10,3696259572
13,48	2,19911485751	-1,79381062011	-14,0057285654
13,49	2,18166156499	-1,93925472444	-26,1260705931
13,5	2,16420827247	-2,42406840555	-29,7621732014
13,51	2,12930168743	-2,61799387799	-25,5873887252
13,52	2,11184839491	-2,81191935043	-29,8968436684
13,53	2,07694180987	-3,29673303154	-26,934093395
13,54	2,04203522483	-3,44217713588	-17,5071607068
13,55	2,00712863979	-3,5391398721	-16,6991379049
13,56	1,97222205475	-3,68458397643	-22,3552975178
13,57	1,93731546971	-4,12091628943	-18,0458425746
13,58	1,88495559215	-4,16939765754	-5,25214821202
13,59	1,85004900711	-3,92699081699	-17,5071607067
13,6	1,81514242207	-4,4118044981	-38,2464126209
13,61	1,76278254451	-4,99358091543	-33,2636053428
13,62	1,71042266695	-5,18750638787	-16,5644674379
13,63	1,65806278939	-5,23598775598	-5,65615961291
13,64	1,60570291183	-5,23598775598	-2,02005700465
13,65	1,55334303427	-5,23598775598	-4,71346634412
13,66	1,50098315672	-5,28446912409	-11,8510010938
13,67	1,44862327916	-5,42991322843	-20,4699109802
13,68	1,3962634016	-5,86624554143	-13,1977057636
13,69	1,32645023152	-5,86624554143	7,67621661761
13,7	1,27409035396	-5,47839459654	8,48423941946
13,71	1,2217304764	-5,47839459654	-8,48423941946
13,72	1,16937059884	-5,86624554143	-7,81088708459
13,73	1,09955742876	-5,86624554143	12,2550124948
13,74	1,0471975512	-5,42991322843	15,8911151031
13,75	0,994837673637	-5,3329504922	0,134670466919
13,76	0,942477796077	-5,42991322843	-14,8137513673
13,77	0,890117918517	-5,86624554143	-6,73352334865
13,78	0,820304748437	-5,81776417331	24,2406840556
13,79	0,767944870877	-5,23598775598	40,8051514934
13,8	0,715584993318	-4,65421133865	25,1833773242
13,81	0,680678408278	-4,60572997054	-2,15472747172
13,82	0,628318530718	-4,99358091543	-2,82807980652
13,83	0,575958653158	-4,94509954732	21,5472747161
13,84	0,523598775598	-4,4118044981	33,6676167439
13,85	0,488692190558	-3,92699081698	16,6991379049
13,86	0,453785605519	-4,16939765754	6,06017101376
13,87	0,401425727959	-4,12091628943	22,6246384518
13,88	0,366519142919	-3,63610260832	34,2062986117
13,89	0,331612557879	-3,34521439965	37,0343784181
13,9	0,296705972839	-2,81191935044	29,7621732014
13,91	0,279252680319	-2,6664752461	14,6790809003
13,92	0,244346095279	-2,61799387799	9,69627362218
13,93	0,226892802759	-2,56951250988	14,6790809002
13,94	0,191986217719	-2,42406840555	29,8968436684
13,95	0,174532925199	-1,89077335633	37,8424012199
13,96	0,157079632679	-1,59988514766	37,8424012199
13,97	0,139626340159	-1,06659009844	29,8968436685
13,98	0,139626340159	-0,921145994108	14,8137513674
13,99	0,12217304764	-0,872664625996	10,5042964241
14	0,12217304764	-0,824183257885	18,3151835086
14,01	0,10471975512	-0,630257785441	37,169048885
14,02	0,10471975512	0	46,4613111063
14,03	0,10471975512	0,581776417331	30,7048664702
14,04	0,12217304764	0,678739153552	9,96561455616
14,05	0,12217304764	0,436332312998	18,4498539756
14,06	0,12217304764	0,921145994108	38,5157535549
14,07	0,139626340159	1,50292241144	34,2062986117
14,08	0,157079632679	1,69684788388	21,2779337819
14,09	0,174532925199	1,7938106201	18,4498539755
14,1	0,191986217719	1,93925472444	27,068763862
14,11	0,209439510239	2,42406840555	29,8968436685
14,12	0,244346095279	2,61799387799	25,5873887252
14,13	0,261799387799	2,81191935044	29,8968436684
14,14	0,296705972839	3,29673303154	26,9340933949
14,15	0,331612557879	3,44217713588	17,6418311737
14,16	0,366519142919	3,5391398721	17,5071607068
14,17	0,401425727959	3,68458397643	25,9914001262
14,18	0,436332312999	4,16939765754	25,3180477913
14,19	0,488692190558	4,31484176187	13,7363876315
14,2	0,523598775598	4,36332312999	9,42693268831
14,21	0,575958653158	4,4118044981	13,7363876314
14,22	0,610865238198	4,55724860243	25,1833773242
14,23	0,663225115758	5,04206228354	25,0487068573
14,24	0,715584993318	5,18750638787	12,9283648296
14,25	0,767944870877	5,23598775598	5,6561596129
14,26	0,820304748437	5,23598775598	5,52148914599
14,27	0,872664625997	5,2844691241	11,9856715608
14,28	0,925024503557	5,42991322843	20,4699109801
14,29	0,977384381117	5,86624554142	13,1977057636
14,3	1,0471975512	5,86624554143	-7,6762166175
14,31	1,09955742876	5,47839459654	-8,48423941946
14,32	1,15191730632	5,47839459654	8,48423941935
14,33	1,20427718388	5,86624554142	7,81088708459
14,34	1,27409035396	5,86624554143	-12,2550124946
14,35	1,32645023152	5,42991322843	-15,8911151031
14,36	1,37881010908	5,3329504922	-0,134670467031
14,37	1,43116998664	5,42991322843	14,8137513673
14,38	1,4835298642	5,86624554143	6,73352334878
14,39	1,55334303427	5,81776417332	-24,2406840555
14,4	1,60570291183	5,23598775598	-40,8051514935
14,41	1,65806278939	4,65421133865	-25,1833773243
14,42	1,69296937443	4,60572997054	2,15472747162
14,43	1,74532925199	4,99358091543	2,82807980654
14,44	1,79768912955	4,94509954732	-21,5472747159
14,45	1,85004900711	4,4118044981	-33,6676167437
14,46	1,88495559215	3,92699081699	-16,6991379049
14,47	1,91986217719	4,16939765754	-6,06017101389
14,48	1,97222205475	4,12091628943	-22,6246384518
14,49	2,00712863979	3,63610260832	-34,2062986116
14,5	2,04203522483	3,34521439966	-37,0343784181
14,51	2,07694180987	2,81191935044	-29,7621732015
14,52	2,09439510239	2,6664752461	-14,6790809003
14,53	2,12930168743	2,61799387799	-9,69627362215
14,54	2,14675497995	2,56951250988	-14,6790809003
14,55	2,18166156499	2,42406840555	-29,8968436684
14,56	2,19911485751	1,89077335633	-37,8424012199
14,57	2,21656815003	1,59988514766	-37,84240122
14,58	2,23402144255	1,06659009844	-29,8968436685
14,59	2,23402144255	0,921145994107	-14,8137513673
14,6	2,25147473507	0,872664625996	-10,5042964241
14,61	2,25147473507	0,824183257885	-18,3151835086
14,62	2,26892802759	0,630257785441	-37,169048885
14,63	2,26892802759	0	-46,4613111063
14,64	2,26892802759	-0,581776417331	-30,7048664702
14,65	2,25147473507	-0,678739153552	-9,96561455613
14,66	2,25147473507	-0,436332312998	-18,4498539756
14,67	2,25147473507	-0,921145994107	-38,5157535548
14,68	2,23402144255	-1,50292241144	-34,2062986117
14,69	2,21656815003	-1,69684788388	-21,2779337821
14,7	2,19911485751	-1,79381062011	-18,4498539755
14,71	2,18166156499	-1,93925472444	-27,0687638619
14,72	2,16420827247	-2,42406840555	-29,8968436684
14,73	2,12930168743	-2,61799387799	-25,5873887252
14,74	2,11184839491	-2,81191935043	-29,8968436684
14,75	2,07694180987	-3,29673303154	-26,934093395
14,76	2,04203522483	-3,44217713588	-17,6418311737
14,77	2,00712863979	-3,5391398721	-17,5071607067
14,78	1,97222205475	-3,68458397643	-25,9914001261
14,79	1,93731546971	-4,16939765754	-25,3180477912
14,8	1,88495559215	-4,31484176187	-13,7363876314
14,81	1,85004900711	-4,36332312999	-9,42693268825
14,82	1,79768912955	-4,4118044981	-13,7363876315
14,83	1,76278254451	-4,55724860243	-25,1833773243
14,84	1,71042266695	-5,04206228354	-25,0487068573
14,85	1,65806278939	-5,18750638787	-12,7936943626
14,86	1,60570291183	-5,23598775598	-4,84813681112
14,87	1,55334303427	-5,23598775598	-1,88538653765
14,88	1,50098315672	-5,23598775598	-4,71346634411
14,89	1,44862327916	-5,28446912409	-11,8510010939
14,9	1,3962634016	-5,42991322843	-20,4699109802
14,91	1,34390352404	-5,86624554143	-13,1977057635
14,92	1,27409035396	-5,86624554142	7,67621661761
14,93	1,2217304764	-5,47839459654	8,48423941935
14,94	1,16937059884	-5,47839459654	-8,48423941946
14,95	1,11701072128	-5,86624554143	-7,6762166175
14,96	1,0471975512	-5,86624554142	13,1977057636
14,97	0,994837673637	-5,42991322843	20,4699109801
14,98	0,942477796077	-5,2844691241	11,8510010938
14,99	0,890117918517	-5,23598775598	4,71346634415
15	0,837758040957	-5,23598775598	1,88538653761
15,01	0,785398163397	-5,23598775598	4,71346634411
15,02	0,733038285838	-5,18750638787	11,9856715608
15,03	0,680678408278	-5,04206228354	21,4126042489
15,04	0,628318530718	-4,60572997054	17,9111721077
15,05	0,593411945678	-4,55724860243	5,2521482121
15,06	0,541052068118	-4,79965544298	17,5071607068
15,07	0,488692190558	-4,31484176187	38,2464126208
15,08	0,453785605519	-3,73306534454	33,2636053428
15,09	0,418879020479	-3,5391398721	16,6991379049
15,1	0,383972435439	-3,49065850399	6,59885288176
15,11	0,349065850399	-3,49065850399	6,73352334876
15,12	0,314159265359	-3,44217713588	17,6418311737
15,13	0,279252680319	-3,24825166343	37,84240122
15,14	0,244346095279	-2,61799387799	50,0974137146
15,15	0,226892802759	-1,98773609255	37,8424012199
15,16	0,209439510239	-1,79381062011	17,6418311738
15,17	0,191986217719	-1,74532925199	6,7335233488
15,18	0,174532925199	-1,74532925199	6,73352334868
15,19	0,157079632679	-1,69684788388	17,6418311736
15,2	0,139626340159	-1,50292241144	37,84240122
15,21	0,12217304764	-0,872664625997	50,0974137147
15,22	0,12217304764	-0,242406840555	37,9770716869
15,23	0,12217304764	-0,0484813681109	18,5845244425
15,24	0,12217304764	0	11,1776487589
15,25	0,12217304764	0,0484813681109	17,6418311737
15,26	0,12217304764	0,242406840555	33,5329462768
15,27	0,12217304764	0,824183257886	39,1891058898
15,28	0,139626340159	1,308996939	22,0859565839
15,29	0,157079632679	1,11507146655	17,2378197727
15,3	0,157079632679	1,308996939	39,1891058896
15,31	0,174532925199	2,18166156499	38,3810830878
15,32	0,209439510239	2,37558703744	12,6590238957
15,33	0,226892802759	2,13318019688	10,2349554901
15,34	0,244346095279	2,47254977366	18,9885358434
15,35	0,279252680319	2,61799387799	22,0859565839
15,36	0,296705972839	2,81191935044	33,3982758097
15,37	0,331612557879	3,34521439965	37,84240122
15,38	0,366519142919	3,63610260832	34,3409690787
15,39	0,401425727959	4,12091628943	22,4899679848
15,4	0,453785605519	4,16939765754	5,2521482119
15,41	0,488692190558	3,92699081698	13,0630352965
15,42	0,523598775598	4,36332312999	26,3954115272
15,43	0,575958653158	4,79965544299	12,9283648296
15,44	0,628318530718	4,55724860243	4,30945494319
15,45	0,663225115758	4,60572997054	17,9111721077
15,46	0,715584993318	5,04206228354	22,3552975178
15,47	0,767944870877	5,18750638787	16,5644674379
15,48	0,820304748437	5,28446912409	16,429796971
15,49	0,872664625997	5,42991322843	21,2779337821
15,5	0,925024503557	5,86624554143	12,5243534286
15,51	0,994837673637	5,86624554142	-11,312319226
15,52	1,0471975512	5,42991322843	-15,756444636
15,53	1,09955742876	5,33295049221	0
15,54	1,15191730632	5,42991322843	15,756444636
15,55	1,20427718388	5,86624554142	11,312319226
15,56	1,27409035396	5,86624554143	-12,3896829616
15,57	1,32645023152	5,42991322843	-20,3352405132
15,58	1,37881010908	5,28446912409	-11,8510010939
15,59	1,43116998664	5,23598775598	-4,57879587713
15,6	1,4835298642	5,23598775598	-0,942693268828
15,61	1,53588974175	5,23598775598	-0,269340933982
15,62	1,58824961931	5,23598775598	-0,942693268791
15,63	1,64060949687	5,23598775598	-4,71346634411
15,64	1,69296937443	5,18750638787	-12,9283648296
15,65	1,74532925199	5,04206228354	-25,9914001261
15,66	1,79768912955	4,55724860243	-29,7621732014
15,67	1,83259571459	4,36332312999	-25,5873887253
15,68	1,88495559215	4,16939765754	-29,7621732015
15,69	1,91986217719	3,68458397643	-25,9914001261
15,7	1,95476876223	3,5391398721	-13,0630352966
15,71	1,98967534727	3,49065850399	-5,79083007994
15,72	2,02458193231	3,49065850399	-6,59885288181
15,73	2,05948851735	3,44217713588	-17,6418311738
15,74	2,09439510239	3,24825166343	-37,8424012199
15,75	2,12930168743	2,61799387799	-50,0974137146
15,76	2,14675497995	1,98773609255	-37,84240122
15,77	2,16420827247	1,7938106201	-17,6418311737
15,78	2,18166156499	1,74532925199	-6,73352334868
15,79	2,19911485751	1,745329252	-6,73352334868
15,8	2,21656815003	1,69684788388	-17,6418311738
15,81	2,23402144255	1,50292241144	-37,84240122
15,82	2,25147473507	0,872664625996	-50,0974137147
15,83	2,25147473507	0,242406840554	-37,9770716869
15,84	2,25147473507	0,0484813681109	-18,5845244425
15,85	2,25147473507	0	-11,1776487589
15,86	2,25147473507	-0,0484813681109	-17,6418311737
15,87	2,25147473507	-0,242406840554	-33,5329462767
15,88	2,25147473507	-0,824183257885	-39,1891058897
15,89	2,23402144255	-1,30899693899	-22,0859565839
15,9	2,21656815003	-1,11507146655	-17,2378197729
15,91	2,21656815003	-1,308996939	-39,3237763567
15,92	2,19911485751	-2,18166156499	-39,1891058896
15,93	2,16420827247	-2,37558703744	-16,2951265039
15,94	2,14675497995	-2,18166156499	-17,6418311737
15,95	2,12930168743	-2,61799387799	-28,2807980647
15,96	2,09439510239	-3,05432619099	-17,6418311737
15,97	2,05948851735	-2,86040071855	-16,160456037
15,98	2,04203522483	-3,05432619099	-38,2464126209
15,99	2,00712863979	-3,92699081699	-34,7449804795
16	1,95476876223	-4,07243492132	-5,25214821201
16,01	1,91986217719	-3,73306534454	-0,808022801853
16,02	1,88495559215	-3,78154671265	-22,3552975178
16,03	1,85004900711	-4,31484176187	-33,8022872107
16,04	1,79768912955	-4,79965544299	-16,5644674379
16,05	1,74532925199	-4,55724860243	-5,11747774496
16,06	1,71042266695	-4,60572997054	-18,0458425746
16,07	1,65806278939	-5,04206228354	-22,3552975178
16,08	1,60570291183	-5,18750638787	-16,564467438
16,09	1,55334303427	-5,28446912409	-16,4297969709
16,1	1,50098315672	-5,42991322842	-21,277933782
16,11	1,44862327916	-5,86624554142	-12,5243534287
16,12	1,37881010908	-5,86624554143	11,3123192258
16,13	1,32645023152	-5,42991322843	15,7564446361
16,14	1,27409035396	-5,3329504922	5,6132876125E-011
16,15	1,2217304764	-5,42991322843	-15,7564446361
16,16	1,16937059884	-5,86624554143	-11,3123192259
16,17	1,09955742876	-5,86624554143	12,3896829617
16,18	1,0471975512	-5,42991322843	20,3352405132
16,19	0,994837673637	-5,28446912409	11,8510010938
16,2	0,942477796077	-5,23598775598	4,57879587714
16,21	0,890117918517	-5,23598775598	1,07736373583
16,22	0,837758040957	-5,23598775598	1,07736373577
16,23	0,785398163397	-5,23598775598	4,71346634411
16,24	0,733038285838	-5,18750638787	12,7936943626
16,25	0,680678408278	-5,04206228354	25,0487068573
16,26	0,628318530718	-4,55724860243	25,1833773243
16,27	0,593411945678	-4,4118044981	13,7363876315
16,28	0,541052068118	-4,36332312998	9,42693268828
16,29	0,506145483078	-4,31484176187	13,7363876314
16,3	0,453785605519	-4,16939765754	25,3180477912
16,31	0,418879020479	-3,68458397643	25,9914001261
16,32	0,383972435439	-3,5391398721	17,5071607067
16,33	0,349065850399	-3,44217713588	17,6418311737
16,34	0,314159265359	-3,29673303154	26,934093395
16,35	0,279252680319	-2,81191935044	29,8968436685
16,36	0,261799387799	-2,61799387799	25,5873887252
16,37	0,226892802759	-2,42406840555	29,8968436684
16,38	0,209439510239	-1,93925472444	27,068763862
16,39	0,191986217719	-1,7938106201	18,4498539756
16,4	0,174532925199	-1,69684788388	21,2779337819
16,41	0,157079632679	-1,50292241144	34,2062986115
16,42	0,139626340159	-0,921145994111	38,3810830879
16,43	0,139626340159	-0,436332312999	17,6418311738
16,44	0,139626340159	-0,678739153553	6,19484148091
16,45	0,12217304764	-0,630257785441	22,6246384518
16,46	0,12217304764	-0,145444104333	34,3409690785
16,47	0,12217304764	0,145444104333	37,9770716869
16,48	0,12217304764	0,678739153553	34,3409690786
16,49	0,139626340159	0,872664625997	26,5300819941
16,5	0,139626340159	1,06659009844	30,0315141354
16,51	0,157079632679	1,55140377955	26,9340933949
16,52	0,174532925199	1,69684788388	17,6418311736
16,53	0,191986217719	1,7938106201	17,6418311737
16,54	0,209439510239	1,93925472444	26,934093395
16,55	0,226892802759	2,42406840555	29,8968436684
16,56	0,261799387799	2,61799387799	25,5873887252
16,57	0,279252680319	2,81191935044	29,8968436685
16,58	0,314159265359	3,29673303154	26,934093395
16,59	0,349065850399	3,44217713588	17,6418311737
16,6	0,383972435439	3,5391398721	17,5071607067
16,61	0,418879020479	3,68458397643	25,9914001261
16,62	0,453785605519	4,16939765754	25,3180477912
16,63	0,506145483078	4,31484176187	13,7363876314
16,64	0,541052068118	4,36332312998	9,42693268828
16,65	0,593411945678	4,4118044981	13,7363876315
16,66	0,628318530718	4,55724860243	25,1833773243
16,67	0,680678408278	5,04206228354	25,0487068573
16,68	0,733038285838	5,18750638787	12,7936943626
16,69	0,785398163397	5,23598775598	4,71346634411
16,7	0,837758040957	5,23598775598	1,07736373577
16,71	0,890117918517	5,23598775598	1,07736373583
16,72	0,942477796077	5,23598775598	4,57879587714
16,73	0,994837673637	5,28446912409	11,8510010938
16,74	1,0471975512	5,42991322843	20,3352405132
16,75	1,09955742876	5,86624554143	12,3896829617
16,76	1,16937059884	5,86624554143	-11,3123192259
16,77	1,2217304764	5,42991322843	-15,7564446361
16,78	1,27409035396	5,3329504922	5,6132876125E-011
16,79	1,32645023152	5,42991322843	15,7564446361
16,8	1,37881010908	5,86624554143	11,1776487588
16,81	1,44862327916	5,86624554142	-13,3323762306
16,82	1,50098315672	5,42991322842	-24,9140363903
16,83	1,55334303427	5,23598775598	-23,8366726545
16,84	1,60570291183	5,04206228354	-25,8567296592
16,85	1,65806278939	4,60572997054	-17,9111721077
16,86	1,69296937443	4,55724860243	-0,80802280182
16,87	1,74532925199	4,84813681109	-5,65615961286
16,88	1,79768912955	4,50876723432	-17,9111721076
16,89	1,83259571459	4,36332312999	-21,0085928481
16,9	1,88495559215	4,16939765754	-28,8194799326
16,91	1,91986217719	3,68458397643	-25,9914001261
16,92	1,95476876223	3,5391398721	-13,8710580984
16,93	1,98967534727	3,49065850399	-9,42693268825
16,94	2,02458193231	3,44217713588	-13,8710580984
16,95	2,05948851735	3,29673303154	-26,1260705932
16,96	2,09439510239	2,81191935043	-29,7621732014
16,97	2,11184839491	2,61799387799	-25,5873887252
16,98	2,14675497995	2,42406840555	-29,8968436684
16,99	2,16420827247	1,93925472444	-26,934093395
17	2,18166156499	1,7938106201	-17,6418311736
17,01	2,19911485751	1,69684788388	-17,6418311736
17,02	2,21656815003	1,55140377955	-26,934093395
17,03	2,23402144255	1,06659009844	-30,0315141355
17,04	2,23402144255	0,872664625996	-26,5300819941
17,05	2,25147473507	0,678739153552	-34,4756395455
17,06	2,25147473507	0,145444104333	-38,7850944887
17,07	2,25147473507	-0,145444104333	-37,9770716868
17,08	2,25147473507	-0,678739153552	-29,8968436684
17,09	2,23402144255	-0,824183257885	-14,6790809003
17,1	2,23402144255	-0,872664625996	-9,69627362225
17,11	2,21656815003	-0,921145994108	-14,6790809004
17,12	2,21656815003	-1,06659009844	-29,8968436685
17,13	2,19911485751	-1,59988514766	-37,8424012199
17,14	2,18166156499	-1,89077335633	-37,8424012199
17,15	2,16420827247	-2,42406840555	-29,8968436684
17,16	2,12930168743	-2,56951250988	-14,6790809002
17,17	2,11184839491	-2,61799387799	-9,69627362212
17,18	2,07694180987	-2,6664752461	-14,6790809003
17,19	2,05948851735	-2,81191935044	-29,7621732015
17,2	2,02458193231	-3,34521439966	-37,0343784181
17,21	1,98967534727	-3,63610260832	-34,0716281446
17,22	1,95476876223	-4,12091628943	-21,6819451829
17,23	1,90240888467	-4,16939765754	-1,61604560372
17,24	1,86750229963	-3,87850944888	-5,79083007996
17,25	1,83259571459	-4,21787902565	-17,9111721077
17,26	1,78023583703	-4,36332312999	-21,0085928481
17,27	1,74532925199	-4,55724860243	-28,8194799325
17,28	1,69296937443	-5,04206228354	-25,8567296592
17,29	1,64060949687	-5,18750638787	-12,9283648296
17,3	1,58824961931	-5,23598775598	-4,84813681106
17,31	1,53588974175	-5,23598775598	-1,88538653768
17,32	1,4835298642	-5,23598775598	-4,71346634412
17,33	1,43116998664	-5,28446912409	-11,8510010938
17,34	1,37881010908	-5,42991322843	-20,3352405132
17,35	1,32645023152	-5,86624554143	-12,3896829617
17,36	1,25663706144	-5,86624554143	11,3123192259
17,37	1,20427718388	-5,42991322843	15,7564446361
17,38	1,15191730632	-5,3329504922	-5,6132876125E-011
17,39	1,09955742876	-5,42991322843	-15,7564446361
17,4	1,0471975512	-5,86624554143	-11,3123192258
17,41	0,977384381117	-5,86624554142	12,5243534287
17,42	0,925024503557	-5,42991322842	21,277933782
17,43	0,872664625997	-5,28446912409	16,4297969709
17,44	0,820304748437	-5,18750638787	16,564467438
17,45	0,767944870877	-5,04206228354	22,2206270508
17,46	0,715584993318	-4,60572997054	17,1031493057
17,47	0,680678408278	-4,55724860243	0,673352334799
17,48	0,628318530718	-4,8481368111	5,65615961294
17,49	0,575958653158	-4,50876723432	17,9111721077
17,5	0,541052068118	-4,36332312998	21,0085928481
17,51	0,488692190558	-4,16939765754	28,8194799326
17,52	0,453785605519	-3,68458397643	25,9914001261
17,53	0,418879020479	-3,5391398721	13,8710580984
17,54	0,383972435439	-3,49065850399	9,42693268823
17,55	0,349065850399	-3,44217713588	13,8710580984
17,56	0,314159265359	-3,29673303154	26,1260705931
17,57	0,279252680319	-2,81191935044	29,7621732015
17,58	0,261799387799	-2,61799387799	25,7220591922
17,59	0,226892802759	-2,42406840555	30,7048664702
17,6	0,209439510239	-1,93925472444	30,7048664703
17,61	0,191986217719	-1,74532925199	25,8567296592
17,62	0,174532925199	-1,55140377955	30,7048664702
17,63	0,157079632679	-1,06659009844	30,7048664701
17,64	0,157079632679	-0,872664626	25,7220591921
17,65	0,139626340159	-0,678739153556	29,7621732015
17,66	0,139626340159	-0,193925472445	26,1260705932
17,67	0,139626340159	-0,0484813681112	14,0057285654
17,68	0,139626340159	0	10,3696259571
17,69	0,139626340159	0,0484813681112	18,4498539756
17,7	0,139626340159	0,242406840556	37,977071687
17,71	0,139626340159	0,872664626	50,0974137146
17,72	0,157079632679	1,50292241144	37,9770716868
17,73	0,174532925199	1,69684788388	18,4498539755
17,74	0,191986217719	1,74532925199	10,3696259571
17,75	0,209439510239	1,79381062011	14,0057285654
17,76	0,226892802759	1,93925472444	26,1260705931
17,77	0,244346095279	2,42406840555	29,7621732014
17,78	0,279252680319	2,61799387799	25,5873887252
17,79	0,296705972839	2,81191935044	29,8968436683
17,8	0,331612557879	3,29673303154	26,934093395
17,81	0,366519142919	3,44217713588	17,6418311738
17,82	0,401425727959	3,5391398721	17,5071607068
17,83	0,436332312999	3,68458397643	25,9914001262
17,84	0,471238898038	4,16939765754	25,3180477913
17,85	0,523598775598	4,31484176187	13,7363876315
17,86	0,558505360638	4,36332312999	9,42693268822
17,87	0,610865238198	4,4118044981	13,7363876313
17,88	0,645771823238	4,55724860243	25,1833773242
17,89	0,698131700798	5,04206228354	25,0487068573
17,9	0,750491578357	5,18750638787	12,7936943627
17,91	0,802851455917	5,23598775598	4,7134663442
17,92	0,855211333477	5,23598775598	1,07736373574
17,93	0,907571211037	5,23598775598	1,07736373572
17,94	0,959931088597	5,23598775598	4,57879587715
17,95	1,01229096616	5,28446912409	11,8510010938
17,96	1,06465084372	5,42991322842	20,3352405132
17,97	1,11701072128	5,86624554142	12,2550124948
17,98	1,18682389136	5,86624554143	-12,2550124946
17,99	1,23918376892	5,42991322843	-20,3352405132
18	1,29154364648	5,28446912409	-11,8510010938
18,01	1,34390352404	5,23598775598	-4,57879587713
18,02	1,3962634016	5,23598775598	-0,942693268828
18,03	1,44862327916	5,23598775598	-0,134670467007
18,04	1,50098315672	5,23598775598	-0,134670466943
18,05	1,55334303427	5,23598775598	-0,942693268822
18,06	1,60570291183	5,23598775598	-4,71346634414
18,07	1,65806278939	5,18750638787	-12,9283648295
18,08	1,71042266695	5,04206228354	-25,8567296592
18,09	1,76278254451	4,55724860243	-28,8194799327
18,1	1,79768912955	4,36332312998	-21,0085928481
18,11	1,85004900711	4,21787902565	-18,0458425746
18,12	1,88495559215	3,87850944888	-6,59885288176
18,13	1,91986217719	4,16939765754	-5,38681867899
18,14	1,97222205475	4,07243492132	-29,7621732014
18,15	2,00712863979	3,49065850399	-46,3266406393
18,16	2,04203522483	2,86040071855	-37,1690488851
18,17	2,05948851735	2,6664752461	-18,3151835086
18,18	2,09439510239	2,61799387799	-10,3696259571
18,19	2,11184839491	2,56951250988	-14,0057285654
18,2	2,14675497995	2,42406840555	-26,1260705932
18,21	2,16420827247	1,93925472444	-29,7621732015
18,22	2,18166156499	1,74532925199	-25,7220591921
18,23	2,19911485751	1,55140377955	-30,7048664702
18,24	2,21656815003	1,06659009844	-30,7048664703
18,25	2,21656815003	0,872664625997	-25,7220591923
18,26	2,23402144255	0,678739153553	-29,8968436684
18,27	2,23402144255	0,193925472443	-26,934093395
18,28	2,23402144255	0,0484813681109	-17,6418311737
18,29	2,23402144255	-0,0484813681109	-17,6418311737
18,3	2,23402144255	-0,193925472443	-26,934093395
18,31	2,23402144255	-0,678739153553	-29,8968436684
18,32	2,21656815003	-0,872664625997	-25,5873887253
18,33	2,21656815003	-1,06659009844	-29,8968436685
18,34	2,19911485751	-1,55140377955	-27,0687638619
18,35	2,18166156499	-1,69684788388	-18,4498539755
18,36	2,16420827247	-1,7938106201	-21,2779337821
18,37	2,14675497995	-1,98773609255	-34,2062986116
18,38	2,12930168743	-2,56951250988	-38,3810830878
18,39	2,09439510239	-3,05432619099	-17,6418311737
18,4	2,05948851735	-2,81191935044	-6,19484148092
18,41	2,04203522483	-2,86040071855	-22,4899679848
18,42	2,00712863979	-3,34521439966	-33,3982758097
18,43	1,97222205475	-3,63610260832	-33,3982758097
18,44	1,93731546971	-4,12091628943	-22,3552975178
18,45	1,88495559215	-4,16939765754	-5,25214821201
18,46	1,85004900711	-3,92699081699	-13,0630352965
18,47	1,81514242207	-4,36332312998	-26,395411527
18,48	1,76278254451	-4,79965544298	-12,9283648296
18,49	1,71042266695	-4,55724860243	-4,30945494327
18,5	1,67551608191	-4,60572997054	-17,7765016408
18,51	1,62315620435	-5,04206228354	-21,547274716
18,52	1,57079632679	-5,18750638787	-12,9283648295
18,53	1,51843644923	-5,23598775598	-9,1575917542
18,54	1,46607657168	-5,28446912409	-12,7936943626
18,55	1,41371669412	-5,42991322843	-20,4699109801
18,56	1,36135681656	-5,86624554142	-12,2550124947
18,57	1,29154364648	-5,86624554142	12,1203420276
18,58	1,23918376892	-5,42991322843	19,3925472443
18,59	1,18682389136	-5,2844691241	7,27220521669
18,6	1,1344640138	-5,28446912409	-7,27220521655
18,61	1,08210413624	-5,42991322842	-19,3925472444
18,62	1,02974425868	-5,86624554142	-11,9856715607
18,63	0,959931088597	-5,86624554142	13,1977057635
18,64	0,907571211037	-5,42991322843	24,9140363902
18,65	0,855211333477	-5,23598775598	23,8366726545
18,66	0,802851455917	-5,04206228354	25,8567296592
18,67	0,750491578357	-4,60572997054	17,9111721078
18,68	0,715584993318	-4,55724860243	0,808022801901
18,69	0,663225115758	-4,84813681109	5,52148914594
18,7	0,610865238198	-4,50876723432	16,9684788388
18,71	0,575958653158	-4,36332312999	16,5644674379
18,72	0,523598775598	-4,21787902565	17,9111721078
18,73	0,488692190558	-3,87850944887	10,1002850231
18,74	0,453785605519	-4,12091628943	12,6590238955
18,75	0,401425727959	-3,92699081699	38,2464126208
18,76	0,366519142919	-3,05432619099	38,2464126209
18,77	0,349065850399	-2,86040071854	12,6590238957
18,78	0,314159265359	-3,1028075591	10,2349554901
18,79	0,279252680319	-2,76343798232	18,9885358435
18,8	0,261799387799	-2,61799387799	22,0859565838
18,81	0,226892802759	-2,42406840555	33,5329462767
18,82	0,209439510239	-1,89077335633	38,6504240218
18,83	0,191986217719	-1,59988514766	37,977071687
18,84	0,174532925199	-1,06659009844	29,8968436684
18,85	0,174532925199	-0,921145994107	14,6790809002
18,86	0,157079632679	-0,872664625997	9,69627362205
18,87	0,157079632679	-0,824183257889	14,6790809002
18,88	0,139626340159	-0,678739153556	29,8968436685
18,89	0,139626340159	-0,145444104334	37,9770716871
18,9	0,139626340159	0,145444104334	38,6504240219
18,91	0,139626340159	0,678739153556	33,6676167438
18,92	0,157079632679	0,872664626	22,8939793856
18,93	0,157079632679	1,01810873033	22,6246384516
18,94	0,174532925199	1,40595967522	17,6418311737
18,95	0,191986217719	1,26051557088	21,951286117
18,96	0,191986217719	1,745329252	33,9369576777
18,97	0,226892802759	2,2301429331	21,9512861169
18,98	0,244346095279	2,08469882877	17,6418311737
18,99	0,261799387799	2,47254977366	22,4899679848
19	0,296705972839	2,61799387799	21,9512861168
19,01	0,314159265359	2,81191935043	29,0888208665
19,02	0,349065850399	3,29673303154	26,799422928
19,03	0,383972435439	3,44217713588	17,6418311737
19,04	0,418879020479	3,5391398721	17,6418311737
19,05	0,453785605519	3,68458397643	26,799422928
19,06	0,488692190558	4,16939765754	28,9541503996
19,07	0,541052068118	4,36332312998	21,0085928481
19,08	0,575958653158	4,50876723432	17,9111721077
19,09	0,628318530718	4,8481368111	5,65615961294
19,1	0,680678408278	4,55724860243	0,673352334799
19,11	0,715584993318	4,60572997054	16,9684788388
19,12	0,767944870877	5,04206228354	21,412604249
19,13	0,820304748437	5,18750638787	12,9283648296
19,14	0,872664625997	5,23598775598	9,1575917543
19,15	0,925024503557	5,28446912409	12,7936943626
19,16	0,977384381117	5,42991322843	20,4699109802
19,17	1,02974425868	5,86624554143	12,2550124948
19,18	1,09955742876	5,86624554143	-12,2550124948
19,19	1,15191730632	5,42991322843	-20,2005700463
19,2	1,20427718388	5,28446912409	-10,9083078249
19,21	1,25663706144	5,23598775598	0
19,22	1,308996939	5,28446912409	10,773637358
19,23	1,36135681656	5,42991322843	19,2578767775
19,24	1,41371669412	5,86624554143	7,67621661761
19,25	1,4835298642	5,81776417331	-24,1060135885
19,26	1,53588974175	5,23598775598	-40,8051514934
19,27	1,58824961931	4,65421133865	-25,0487068573
19,28	1,62315620435	4,60572997054	2,96275027341
19,29	1,67551608191	4,99358091543	6,4641824147
19,3	1,72787595947	4,99358091543	-14,2750694993
19,31	1,78023583703	4,55724860243	-25,1833773242
19,32	1,81514242207	4,36332312999	-24,6446954563
19,33	1,86750229963	4,16939765754	-29,6275027345
19,34	1,90240888467	3,68458397643	-26,1260705932
19,35	1,93731546971	3,5391398721	-13,8710580984
19,36	1,97222205475	3,49065850399	-9,42693268817
19,37	2,00712863979	3,44217713588	-13,8710580984
19,38	2,04203522483	3,29673303154	-26,1260705931
19,39	2,07694180987	2,81191935044	-29,7621732015
19,4	2,09439510239	2,61799387799	-25,5873887252
19,41	2,12930168743	2,42406840555	-29,8968436684
19,42	2,14675497995	1,93925472444	-26,934093395
19,43	2,16420827247	1,7938106201	-17,6418311737
19,44	2,18166156499	1,69684788388	-17,6418311736
19,45	2,19911485751	1,55140377955	-26,9340933949
19,46	2,21656815003	1,06659009844	-29,8968436685
19,47	2,21656815003	0,872664625997	-25,7220591923
19,48	2,23402144255	0,678739153553	-30,7048664703
19,49	2,23402144255	0,193925472443	-30,7048664702
19,5	2,23402144255	0	-25,8567296591
19,51	2,23402144255	-0,193925472443	-30,7048664702
19,52	2,23402144255	-0,678739153553	-30,7048664703
19,53	2,21656815003	-0,872664625997	-25,7220591923
19,54	2,21656815003	-1,06659009844	-29,8968436685
19,55	2,19911485751	-1,55140377955	-26,9340933949
19,56	2,18166156499	-1,69684788388	-17,6418311736
19,57	2,16420827247	-1,7938106201	-17,6418311737
19,58	2,14675497995	-1,93925472444	-26,799422928
19,59	2,12930168743	-2,42406840555	-29,0888208665
19,6	2,09439510239	-2,61799387799	-21,9512861169
19,61	2,07694180987	-2,76343798232	-22,4899679848
19,62	2,04203522483	-3,15128892721	-17,5071607067
19,63	2,00712863979	-3,00584482288	-21,143263315
19,64	1,98967534727	-3,49065850399	-30,1661846024
19,65	1,93731546971	-3,92699081699	-13,7363876315
19,66	1,90240888467	-3,68458397643	-4,57879587719
19,67	1,86750229963	-3,73306534454	-18,7191949095
19,68	1,83259571459	-4,16939765754	-26,1260705932
19,69	1,78023583703	-4,36332312999	-24,7793659234
19,7	1,74532925199	-4,55724860243	-29,6275027344
19,71	1,69296937443	-5,04206228354	-25,9914001261
19,72	1,64060949687	-5,18750638787	-12,9283648296
19,73	1,58824961931	-5,23598775598	-4,71346634408
19,74	1,53588974175	-5,23598775598	-0,942693268854
19,75	1,4835298642	-5,23598775598	-0,134670466975
19,76	1,43116998664	-5,23598775598	-0,134670466943
19,77	1,37881010908	-5,23598775598	-0,942693268855
19,78	1,32645023152	-5,23598775598	-4,57879587714
19,79	1,27409035396	-5,28446912409	-11,8510010938
19,8	1,2217304764	-5,42991322843	-20,3352405132
19,81	1,16937059884	-5,86624554143	-12,2550124948
19,82	1,09955742876	-5,86624554143	12,2550124948
19,83	1,0471975512	-5,42991322843	20,3352405132
19,84	0,994837673637	-5,28446912409	11,8510010938
19,85	0,942477796077	-5,23598775598	4,71346634412
19,86	0,890117918517	-5,23598775598	1,88538653768
19,87	0,837758040957	-5,23598775598	4,84813681106
19,88	0,785398163397	-5,18750638787	12,7936943626
19,89	0,733038285838	-5,04206228354	25,0487068573
19,9	0,680678408278	-4,55724860243	25,1833773242
19,91	0,645771823238	-4,4118044981	13,7363876314
19,92	0,593411945678	-4,36332312999	9,42693268831
19,93	0,558505360638	-4,31484176187	13,7363876315
19,94	0,506145483078	-4,16939765754	25,1833773243
19,95	0,471238898038	-3,68458397643	25,0487068572
19,96	0,436332312999	-3,5391398721	12,7936943623
19,97	0,401425727959	-3,49065850399	4,71346634325
19,98	0,366519142919	-3,490658504	1,05042964053
19,99	0,331612557879	-3,49065850403	0,202005697684
20	0,296705972839	-3,49065850407	-3,26710510505E-009
