Vernier Format 2
Файл.gmbl 07.12.2019 14:35:16 ,
Новый
Время	Угол	Скорость	Ускорение
t	Угол	v	a
с	rad	rad/с	rad/с²

0	0	0	0
0,01	0	0	0
0,02	0	0	0
0,03	0	0	0
0,04	0	0	0
0,05	0	0	0
0,06	0	0	0
0,07	0	0	0
0,08	0	0	0
0,09	0	0	0
0,1	0	0	0
0,11	0	0	0
0,12	0	0	0
0,13	0	0	0
0,14	0	0	0
0,15	0	0	0
0,16	0	0	0
0,17	0	0	0
0,18	0	0	0
0,19	0	0	0
0,2	0	0	0
0,21	0	0	0
0,22	0	0	0
0,23	0	0	0
0,24	0	0	0
0,25	0	0	0
0,26	0	0	0
0,27	0	0	0
0,28	0	0	0
0,29	0	0	0,134670466975
0,3	0	0	0,942693268823
0,31	0	0	4,57879587714
0,32	0	0,0484813681109	11,8510010938
0,33	0	0,193925472444	20,3352405132
0,34	0	0,630257785441	12,2550124947
0,35	0,0174532925199	0,630257785441	-12,2550124947
0,36	0,0174532925199	0,193925472444	-20,3352405132
0,37	0,0174532925199	0,0484813681109	-11,8510010938
0,38	0,0174532925199	0	-4,57879587714
0,39	0,0174532925199	0	-0,942693268823
0,4	0,0174532925199	0	-0,134670466975
0,41	0,0174532925199	0	0
0,42	0,0174532925199	0	0
0,43	0,0174532925199	0	0
0,44	0,0174532925199	0	0
0,45	0,0174532925199	0	0
0,46	0,0174532925199	0	0
0,47	0,0174532925199	0	-0,134670466975
0,48	0,0174532925199	0	-0,942693268823
0,49	0,0174532925199	0	-4,57879587714
0,5	0,0174532925199	-0,0484813681109	-11,8510010938
0,51	0,0174532925199	-0,193925472444	-20,3352405132
0,52	0,0174532925199	-0,630257785441	-12,2550124947
0,53	0	-0,630257785441	12,2550124947
0,54	0	-0,193925472444	20,3352405132
0,55	0	-0,0484813681109	11,8510010938
0,56	0	0	4,57879587714
0,57	0	0	0,942693268823
0,58	0	0	0,134670466975
0,59	0	0	0
0,6	0	0	0
0,61	0	0	0
0,62	0	0	0
0,63	0	0	0
0,64	0	0	0
0,65	0	0	0
0,66	0	0	0
0,67	0	0	0
0,68	0	0	0
0,69	0	0	0
0,7	0	0	0
0,71	0	0	0
0,72	0	0	0
0,73	0	0	0
0,74	0	0	0
0,75	0	0	0
0,76	0	0	0
0,77	0	0	0
0,78	0	0	0
0,79	0	0	0
0,8	0	0	0
0,81	0	0	0
0,82	0	0	0
0,83	0	0	0
0,84	0	0	0
0,85	0	0	0
0,86	0	0	0
0,87	0	0	0
0,88	0	0	0
0,89	0	0	0
0,9	0	0	0
0,91	0	0	0
0,92	0	0	0
0,93	0	0	0
0,94	0	0	0
0,95	0	0	0
0,96	0	0	0
0,97	0	0	0
0,98	0	0	0
0,99	0	0	0
1	0	0	0
1,01	0	0	0
1,02	0	0	0
1,03	0	0	0
1,04	0	0	0
1,05	0	0	0
1,06	0	0	0
1,07	0	0	0
1,08	0	0	0
1,09	0	0	0
1,1	0	0	0
1,11	0	0	0
1,12	0	0	0
1,13	0	0	0
1,14	0	0	0
1,15	0	0	0
1,16	0	0	0
1,17	0	0	0
1,18	0	0	0
1,19	0	0	0
1,2	0	0	0
1,21	0	0	0
1,22	0	0	0
1,23	0	0	0
1,24	0	0	0
1,25	0	0	0
1,26	0	0	0
1,27	0	0	0
1,28	0	0	0
1,29	0	0	0
1,3	0	0	0
1,31	0	0	0
1,32	0	0	0
1,33	0	0	0
1,34	0	0	0
1,35	0	0	0
1,36	0	0	0
1,37	0	0	0
1,38	0	0	0
1,39	0	0	0
1,4	0	0	0
1,41	0	0	0
1,42	0	0	0
1,43	0	0	0
1,44	0	0	0
1,45	0	0	0
1,46	0	0	0
1,47	0	0	0
1,48	0	0	0
1,49	0	0	0
1,5	0	0	0
1,51	0	0	0
1,52	0	0	0
1,53	0	0	0
1,54	0	0	0
1,55	0	0	0
1,56	0	0	0
1,57	0	0	0
1,58	0	0	0
1,59	0	0	0
1,6	0	0	0
1,61	0	0	0
1,62	0	0	0
1,63	0	0	0
1,64	0	0	0
1,65	0	0	0
1,66	0	0	0
1,67	0	0	0
1,68	0	0	0,134670466975
1,69	0	0	0,942693268823
1,7	0	0	4,57879587714
1,71	0	0,0484813681109	11,8510010938
1,72	0	0,193925472444	20,3352405132
1,73	0	0,630257785441	12,3896829617
1,74	0,0174532925199	0,630257785441	-11,3123192259
1,75	0,0174532925199	0,193925472444	-15,6217741691
1,76	0,0174532925199	0,0969627362218	1,0773637358
1,77	0,0174532925199	0,193925472444	21,412604249
1,78	0,0174532925199	0,678739153552	28,8194799326
1,79	0,0349065850398	0,872664625996	25,5873887253
1,8	0,0349065850398	1,06659009844	30,7048664704
1,81	0,0523598775598	1,55140377955	30,7048664703
1,82	0,0698131700798	1,745329252	25,8567296591
1,83	0,0872664625997	1,93925472444	30,7048664702
1,84	0,10471975512	2,42406840555	30,7048664703
1,85	0,13962634016	2,61799387799	25,7220591921
1,86	0,157079632679	2,81191935043	29,8968436684
1,87	0,191986217719	3,29673303154	26,934093395
1,88	0,226892802759	3,44217713588	17,6418311737
1,89	0,261799387799	3,5391398721	17,6418311737
1,9	0,296705972839	3,68458397643	26,9340933949
1,91	0,331612557879	4,16939765754	29,8968436684
1,92	0,383972435439	4,36332312999	25,5873887252
1,93	0,418879020479	4,55724860243	29,8968436685
1,94	0,471238898038	5,04206228354	26,934093395
1,95	0,523598775598	5,18750638787	17,5071607067
1,96	0,575958653158	5,28446912409	16,6991379049
1,97	0,628318530718	5,42991322843	22,2206270509
1,98	0,680678408278	5,86624554143	17,1031493057
1,99	0,750491578358	5,91472690953	0,673352334821
2	0,802851455917	5,62383870087	5,52148914602
2,01	0,855211333477	5,96320827765	16,9684788389
2,02	0,925024503557	6,10865238198	16,4297969709
2,03	0,977384381117	6,25409648631	16,8338083718
2,04	1,0471975512	6,59346606309	4,57879587722
2,05	1,11701072128	6,30257785442	-3,90544354214
2,06	1,16937059884	6,30257785443	4,98280727811
2,07	1,23918376892	6,59346606309	-4,73547127437E-011
2,08	1,308996939	6,30257785442	-4,98280727819
2,09	1,36135681656	6,30257785442	4,04011400916
2,1	1,43116998664	6,59346606309	-3,77077307521
2,11	1,50098315672	6,25409648631	-13,1977057634
2,12	1,55334303427	6,15713375009	-9,15759175423
2,13	1,62315620435	6,10865238198	-8,48423941945
2,14	1,67551608191	6,06017101387	-13,6017171646
2,15	1,74532925199	5,91472690953	-25,1833773244
2,16	1,79768912955	5,42991322843	-25,0487068573
2,17	1,85004900711	5,2844691241	-12,9283648296
2,18	1,90240888467	5,23598775598	-5,65615961297
2,19	1,95476876223	5,23598775598	-5,65615961291
2,2	2,00712863979	5,18750638787	-13,0630352966
2,21	2,05948851735	5,04206228354	-25,9914001262
2,22	2,11184839491	4,55724860243	-29,7621732015
2,23	2,14675497995	4,36332312999	-25,7220591922
2,24	2,19911485751	4,16939765754	-30,7048664702
2,25	2,23402144255	3,68458397643	-30,7048664702
2,26	2,26892802759	3,49065850399	-25,8567296591
2,27	2,30383461263	3,29673303155	-30,7048664703
2,28	2,33874119767	2,81191935044	-30,7048664703
2,29	2,35619449019	2,61799387799	-25,7220591923
2,3	2,39110107523	2,42406840555	-29,8968436685
2,31	2,40855436775	1,93925472444	-26,9340933949
2,32	2,42600766027	1,79381062011	-17,6418311736
2,33	2,44346095279	1,69684788388	-17,6418311738
2,34	2,46091424531	1,55140377955	-26,9340933951
2,35	2,47836753783	1,06659009844	-30,0315141354
2,36	2,47836753783	0,872664625996	-26,530081994
2,37	2,49582083035	0,678739153552	-34,4756395455
2,38	2,49582083035	0,145444104333	-38,9197649557
2,39	2,49582083035	-0,145444104333	-38,9197649557
2,4	2,49582083035	-0,678739153552	-34,4756395455
2,41	2,47836753783	-0,872664625996	-26,530081994
2,42	2,47836753783	-1,06659009844	-30,0315141354
2,43	2,46091424531	-1,55140377955	-26,9340933951
2,44	2,44346095279	-1,69684788388	-17,6418311738
2,45	2,42600766027	-1,79381062011	-17,6418311736
2,46	2,40855436775	-1,93925472444	-26,9340933949
2,47	2,39110107523	-2,42406840555	-29,8968436685
2,48	2,35619449019	-2,61799387799	-25,7220591923
2,49	2,33874119767	-2,81191935044	-30,7048664703
2,5	2,30383461263	-3,29673303155	-30,7048664703
2,51	2,26892802759	-3,49065850399	-25,8567296591
2,52	2,23402144255	-3,68458397643	-30,7048664702
2,53	2,19911485751	-4,16939765754	-30,5701960033
2,54	2,14675497995	-4,36332312999	-24,9140363903
2,55	2,11184839491	-4,55724860243	-26,1260705931
2,56	2,05948851735	-4,99358091543	-18,7191949096
2,57	2,00712863979	-5,04206228354	-4,44412541019
2,58	1,95476876223	-4,79965544298	-12,9283648295
2,59	1,91986217719	-5,23598775598	-26,3954115271
2,6	1,85004900711	-5,67232006898	-12,9283648296
2,61	1,79768912955	-5,42991322843	-4,44412541016
2,62	1,74532925199	-5,47839459654	-18,5845244426
2,63	1,69296937443	-5,91472690954	-25,1833773244
2,64	1,62315620435	-6,10865238198	-20,2005700462
2,65	1,57079632679	-6,25409648631	-17,6418311736
2,66	1,50098315672	-6,59346606309	-4,71346634399
2,67	1,43116998664	-6,30257785442	3,90544354234
2,68	1,37881010908	-6,30257785442	-4,98280727814
2,69	1,308996939	-6,59346606309	-1,26298971281E-010
2,7	1,23918376892	-6,30257785443	4,98280727802
2,71	1,18682389136	-6,30257785443	-4,04011400919
2,72	1,11701072128	-6,59346606309	3,77077307542
2,73	1,0471975512	-6,25409648631	13,1977057636
2,74	0,994837673637	-6,15713375009	9,15759175423
2,75	0,925024503557	-6,10865238198	8,48423941935
2,76	0,872664625997	-6,06017101387	13,6017171645
2,77	0,802851455917	-5,91472690953	25,1833773243
2,78	0,750491578358	-5,42991322843	25,0487068572
2,79	0,698131700798	-5,2844691241	12,7936943625
2,8	0,645771823238	-5,23598775599	4,84813681115
2,81	0,593411945678	-5,23598775598	2,0200570047
2,82	0,541052068118	-5,23598775598	5,79083007991
2,83	0,488692190558	-5,18750638787	17,5071607067
2,84	0,436332312999	-4,99358091543	37,84240122
2,85	0,383972435439	-4,36332312999	50,0974137146
2,86	0,349065850399	-3,73306534454	37,8424012199
2,87	0,314159265359	-3,5391398721	17,6418311737
2,88	0,279252680319	-3,49065850399	6,73352334876
2,89	0,244346095279	-3,49065850399	6,73352334879
2,9	0,209439510239	-3,44217713588	17,6418311738
2,91	0,174532925199	-3,24825166343	37,8424012199
2,92	0,13962634016	-2,61799387799	50,0974137146
2,93	0,12217304764	-1,98773609255	37,9770716869
2,94	0,10471975512	-1,7938106201	18,5845244426
2,95	0,0872664625997	-1,74532925199	11,3123192258
2,96	0,0698131700798	-1,69684788388	18,5845244425
2,97	0,0523598775598	-1,50292241144	37,9770716869
2,98	0,0349065850398	-0,872664625997	50,0974137147
2,99	0,0349065850398	-0,242406840555	37,9770716869
3	0,0349065850398	-0,0484813681109	18,5845244425
3,01	0,0349065850398	0	11,3123192259
3,02	0,0349065850398	0,0484813681109	18,5845244425
3,03	0,0349065850398	0,242406840555	37,9770716869
3,04	0,0349065850398	0,872664625997	50,0974137147
3,05	0,0523598775598	1,50292241144	37,9770716869
3,06	0,0698131700798	1,69684788388	18,4498539755
3,07	0,0872664625997	1,74532925199	10,369625957
3,08	0,10471975512	1,7938106201	14,0057285654
3,09	0,12217304764	1,93925472444	26,1260705932
3,1	0,13962634016	2,42406840555	29,8968436684
3,11	0,174532925199	2,61799387799	26,530081994
3,12	0,191986217719	2,81191935044	34,4756395456
3,13	0,226892802759	3,34521439966	38,7850944888
3,14	0,261799387799	3,63610260832	37,9770716869
3,15	0,296705972839	4,16939765754	29,8968436684
3,16	0,349065850399	4,31484176187	14,6790809003
3,17	0,383972435439	4,36332312999	9,56160315526
3,18	0,436332312999	4,4118044981	13,8710580985
3,19	0,471238898038	4,55724860243	26,1260705931
3,2	0,523598775598	5,04206228354	29,6275027344
3,21	0,575958653158	5,23598775598	24,7793659234
3,22	0,628318530718	5,42991322843	25,9914001262
3,23	0,680678408278	5,86624554143	17,9111721076
3,24	0,750491578358	5,91472690953	0,808022801792
3,25	0,802851455917	5,62383870087	5,52148914602
3,26	0,855211333477	5,96320827765	16,9684788389
3,27	0,925024503557	6,10865238198	16,4297969709
3,28	0,977384381117	6,25409648631	16,8338083718
3,29	1,0471975512	6,59346606309	4,57879587722
3,3	1,11701072128	6,30257785442	-4,04011400911
3,31	1,16937059884	6,30257785443	4,17478447626
3,32	1,23918376892	6,59346606309	-3,63610260836
3,33	1,308996939	6,25409648631	-12,2550124948
3,34	1,36135681656	6,15713375009	-4,57879587722
3,35	1,43116998664	6,15713375009	3,50143214142
3,36	1,4835298642	6,25409648631	7,67621661766
3,37	1,55334303427	6,54498469498	-8,34956895243
3,38	1,62315620435	6,10865238198	-25,4527182583
3,39	1,67551608191	5,67232006898	-12,7936943627
3,4	1,72787595947	5,91472690953	-4,30945494314
3,41	1,79768912955	5,86624554143	-17,9111721076
3,42	1,85004900711	5,42991322843	-22,3552975179
3,43	1,90240888467	5,28446912409	-16,6991379049
3,44	1,95476876223	5,18750638787	-17,5071607067
3,45	2,00712863979	5,04206228354	-26,934093395
3,46	2,05948851735	4,55724860243	-29,8968436685
3,47	2,09439510239	4,36332312999	-25,5873887252
3,48	2,14675497995	4,16939765754	-29,7621732014
3,49	2,18166156499	3,68458397643	-26,1260705931
3,5	2,21656815003	3,5391398721	-14,0057285654
3,51	2,25147473507	3,49065850399	-10,2349554901
3,52	2,28638132011	3,44217713588	-17,5071607067
3,53	2,32128790515	3,24825166343	-33,5329462768
3,54	2,35619449019	2,6664752461	-39,1891058898
3,55	2,37364778271	2,18166156499	-22,0859565839
3,56	2,39110107523	2,37558703743	-17,2378197727
3,57	2,42600766027	2,18166156499	-39,3237763566
3,58	2,44346095279	1,308996939	-39,3237763567
3,59	2,44346095279	1,11507146655	-17,2378197729
3,6	2,46091424531	1,30899693899	-22,0859565839
3,61	2,47836753783	0,824183257885	-39,3237763566
3,62	2,47836753783	0,242406840554	-34,4756395455
3,63	2,47836753783	0,0484813681109	-22,0859565838
3,64	2,47836753783	-0,0484813681109	-22,0859565838
3,65	2,47836753783	-0,242406840554	-34,3409690785
3,66	2,47836753783	-0,824183257885	-38,5157535548
3,67	2,46091424531	-1,30899693899	-18,4498539756
3,68	2,44346095279	-1,06659009844	-9,96561455626
3,69	2,44346095279	-1,16355283467	-30,8395369373
3,7	2,42600766027	-1,745329252	-47,2693339081
3,71	2,40855436775	-2,37558703743	-40,9398219603
3,72	2,37364778271	-2,61799387799	-26,5300819941
3,73	2,35619449019	-2,76343798232	-23,4326612537
3,74	2,32128790515	-3,15128892721	-17,7765016407
3,75	2,28638132011	-3,00584482288	-21,9512861169
3,76	2,26892802759	-3,49065850399	-33,9369576776
3,77	2,21656815003	-3,9754721851	-21,9512861169
3,78	2,18166156499	-3,83002808077	-17,6418311737
3,79	2,14675497995	-4,21787902565	-22,4899679848
3,8	2,09439510239	-4,36332312999	-21,9512861169
3,81	2,05948851735	-4,55724860243	-28,9541503996
3,82	2,00712863979	-5,04206228354	-25,9914001261
3,83	1,95476876223	-5,18750638787	-13,8710580984
3,84	1,90240888467	-5,23598775598	-9,42693268826
3,85	1,85004900711	-5,2844691241	-13,7363876314
3,86	1,79768912955	-5,42991322843	-25,1833773243
3,87	1,74532925199	-5,91472690953	-25,0487068574
3,88	1,67551608191	-6,06017101387	-12,7936943627
3,89	1,62315620435	-6,10865238198	-4,84813681114
3,9	1,55334303427	-6,10865238198	-1,75071607062
3,91	1,50098315672	-6,10865238198	-3,90544354214
3,92	1,43116998664	-6,15713375009	-8,21489848538
3,93	1,37881010908	-6,25409648631	-13,0630352966
3,94	1,308996939	-6,59346606309	-3,77077307542
3,95	1,23918376892	-6,30257785443	4,17478447617
3,96	1,18682389136	-6,30257785443	-4,17478447617
3,97	1,11701072128	-6,59346606309	3,77077307542
3,98	1,0471975512	-6,25409648631	13,1977057636
3,99	0,994837673637	-6,15713375009	9,15759175423
4	0,925024503557	-6,10865238198	8,48423941935
4,01	0,872664625997	-6,06017101387	13,6017171645
4,02	0,802851455917	-5,91472690953	25,1833773243
4,03	0,750491578358	-5,42991322843	25,0487068572
4,04	0,698131700798	-5,2844691241	12,9283648295
4,05	0,645771823238	-5,23598775599	5,656159613
4,06	0,593411945678	-5,23598775598	5,65615961302
4,07	0,541052068118	-5,18750638787	13,0630352965
4,08	0,488692190558	-5,04206228354	25,9914001261
4,09	0,436332312999	-4,55724860243	29,7621732015
4,1	0,401425727959	-4,36332312999	25,5873887252
4,11	0,349065850399	-4,16939765754	29,8968436684
4,12	0,314159265359	-3,68458397643	26,9340933949
4,13	0,279252680319	-3,5391398721	17,6418311737
4,14	0,244346095279	-3,44217713588	17,6418311737
4,15	0,209439510239	-3,29673303154	26,934093395
4,16	0,174532925199	-2,81191935043	29,8968436684
4,17	0,157079632679	-2,61799387799	25,7220591922
4,18	0,12217304764	-2,42406840555	30,7048664703
4,19	0,10471975512	-1,93925472444	30,7048664703
4,2	0,0872664625997	-1,74532925199	25,8567296591
4,21	0,0698131700798	-1,55140377955	30,7048664702
4,22	0,0523598775598	-1,06659009844	30,7048664703
4,23	0,0523598775598	-0,872664625997	25,8567296593
4,24	0,0349065850398	-0,678739153553	30,8395369373
4,25	0,0349065850398	-0,193925472444	31,5128892721
4,26	0,0349065850398	0	29,4928322675
4,27	0,0349065850398	0,242406840555	37,9770716869
4,28	0,0349065850398	0,824183257886	39,1891058898
4,29	0,0523598775598	1,308996939	17,7765016407
4,3	0,0698131700798	1,06659009844	6,19484148076
4,31	0,0698131700798	1,11507146655	22,6246384516
4,32	0,0872664625997	1,59988514766	34,3409690785
4,33	0,10471975512	1,89077335633	37,977071687
4,34	0,12217304764	2,42406840555	34,3409690786
4,35	0,157079632679	2,61799387799	26,530081994
4,36	0,174532925199	2,81191935043	30,0315141354
4,37	0,209439510239	3,29673303154	26,934093395
4,38	0,244346095279	3,44217713588	17,6418311737
4,39	0,279252680319	3,5391398721	17,6418311737
4,4	0,314159265359	3,68458397643	26,9340933949
4,41	0,349065850399	4,16939765754	29,8968436684
4,42	0,401425727959	4,36332312999	25,5873887252
4,43	0,436332312999	4,55724860243	29,7621732015
4,44	0,488692190558	5,04206228354	26,1260705931
4,45	0,541052068118	5,18750638787	13,8710580984
4,46	0,593411945678	5,23598775598	9,29226222133
4,47	0,645771823238	5,2844691241	12,9283648296
4,48	0,698131700798	5,42991322843	21,5472747159
4,49	0,750491578358	5,86624554142	17,7765016406
4,5	0,820304748437	5,91472690953	4,30945494327
4,51	0,872664625997	5,67232006898	12,7936943627
4,52	0,925024503557	6,10865238198	25,4527182582
4,53	0,994837673637	6,54498469498	8,34956895233
4,54	1,06465084372	6,25409648631	-7,67621661763
4,55	1,11701072128	6,15713375009	-3,50143214127
4,56	1,18682389136	6,15713375009	4,44412541027
4,57	1,23918376892	6,25409648631	11,4469896928
4,58	1,308996939	6,59346606309	-0,134670467077
4,59	1,37881010908	6,25409648631	-12,2550124948
4,6	1,43116998664	6,15713375009	-8,0802280184
4,61	1,50098315672	6,10865238198	-3,90544354214
4,62	1,55334303427	6,10865238198	-1,75071607062
4,63	1,62315620435	6,10865238198	-4,84813681114
4,64	1,67551608191	6,06017101387	-12,7936943627
4,65	1,74532925199	5,91472690953	-25,0487068574
4,66	1,79768912955	5,42991322843	-25,1833773243
4,67	1,85004900711	5,2844691241	-13,7363876314
4,68	1,90240888467	5,23598775598	-9,42693268826
4,69	1,95476876223	5,18750638787	-13,8710580984
4,7	2,00712863979	5,04206228354	-26,1260705931
4,71	2,05948851735	4,55724860243	-29,7621732015
4,72	2,09439510239	4,36332312999	-25,5873887252
4,73	2,14675497995	4,16939765754	-29,7621732014
4,74	2,18166156499	3,68458397643	-26,1260705931
4,75	2,21656815003	3,5391398721	-14,0057285654
4,76	2,25147473507	3,49065850399	-10,3696259571
4,77	2,28638132011	3,44217713588	-18,4498539756
4,78	2,32128790515	3,24825166343	-37,9770716869
4,79	2,35619449019	2,61799387799	-50,0974137147
4,8	2,37364778271	1,98773609255	-37,977071687
4,81	2,39110107523	1,7938106201	-18,5845244425
4,82	2,40855436775	1,74532925199	-11,1776487588
4,83	2,42600766027	1,69684788388	-17,6418311736
4,84	2,44346095279	1,50292241144	-33,5329462768
4,85	2,46091424531	0,921145994108	-39,1891058898
4,86	2,46091424531	0,436332312998	-22,0859565839
4,87	2,46091424531	0,630257785441	-17,2378197728
4,88	2,47836753783	0,436332312998	-39,3237763566
4,89	2,47836753783	-0,436332312998	-39,3237763566
4,9	2,46091424531	-0,630257785441	-17,2378197728
4,91	2,46091424531	-0,436332312998	-22,2206270509
4,92	2,46091424531	-0,921145994108	-40,1317991586
4,93	2,44346095279	-1,50292241144	-38,1117421539
4,94	2,42600766027	-1,745329252	-29,3581618004
4,95	2,40855436775	-1,93925472444	-30,5701960032
4,96	2,39110107523	-2,42406840555	-26,3954115271
4,97	2,35619449019	-2,56951250988	-14,8137513673
4,98	2,33874119767	-2,61799387799	-14,0057285654
4,99	2,30383461263	-2,71495661421	-25,7220591922
5	2,28638132011	-3,00584482288	-46,4613111064
5,01	2,25147473507	-3,92699081699	-42,0171856961
5,02	2,19911485751	-4,12091628943	-13,4670466974
5,03	2,16420827247	-3,87850944887	-10,3696259571
5,04	2,12930168743	-4,21787902565	-18,8538653766
5,05	2,07694180987	-4,36332312999	-21,1432633151
5,06	2,04203522483	-4,55724860243	-28,8194799326
5,07	1,98967534727	-5,04206228354	-25,9914001262
5,08	1,93731546971	-5,18750638787	-13,8710580984
5,09	1,88495559215	-5,23598775598	-9,42693268822
5,1	1,83259571459	-5,28446912409	-13,7363876315
5,11	1,78023583703	-5,42991322843	-25,1833773243
5,12	1,72787595947	-5,91472690954	-25,0487068572
5,13	1,65806278939	-6,06017101387	-12,7936943625
5,14	1,60570291183	-6,10865238198	-4,84813681114
5,15	1,53588974175	-6,10865238198	-1,75071607073
5,16	1,4835298642	-6,10865238198	-3,90544354221
5,17	1,41371669412	-6,15713375009	-8,08022801843
5,18	1,36135681656	-6,25409648631	-12,2550124948
5,19	1,29154364648	-6,59346606309	-1,27199485512E-010
5,2	1,2217304764	-6,25409648631	12,2550124946
5,21	1,16937059884	-6,15713375009	8,08022801853
5,22	1,09955742876	-6,10865238198	3,90544354239
5,23	1,0471975512	-6,10865238198	1,61604560378
5,24	0,977384381117	-6,10865238198	3,90544354222
5,25	0,925024503557	-6,06017101387	8,2148984854
5,26	0,855211333477	-5,96320827765	13,1977057636
5,27	0,802851455917	-5,62383870087	4,84813681114
5,28	0,750491578358	-5,91472690953	1,48137513667
5,29	0,680678408278	-5,86624554143	21,6819451829
5,3	0,628318530718	-5,38143186032	34,0716281447
5,31	0,575958653158	-5,09054365165	37,0343784181
5,32	0,523598775598	-4,55724860243	29,7621732014
5,33	0,488692190558	-4,4118044981	14,6790809003
5,34	0,436332312999	-4,36332312999	9,56160315529
5,35	0,401425727959	-4,31484176187	13,7363876315
5,36	0,349065850399	-4,16939765754	25,3180477913
5,37	0,314159265359	-3,68458397643	26,1260705931
5,38	0,279252680319	-3,5391398721	18,3151835086
5,39	0,244346095279	-3,44217713588	21,2779337821
5,4	0,209439510239	-3,24825166343	34,3409690787
5,41	0,174532925199	-2,6664752461	39,3237763567
5,42	0,157079632679	-2,18166156499	22,0859565838
5,43	0,13962634016	-2,37558703744	17,2378197727
5,44	0,10471975512	-2,18166156499	39,3237763567
5,45	0,0872664625997	-1,308996939	39,3237763567
5,46	0,0872664625997	-1,11507146655	17,2378197727
5,47	0,0698131700798	-1,308996939	22,0859565838
5,48	0,0523598775598	-0,824183257889	39,3237763567
5,49	0,0523598775598	-0,242406840556	34,3409690787
5,5	0,0523598775598	-0,0484813681112	21,2779337821
5,51	0,0523598775598	0,0484813681112	18,4498539756
5,52	0,0523598775598	0,193925472445	27,068763862
5,53	0,0523598775598	0,678739153556	30,0315141354
5,54	0,0698131700798	0,872664626	26,5300819939
5,55	0,0698131700798	1,06659009844	34,4756395454
5,56	0,0872664625997	1,59988514766	38,7850944887
5,57	0,10471975512	1,89077335633	37,977071687
5,58	0,12217304764	2,42406840555	29,8968436685
5,59	0,157079632679	2,56951250988	14,6790809002
5,6	0,174532925199	2,61799387799	9,69627362221
5,61	0,209439510239	2,6664752461	14,6790809003
5,62	0,226892802759	2,81191935044	29,8968436684
5,63	0,261799387799	3,34521439966	37,9770716869
5,64	0,296705972839	3,63610260832	38,6504240217
5,65	0,331612557879	4,16939765754	33,5329462767
5,66	0,383972435439	4,36332312999	21,9512861169
5,67	0,418879020479	4,50876723432	18,1805130417
5,68	0,471238898038	4,8481368111	6,59885288176
5,69	0,523598775598	4,55724860243	5,25214821194
5,7	0,558505360638	4,65421133865	28,8194799326
5,71	0,610865238198	5,23598775598	41,7478447622
5,72	0,663225115758	5,81776417331	25,1833773244
5,73	0,733038285838	5,86624554143	-2,96275027336
5,74	0,785398163397	5,47839459654	-6,46418241483
5,75	0,837758040957	5,47839459654	14,1403990323
5,76	0,890117918517	5,91472690953	24,2406840555
5,77	0,959931088597	6,10865238198	19,9312291124
5,78	1,01229096616	6,25409648631	16,8338083718
5,79	1,08210413624	6,59346606309	1,07736373569
5,8	1,15191730632	6,25409648631	-11,3123192259
5,81	1,20427718388	6,15713375009	-4,30945494311
5,82	1,27409035396	6,15713375009	4,30945494332
5,83	1,32645023152	6,25409648631	11,3123192259
5,84	1,3962634016	6,59346606309	-0,94269326887
5,85	1,46607657168	6,25409648631	-16,0257855701
5,86	1,51843644924	6,10865238198	-16,295126504
5,87	1,58824961931	5,96320827765	-16,9684788388
5,88	1,64060949687	5,62383870087	-5,52148914591
5,89	1,69296937443	5,91472690954	-0,67335233493
5,9	1,76278254451	5,86624554142	-17,1031493058
5,91	1,81514242207	5,42991322843	-22,2206270508
5,92	1,86750229963	5,2844691241	-16,6991379048
5,93	1,91986217719	5,18750638787	-17,5071607068
5,94	1,97222205475	5,04206228354	-26,7994229281
5,95	2,02458193231	4,55724860243	-28,9541503996
5,96	2,05948851735	4,36332312999	-21,1432633151
5,97	2,11184839491	4,21787902565	-18,8538653765
5,98	2,14675497995	3,87850944888	-10,2349554901
5,99	2,18166156499	4,12091628943	-12,6590238956
6	2,23402144255	3,92699081699	-38,3810830878
6,01	2,26892802759	3,05432619099	-39,1891058896
6,02	2,28638132011	2,86040071855	-17,2378197728
6,03	2,32128790515	3,05432619099	-22,0859565839
6,04	2,35619449019	2,56951250988	-39,3237763568
6,05	2,37364778271	1,98773609255	-34,3409690787
6,06	2,39110107523	1,7938106201	-21,277933782
6,07	2,40855436775	1,69684788388	-18,4498539754
6,08	2,42600766027	1,55140377955	-27,0687638618
6,09	2,44346095279	1,06659009844	-29,8968436685
6,1	2,44346095279	0,872664625997	-25,7220591923
6,11	2,46091424531	0,678739153553	-30,7048664703
6,12	2,46091424531	0,193925472444	-30,7048664703
6,13	2,46091424531	0	-25,8567296592
6,14	2,46091424531	-0,193925472444	-30,7048664703
6,15	2,46091424531	-0,678739153553	-30,7048664703
6,16	2,44346095279	-0,872664625997	-25,8567296593
6,17	2,44346095279	-1,06659009844	-30,7048664703
6,18	2,42600766027	-1,55140377955	-30,7048664702
6,19	2,40855436775	-1,74532925199	-25,8567296591
6,2	2,39110107523	-1,93925472444	-30,7048664703
6,21	2,37364778271	-2,42406840555	-30,7048664703
6,22	2,33874119767	-2,61799387799	-25,7220591922
6,23	2,32128790515	-2,81191935043	-29,8968436684
6,24	2,28638132011	-3,29673303154	-26,934093395
6,25	2,25147473507	-3,44217713588	-17,6418311737
6,26	2,21656815003	-3,5391398721	-17,6418311737
6,27	2,18166156499	-3,68458397643	-26,799422928
6,28	2,14675497995	-4,16939765754	-28,9541503996
6,29	2,09439510239	-4,36332312999	-21,1432633151
6,3	2,05948851735	-4,50876723432	-18,8538653765
6,31	2,00712863979	-4,8481368111	-10,2349554901
6,32	1,95476876223	-4,60572997054	-12,5243534286
6,33	1,91986217719	-4,79965544298	-37,438389819
6,34	1,86750229963	-5,67232006898	-34,4756395455
6,35	1,79768912955	-5,81776417331	-4,44412541016
6,36	1,74532925199	-5,47839459654	2,96275027336
6,37	1,69296937443	-5,47839459654	-14,1403990324
6,38	1,64060949687	-5,91472690954	-20,739251914
6,39	1,57079632679	-6,06017101387	-12,6590238956
6,4	1,51843644924	-6,10865238198	-8,34956895252
6,41	1,44862327916	-6,15713375009	-9,02292128743
6,42	1,3962634016	-6,25409648631	-12,3896829617
6,43	1,32645023152	-6,59346606309	4,73769172042E-011
6,44	1,25663706144	-6,25409648631	12,2550124948
6,45	1,20427718388	-6,15713375009	8,08022801856
6,46	1,1344640138	-6,10865238198	3,77077307522
6,47	1,08210413624	-6,10865238198	0,808022801745
6,48	1,01229096616	-6,10865238198	0,269340933949
6,49	0,959931088597	-6,10865238198	0,942693268926
6,5	0,890117918517	-6,10865238198	4,71346634419
6,51	0,837758040957	-6,06017101387	12,7936943625
6,52	0,767944870877	-5,91472690954	25,1833773242
6,53	0,715584993318	-5,42991322843	25,9914001262
6,54	0,663225115758	-5,28446912409	17,5071607068
6,55	0,610865238198	-5,18750638787	17,5071607067
6,56	0,558505360638	-5,04206228354	25,9914001261
6,57	0,506145483078	-4,55724860243	25,3180477913
6,58	0,471238898038	-4,4118044981	13,7363876315
6,59	0,418879020479	-4,36332312999	9,56160315523
6,6	0,383972435439	-4,31484176187	14,6790809002
6,61	0,331612557879	-4,16939765754	29,8968436684
6,62	0,296705972839	-3,63610260832	37,9770716869
6,63	0,261799387799	-3,34521439966	38,6504240218
6,64	0,226892802759	-2,81191935044	33,6676167437
6,65	0,209439510239	-2,61799387799	22,8939793858
6,66	0,174532925199	-2,47254977366	22,6246384518
6,67	0,157079632679	-2,08469882877	17,6418311736
6,68	0,13962634016	-2,2301429331	21,9512861168
6,69	0,10471975512	-1,745329252	33,9369576777
6,7	0,10471975512	-1,26051557088	21,951286117
6,71	0,0872664625997	-1,40595967522	17,7765016407
6,72	0,0698131700798	-1,01810873033	23,4326612535
6,73	0,0698131700798	-0,872664626	26,6647524609
6,74	0,0523598775598	-0,630257785445	41,7478447623
6,75	0,0523598775598	0	50,9054365167
6,76	0,0523598775598	0,630257785445	38,111742154
6,77	0,0698131700798	0,824183257889	18,4498539755
6,78	0,0698131700798	0,872664625997	10,5042964239
6,79	0,0872664625997	0,921145994107	14,8137513672
6,8	0,0872664625997	1,06659009844	29,8968436684
6,81	0,10471975512	1,59988514766	37,977071687
6,82	0,12217304764	1,89077335633	38,7850944888
6,83	0,13962634016	2,42406840555	34,4756395455
6,84	0,174532925199	2,61799387799	26,530081994
6,85	0,191986217719	2,81191935044	29,8968436685
6,86	0,226892802759	3,29673303155	26,1260705931
6,87	0,261799387799	3,44217713588	14,0057285654
6,88	0,296705972839	3,49065850399	10,2349554901
6,89	0,331612557879	3,5391398721	17,5071607067
6,9	0,366519142919	3,73306534454	33,3982758097
6,91	0,401425727959	4,31484176187	38,2464126208
6,92	0,453785605519	4,79965544298	17,6418311737
6,93	0,506145483078	4,55724860243	6,19484148086
6,94	0,541052068118	4,60572997054	22,4899679848
6,95	0,593411945678	5,09054365165	33,3982758099
6,96	0,645771823238	5,38143186032	33,2636053428
6,97	0,698131700798	5,86624554143	21,5472747159
6,98	0,767944870877	5,91472690953	1,48137513667
6,99	0,820304748437	5,62383870087	4,84813681117
7	0,872664625997	5,96320827765	13,1977057636
7,01	0,942477796077	6,06017101387	8,21489848546
7,02	0,994837673637	6,10865238198	3,77077307519
7,03	1,06465084372	6,10865238198	0,808022801773
7,04	1,11701072128	6,10865238198	0,134670467049
7,05	1,18682389136	6,10865238198	1,02631483559E-010
7,06	1,23918376892	6,10865238198	0
7,07	1,308996939	6,10865238198	-1,02631483559E-010
7,08	1,36135681656	6,10865238198	-7,45625783338E-011
7,09	1,43116998664	6,10865238198	-0,1346704669
7,1	1,4835298642	6,10865238198	-0,94269326872
7,11	1,55334303427	6,10865238198	-4,71346634411
7,12	1,60570291183	6,06017101387	-12,7936943627
7,13	1,67551608191	5,91472690953	-25,0487068574
7,14	1,72787595947	5,42991322843	-25,0487068573
7,15	1,78023583703	5,2844691241	-12,9283648296
7,16	1,83259571459	5,23598775598	-5,65615961297
7,17	1,88495559215	5,23598775598	-5,6561596129
7,18	1,93731546971	5,18750638787	-13,0630352965
7,19	1,98967534727	5,04206228354	-25,9914001262
7,2	2,04203522483	4,55724860243	-29,7621732014
7,21	2,07694180987	4,36332312999	-25,5873887253
7,22	2,12930168743	4,16939765754	-29,7621732016
7,23	2,16420827247	3,68458397643	-26,1260705931
7,24	2,19911485751	3,5391398721	-14,0057285653
7,25	2,23402144255	3,49065850399	-10,369625957
7,26	2,26892802759	3,44217713588	-18,4498539755
7,27	2,30383461263	3,24825166343	-37,9770716869
7,28	2,33874119767	2,61799387799	-50,0974137147
7,29	2,35619449019	1,98773609255	-37,977071687
7,3	2,37364778271	1,7938106201	-18,5845244426
7,31	2,39110107523	1,74532925199	-11,3123192259
7,32	2,40855436775	1,69684788388	-18,5845244424
7,33	2,42600766027	1,50292241144	-37,9770716868
7,34	2,44346095279	0,872664626	-50,0974137147
7,35	2,44346095279	0,242406840556	-37,977071687
7,36	2,44346095279	0,0484813681112	-18,4498539756
7,37	2,44346095279	0	-10,3696259571
7,38	2,44346095279	-0,0484813681112	-14,0057285654
7,39	2,44346095279	-0,193925472445	-26,1260705932
7,4	2,44346095279	-0,678739153556	-29,8968436685
7,41	2,42600766027	-0,872664626	-26,5300819939
7,42	2,42600766027	-1,06659009844	-34,4756395454
7,43	2,40855436775	-1,59988514766	-38,9197649557
7,44	2,39110107523	-1,89077335633	-38,9197649558
7,45	2,37364778271	-2,42406840555	-34,4756395456
7,46	2,33874119767	-2,61799387799	-26,530081994
7,47	2,32128790515	-2,81191935043	-29,8968436684
7,48	2,28638132011	-3,29673303154	-26,1260705932
7,49	2,25147473507	-3,44217713588	-13,8710580984
7,5	2,21656815003	-3,49065850399	-9,42693268825
7,51	2,18166156499	-3,5391398721	-13,8710580984
7,52	2,14675497995	-3,68458397643	-26,1260705931
7,53	2,11184839491	-4,16939765754	-29,7621732014
7,54	2,05948851735	-4,36332312999	-25,5873887252
7,55	2,02458193231	-4,55724860243	-29,7621732015
7,56	1,97222205475	-5,04206228354	-26,1260705932
7,57	1,91986217719	-5,18750638787	-13,8710580985
7,58	1,86750229963	-5,23598775599	-9,2922622212
7,59	1,81514242207	-5,28446912409	-12,9283648295
7,6	1,76278254451	-5,42991322843	-21,412604249
7,61	1,71042266695	-5,86624554143	-16,9684788389
7,62	1,64060949687	-5,91472690954	-0,673352334818
7,63	1,58824961931	-5,62383870087	-5,52148914591
7,64	1,53588974175	-5,96320827765	-16,9684788389
7,65	1,46607657168	-6,10865238198	-16,295126504
7,66	1,41371669412	-6,25409648631	-16,02578557
7,67	1,34390352404	-6,59346606309	-0,808022801745
7,68	1,27409035396	-6,25409648631	12,1203420278
7,69	1,2217304764	-6,15713375009	8,08022801843
7,7	1,15191730632	-6,10865238198	3,90544354221
7,71	1,09955742876	-6,10865238198	1,75071607073
7,72	1,02974425868	-6,10865238198	4,71346634417
7,73	0,977384381117	-6,06017101387	11,8510010937
7,74	0,907571211037	-5,91472690954	20,4699109801
7,75	0,855211333477	-5,47839459654	13,3323762305
7,76	0,802851455917	-5,47839459654	-6,5988528817
7,77	0,750491578358	-5,86624554142	-2,9627502735
7,78	0,680678408278	-5,81776417332	25,1833773242
7,79	0,628318530718	-5,23598775599	41,8825152292
7,8	0,575958653158	-4,65421133865	29,6275027345
7,81	0,541052068118	-4,55724860243	8,88825082035
7,82	0,488692190558	-4,79965544299	14,0057285654
7,83	0,436332312999	-4,36332312999	27,472775263
7,84	0,401425727959	-3,92699081698	17,5071607067
7,85	0,366519142919	-4,12091628943	16,2951265038
7,86	0,314159265359	-3,92699081699	39,0544354227
7,87	0,279252680319	-3,05432619099	38,3810830879
7,88	0,261799387799	-2,86040071854	12,6590238957
7,89	0,226892802759	-3,1028075591	10,369625957
7,9	0,191986217719	-2,76343798232	19,7965586453
7,91	0,174532925199	-2,61799387799	25,7220591922
7,92	0,13962634016	-2,37558703744	40,8051514933
7,93	0,12217304764	-1,745329252	47,2693339082
7,94	0,10471975512	-1,16355283466	30,8395369373
7,95	0,10471975512	-1,06659009844	9,9656145562
7,96	0,0872664625997	-1,30899693899	18,5845244425
7,97	0,0698131700798	-0,824183257885	39,3237763566
7,98	0,0698131700798	-0,242406840554	37,9770716869
7,99	0,0698131700798	0	29,4928322675
8	0,0698131700798	0,193925472444	31,5128892721
8,01	0,0698131700798	0,678739153552	30,8395369372
8,02	0,0872664625997	0,872664625996	25,7220591922
8,03	0,0872664625997	1,06659009844	29,7621732015
8,04	0,10471975512	1,55140377955	26,1260705932
8,05	0,12217304764	1,69684788388	14,0057285655
8,06	0,13962634016	1,745329252	10,369625957
8,07	0,157079632679	1,7938106201	18,4498539755
8,08	0,174532925199	1,98773609255	37,9770716869
8,09	0,191986217719	2,61799387799	50,0974137147
8,1	0,226892802759	3,24825166343	37,9770716869
8,11	0,261799387799	3,44217713588	18,4498539756
8,12	0,296705972839	3,49065850399	10,3696259571
8,13	0,331612557879	3,5391398721	14,0057285654
8,14	0,366519142919	3,68458397643	26,1260705931
8,15	0,401425727959	4,16939765754	29,7621732014
8,16	0,453785605519	4,36332312999	25,5873887252
8,17	0,488692190558	4,55724860243	29,7621732014
8,18	0,541052068118	5,04206228354	26,1260705932
8,19	0,593411945678	5,18750638787	13,8710580985
8,2	0,645771823238	5,23598775599	9,29226222134
8,21	0,698131700798	5,2844691241	12,9283648295
8,22	0,750491578358	5,42991322843	21,4126042489
8,23	0,802851455917	5,86624554142	16,9684788389
8,24	0,872664625997	5,91472690954	0,67335233493
8,25	0,925024503557	5,62383870087	5,52148914591
8,26	0,977384381117	5,96320827765	16,9684788388
8,27	1,0471975512	6,10865238198	16,295126504
8,28	1,09955742876	6,25409648631	16,0257855701
8,29	1,16937059884	6,59346606309	0,808022801895
8,3	1,23918376892	6,25409648631	-12,1203420278
8,31	1,29154364648	6,15713375009	-8,08022801861
8,32	1,36135681656	6,10865238198	-3,90544354235
8,33	1,41371669412	6,10865238198	-1,75071607062
8,34	1,4835298642	6,10865238198	-4,71346634406
8,35	1,53588974175	6,06017101387	-11,8510010938
8,36	1,60570291183	5,91472690953	-20,6045814472
8,37	1,65806278939	5,47839459654	-14,1403990323
8,38	1,71042266695	5,47839459654	2,9627502735
8,39	1,76278254451	5,81776417332	-4,44412541023
8,4	1,83259571459	5,67232006898	-34,4756395456
8,41	1,88495559215	4,79965544298	-37,438389819
8,42	1,91986217719	4,60572997054	-12,5243534287
8,43	1,97222205475	4,84813681109	-10,2349554902
8,44	2,02458193231	4,50876723432	-18,8538653765
8,45	2,05948851735	4,36332312999	-21,143263315
8,46	2,11184839491	4,16939765754	-28,8194799326
8,47	2,14675497995	3,68458397643	-25,9914001261
8,48	2,18166156499	3,5391398721	-14,0057285654
8,49	2,21656815003	3,49065850399	-10,3696259571
8,5	2,25147473507	3,44217713588	-18,4498539756
8,51	2,28638132011	3,24825166343	-37,9770716869
8,52	2,32128790515	2,61799387799	-50,0974137146
8,53	2,33874119767	1,98773609255	-37,9770716869
8,54	2,35619449019	1,79381062011	-18,4498539756
8,55	2,37364778271	1,74532925199	-10,3696259572
8,56	2,39110107523	1,69684788388	-14,0057285654
8,57	2,40855436775	1,55140377955	-26,126070593
8,58	2,42600766027	1,06659009844	-29,8968436683
8,59	2,42600766027	0,872664626	-26,5300819939
8,6	2,44346095279	0,678739153556	-34,4756395456
8,61	2,44346095279	0,145444104334	-38,9197649559
8,62	2,44346095279	-0,145444104334	-38,9197649559
8,63	2,44346095279	-0,678739153556	-34,4756395456
8,64	2,42600766027	-0,872664626	-26,5300819939
8,65	2,42600766027	-1,06659009844	-30,0315141352
8,66	2,40855436775	-1,55140377955	-26,9340933949
8,67	2,39110107523	-1,69684788388	-17,6418311737
8,68	2,37364778271	-1,7938106201	-17,6418311738
8,69	2,35619449019	-1,93925472444	-26,934093395
8,7	2,33874119767	-2,42406840555	-29,8968436684
8,71	2,30383461263	-2,61799387799	-25,5873887252
8,72	2,28638132011	-2,81191935044	-29,8968436685
8,73	2,25147473507	-3,29673303155	-27,068763862
8,74	2,21656815003	-3,44217713588	-18,4498539756
8,75	2,18166156499	-3,5391398721	-21,277933782
8,76	2,14675497995	-3,73306534454	-34,2062986116
8,77	2,11184839491	-4,31484176187	-38,3810830878
8,78	2,05948851735	-4,79965544298	-17,5071607067
8,79	2,00712863979	-4,55724860243	-5,25214821209
8,8	1,97222205475	-4,60572997054	-18,0458425747
8,81	1,91986217719	-5,04206228354	-22,3552975179
8,82	1,86750229963	-5,18750638787	-16,5644674378
8,83	1,81514242207	-5,28446912409	-16,5644674378
8,84	1,76278254451	-5,42991322843	-22,2206270509
8,85	1,71042266695	-5,86624554143	-17,1031493058
8,86	1,64060949687	-5,91472690954	-0,538681867843
8,87	1,58824961931	-5,62383870087	-4,71346634406
8,88	1,53588974175	-5,96320827765	-13,1977057636
8,89	1,46607657168	-6,06017101387	-8,21489848551
8,9	1,41371669412	-6,10865238198	-3,77077307524
8,91	1,34390352404	-6,10865238198	-0,808022801797
8,92	1,29154364648	-6,10865238198	-0,134670467055
8,93	1,2217304764	-6,10865238198	-1,03509793329E-010
8,94	1,16937059884	-6,10865238198	0
8,95	1,09955742876	-6,10865238198	0,134670467078
8,96	1,0471975512	-6,10865238198	0,942693268903
8,97	0,977384381117	-6,10865238198	4,71346634406
8,98	0,925024503557	-6,06017101387	12,7936943625
8,99	0,855211333477	-5,91472690954	25,0487068573
9	0,802851455917	-5,42991322843	25,0487068573
9,01	0,750491578358	-5,28446912409	12,9283648295
9,02	0,698131700798	-5,23598775599	5,65615961289
9,03	0,645771823238	-5,23598775599	5,65615961302
9,04	0,593411945678	-5,18750638787	13,0630352967
9,05	0,541052068118	-5,04206228354	25,9914001262
9,06	0,488692190558	-4,55724860243	29,7621732014
9,07	0,453785605519	-4,36332312999	25,5873887252
9,08	0,401425727959	-4,16939765754	29,8968436684
9,09	0,366519142919	-3,68458397643	26,9340933949
9,1	0,331612557879	-3,5391398721	17,6418311737
9,11	0,296705972839	-3,44217713588	17,6418311737
9,12	0,261799387799	-3,29673303155	26,934093395
9,13	0,226892802759	-2,81191935044	29,8968436685
9,14	0,209439510239	-2,61799387799	25,7220591923
9,15	0,174532925199	-2,42406840555	30,7048664703
9,16	0,157079632679	-1,93925472444	30,7048664702
9,17	0,13962634016	-1,745329252	25,8567296591
9,18	0,12217304764	-1,55140377955	30,7048664703
9,19	0,10471975512	-1,06659009844	30,7048664704
9,2	0,10471975512	-0,872664625996	25,7220591922
9,21	0,0872664625997	-0,678739153552	29,8968436684
9,22	0,0872664625997	-0,193925472444	26,9340933949
9,23	0,0872664625997	-0,0484813681109	17,6418311737
9,24	0,0872664625997	0,0484813681109	17,6418311737
9,25	0,0872664625997	0,193925472444	26,9340933949
9,26	0,0872664625997	0,678739153552	30,0315141354
9,27	0,10471975512	0,872664625996	26,5300819941
9,28	0,10471975512	1,06659009844	34,4756395457
9,29	0,12217304764	1,59988514766	38,7850944888
9,3	0,13962634016	1,89077335633	37,9770716868
9,31	0,157079632679	2,42406840555	29,8968436683
9,32	0,191986217719	2,56951250988	14,8137513673
9,33	0,209439510239	2,61799387799	10,5042964242
9,34	0,244346095279	2,6664752461	18,3151835086
9,35	0,261799387799	2,86040071855	37,169048885
9,36	0,296705972839	3,49065850399	46,4613111063
9,37	0,331612557879	4,07243492132	30,7048664702
9,38	0,383972435439	4,16939765754	9,83094408916
9,39	0,418879020479	3,92699081699	17,5071607067
9,4	0,453785605519	4,4118044981	33,9369576777
9,41	0,506145483078	4,94509954732	22,3552975179
9,42	0,558505360638	4,99358091543	0,808022801873
9,43	0,610865238198	4,65421133865	5,11747774501
9,44	0,645771823238	4,79965544298	33,8022872107
9,45	0,698131700798	5,67232006898	33,6676167437
9,46	0,767944870877	5,81776417331	4,30945494318
9,47	0,820304748437	5,47839459654	-2,96275027336
9,48	0,872664625997	5,47839459654	14,1403990324
9,49	0,925024503557	5,91472690954	20,6045814471
9,5	0,994837673637	6,06017101387	11,8510010937
9,51	1,0471975512	6,10865238198	4,57879587722
9,52	1,11701072128	6,10865238198	0,94269326895
9,53	1,16937059884	6,10865238198	0,134670467022
9,54	1,23918376892	6,10865238198	-4,73769172042E-011
9,55	1,29154364648	6,10865238198	-1,27206886999E-010
9,56	1,36135681656	6,10865238198	-0,13467046706
9,57	1,41371669412	6,10865238198	-0,942693268773
9,58	1,4835298642	6,10865238198	-4,71346634406
9,59	1,53588974175	6,06017101387	-12,7936943627
9,6	1,60570291183	5,91472690953	-25,0487068574
9,61	1,65806278939	5,42991322843	-25,0487068573
9,62	1,71042266695	5,2844691241	-12,7936943626
9,63	1,76278254451	5,23598775598	-4,8481368111
9,64	1,81514242207	5,23598775598	-1,88538653757
9,65	1,86750229963	5,23598775599	-4,84813681103
9,66	1,91986217719	5,18750638787	-12,9283648297
9,67	1,97222205475	5,04206228354	-25,9914001262
9,68	2,02458193231	4,55724860243	-29,7621732015
9,69	2,05948851735	4,36332312999	-25,5873887252
9,7	2,11184839491	4,16939765754	-29,8968436684
9,71	2,14675497995	3,68458397643	-26,9340933949
9,72	2,18166156499	3,5391398721	-17,6418311737
9,73	2,21656815003	3,44217713588	-17,6418311737
9,74	2,25147473507	3,29673303155	-26,934093395
9,75	2,28638132011	2,81191935044	-29,8968436685
9,76	2,30383461263	2,61799387799	-25,7220591922
9,77	2,33874119767	2,42406840555	-30,7048664702
9,78	2,35619449019	1,93925472444	-30,7048664703
9,79	2,37364778271	1,74532925199	-25,8567296593
9,8	2,39110107523	1,55140377955	-30,7048664703
9,81	2,40855436775	1,06659009844	-30,7048664703
9,82	2,40855436775	0,872664625996	-25,8567296591
9,83	2,42600766027	0,678739153552	-30,7048664702
9,84	2,42600766027	0,193925472444	-30,7048664702
9,85	2,42600766027	0	-25,8567296591
9,86	2,42600766027	-0,193925472444	-30,7048664702
9,87	2,42600766027	-0,678739153552	-30,7048664702
9,88	2,40855436775	-0,872664625996	-25,7220591922
9,89	2,40855436775	-1,06659009844	-29,7621732014
9,9	2,39110107523	-1,55140377955	-26,1260705932
9,91	2,37364778271	-1,69684788388	-14,0057285655
9,92	2,35619449019	-1,745329252	-10,3696259572
9,93	2,33874119767	-1,79381062011	-18,4498539755
9,94	2,32128790515	-1,98773609255	-37,9770716869
9,95	2,30383461263	-2,61799387799	-50,0974137147
9,96	2,26892802759	-3,24825166343	-37,9770716869
9,97	2,23402144255	-3,44217713588	-18,4498539755
9,98	2,19911485751	-3,49065850399	-10,369625957
9,99	2,16420827247	-3,5391398721	-14,0057285654
10	2,12930168743	-3,68458397643	-26,1260705932
10,01	2,09439510239	-4,16939765754	-29,7621732015
10,02	2,04203522483	-4,36332312999	-25,5873887251
10,03	2,00712863979	-4,55724860243	-29,7621732014
10,04	1,95476876223	-5,04206228354	-25,9914001261
10,05	1,90240888467	-5,18750638787	-13,0630352966
10,06	1,85004900711	-5,23598775598	-5,65615961297
10,07	1,79768912955	-5,23598775598	-5,65615961293
10,08	1,74532925199	-5,28446912409	-12,9283648296
10,09	1,69296937443	-5,42991322843	-24,9140363904
10,1	1,64060949687	-5,91472690954	-24,2406840554
10,11	1,57079632679	-6,06017101387	-9,02292128725
10,12	1,51843644924	-6,06017101387	3,36676167429
10,13	1,44862327916	-5,96320827765	11,3123192258
10,14	1,3962634016	-5,62383870087	-0,134670466975
10,15	1,34390352404	-5,96320827765	-12,2550124946
10,16	1,27409035396	-6,06017101387	-8,0802280184
10,17	1,2217304764	-6,10865238198	-3,77077307534
10,18	1,15191730632	-6,10865238198	-0,673352334929
10,19	1,09955742876	-6,10865238198	0,808022801904
10,2	1,02974425868	-6,10865238198	4,71346634417
10,21	0,977384381117	-6,06017101387	12,7936943625
10,22	0,907571211037	-5,91472690954	25,0487068572
10,23	0,855211333477	-5,42991322843	25,0487068573
10,24	0,802851455917	-5,28446912409	12,7936943627
10,25	0,750491578358	-5,23598775598	4,84813681103
10,26	0,698131700798	-5,23598775599	1,8853865376
10,27	0,645771823238	-5,23598775599	4,84813681117
10,28	0,593411945678	-5,18750638787	12,9283648297
10,29	0,541052068118	-5,04206228354	25,9914001262
10,3	0,488692190558	-4,55724860243	29,7621732014
10,31	0,453785605519	-4,36332312999	25,7220591922
10,32	0,401425727959	-4,16939765754	30,7048664702
10,33	0,366519142919	-3,68458397643	30,7048664702
10,34	0,331612557879	-3,49065850399	25,8567296591
10,35	0,296705972839	-3,29673303155	30,5701960033
10,36	0,261799387799	-2,81191935044	29,8968436684
10,37	0,244346095279	-2,61799387799	22,0859565839
10,38	0,209439510239	-2,47254977366	22,4899679849
10,39	0,191986217719	-2,08469882877	17,6418311738
10,4	0,174532925199	-2,2301429331	21,9512861169
10,41	0,13962634016	-1,74532925199	33,9369576775
10,42	0,13962634016	-1,26051557089	21,9512861168
10,43	0,12217304764	-1,40595967522	17,7765016407
10,44	0,10471975512	-1,01810873033	23,4326612537
10,45	0,10471975512	-0,872664625996	26,6647524611
10,46	0,0872664625997	-0,630257785441	41,7478447622
10,47	0,0872664625997	0	50,9054365164
10,48	0,0872664625997	0,630257785441	38,1117421538
10,49	0,10471975512	0,824183257885	18,4498539756
10,5	0,10471975512	0,872664625996	10,5042964241
10,51	0,12217304764	0,921145994108	14,8137513673
10,52	0,12217304764	1,06659009844	29,8968436685
10,53	0,13962634016	1,59988514766	37,9770716868
10,54	0,157079632679	1,89077335633	38,6504240217
10,55	0,174532925199	2,42406840555	33,6676167438
10,56	0,209439510239	2,61799387799	22,8939793858
10,57	0,226892802759	2,76343798233	22,6246384518
10,58	0,261799387799	3,15128892721	17,6418311737
10,59	0,296705972839	3,00584482288	21,9512861169
10,6	0,314159265359	3,49065850399	33,9369576776
10,61	0,366519142919	3,9754721851	21,9512861168
10,62	0,401425727959	3,83002808076	17,6418311737
10,63	0,436332312999	4,21787902565	22,4899679849
10,64	0,488692190558	4,36332312999	21,9512861169
10,65	0,523598775598	4,55724860243	28,9541503996
10,66	0,575958653158	5,04206228354	25,8567296592
10,67	0,628318530718	5,18750638787	13,0630352965
10,68	0,680678408278	5,23598775598	5,6561596129
10,69	0,733038285838	5,23598775598	5,52148914599
10,7	0,785398163397	5,2844691241	12,1203420277
10,71	0,837758040957	5,42991322843	21,277933782
10,72	0,890117918517	5,86624554142	16,9684788389
10,73	0,959931088597	5,91472690954	0,538681868008
10,74	1,01229096616	5,62383870087	4,71346634411
10,75	1,06465084372	5,96320827765	13,1977057634
10,76	1,1344640138	6,06017101387	8,21489848538
10,77	1,18682389136	6,10865238198	3,77077307534
10,78	1,25663706144	6,10865238198	0,673352334929
10,79	1,308996939	6,10865238198	-0,673352334929
10,8	1,37881010908	6,10865238198	-3,77077307534
10,81	1,43116998664	6,06017101387	-8,21489848538
10,82	1,50098315672	5,96320827765	-13,1977057634
10,83	1,55334303427	5,62383870087	-4,71346634411
10,84	1,60570291183	5,91472690954	-0,538681868008
10,85	1,67551608191	5,86624554142	-17,1031493059
10,86	1,72787595947	5,42991322843	-22,2206270508
10,87	1,78023583703	5,2844691241	-16,6991379049
10,88	1,83259571459	5,18750638787	-17,3724902398
10,89	1,88495559215	5,04206228354	-25,9914001261
10,9	1,93731546971	4,55724860243	-25,3180477913
10,91	1,97222205475	4,4118044981	-13,7363876315
10,92	2,02458193231	4,36332312999	-9,42693268828
10,93	2,05948851735	4,31484176187	-13,7363876314
10,94	2,11184839491	4,16939765754	-25,3180477912
10,95	2,14675497995	3,68458397643	-26,1260705931
10,96	2,18166156499	3,5391398721	-18,3151835086
10,97	2,21656815003	3,44217713588	-21,277933782
10,98	2,25147473507	3,24825166343	-34,3409690786
10,99	2,28638132011	2,6664752461	-39,3237763567
11	2,30383461263	2,18166156499	-22,0859565839
11,01	2,32128790515	2,37558703744	-17,2378197728
11,02	2,35619449019	2,18166156499	-39,3237763567
11,03	2,37364778271	1,308996939	-39,3237763567
11,04	2,37364778271	1,11507146655	-17,2378197728
11,05	2,39110107523	1,30899693899	-22,0859565839
11,06	2,40855436775	0,824183257885	-39,1891058896
11,07	2,40855436775	0,242406840554	-33,5329462767
11,08	2,40855436775	0,0484813681109	-17,6418311737
11,09	2,40855436775	0	-11,1776487589
11,1	2,40855436775	-0,0484813681109	-18,5845244425
11,11	2,40855436775	-0,242406840554	-37,9770716869
11,12	2,40855436775	-0,872664625996	-50,0974137146
11,13	2,39110107523	-1,50292241144	-37,9770716869
11,14	2,37364778271	-1,69684788388	-18,4498539757
11,15	2,35619449019	-1,745329252	-10,3696259572
11,16	2,33874119767	-1,79381062011	-14,0057285654
11,17	2,32128790515	-1,93925472444	-26,1260705931
11,18	2,30383461263	-2,42406840555	-29,7621732014
11,19	2,26892802759	-2,61799387799	-25,7220591921
11,2	2,25147473507	-2,81191935043	-30,7048664703
11,21	2,21656815003	-3,29673303154	-30,7048664703
11,22	2,18166156499	-3,49065850399	-25,8567296592
11,23	2,14675497995	-3,68458397643	-30,5701960033
11,24	2,11184839491	-4,16939765754	-29,7621732014
11,25	2,05948851735	-4,36332312999	-21,143263315
11,26	2,02458193231	-4,50876723432	-17,9111721077
11,27	1,97222205475	-4,84813681109	-5,79083008
11,28	1,91986217719	-4,55724860243	-1,61604560373
11,29	1,88495559215	-4,60572997054	-21,5472747159
11,3	1,83259571459	-5,09054365165	-33,2636053428
11,31	1,78023583703	-5,38143186032	-33,2636053428
11,32	1,72787595947	-5,86624554143	-21,5472747159
11,33	1,65806278939	-5,91472690953	-1,48137513667
11,34	1,60570291183	-5,62383870087	-4,71346634417
11,35	1,55334303427	-5,96320827765	-12,3896829617
11,36	1,4835298642	-6,06017101387	-4,44412541011
11,37	1,43116998664	-6,06017101387	4,30945494325
11,38	1,36135681656	-5,96320827765	11,4469896928
11,39	1,308996939	-5,62383870087	-0,134670467031
11,4	1,25663706144	-5,96320827765	-12,2550124946
11,41	1,18682389136	-6,06017101387	-7,94555755146
11,42	1,1344640138	-6,10865238198	-2,82807980655
11,43	1,06465084372	-6,10865238198	3,90544354216
11,44	1,01229096616	-6,06017101387	12,6590238956
11,45	0,942477796077	-5,91472690954	25,0487068574
11,46	0,890117918517	-5,42991322843	25,0487068574
11,47	0,837758040957	-5,28446912409	12,7936943626
11,48	0,785398163397	-5,23598775598	4,84813681109
11,49	0,733038285838	-5,23598775598	1,88538653768
11,5	0,680678408278	-5,23598775598	4,84813681106
11,51	0,628318530718	-5,18750638787	12,9283648296
11,52	0,575958653158	-5,04206228354	25,9914001262
11,53	0,523598775598	-4,55724860243	29,7621732014
11,54	0,488692190558	-4,36332312999	25,5873887253
11,55	0,436332312999	-4,16939765754	29,8968436685
11,56	0,401425727959	-3,68458397643	26,934093395
11,57	0,366519142919	-3,5391398721	17,6418311736
11,58	0,331612557879	-3,44217713588	17,6418311736
11,59	0,296705972839	-3,29673303155	26,9340933949
11,6	0,261799387799	-2,81191935044	29,8968436684
11,61	0,244346095279	-2,61799387799	25,5873887253
11,62	0,209439510239	-2,42406840555	29,8968436685
11,63	0,191986217719	-1,93925472444	26,9340933951
11,64	0,174532925199	-1,7938106201	17,6418311737
11,65	0,157079632679	-1,69684788388	17,6418311736
11,66	0,13962634016	-1,55140377955	26,9340933949
11,67	0,12217304764	-1,06659009844	29,8968436685
11,68	0,12217304764	-0,872664625997	25,7220591923
11,69	0,10471975512	-0,678739153553	30,8395369373
11,7	0,10471975512	-0,193925472444	31,5128892721
11,71	0,10471975512	0	29,4928322675
11,72	0,10471975512	0,242406840555	37,9770716869
11,73	0,10471975512	0,824183257886	39,3237763567
11,74	0,12217304764	1,308996939	18,5845244426
11,75	0,13962634016	1,06659009844	9,96561455605
11,76	0,13962634016	1,16355283466	30,7048664701
11,77	0,157079632679	1,74532925199	46,4613111063
11,78	0,174532925199	2,37558703743	37,1690488851
11,79	0,209439510239	2,56951250988	18,3151835087
11,8	0,226892802759	2,61799387799	10,3696259571
11,81	0,261799387799	2,6664752461	14,0057285654
11,82	0,279252680319	2,81191935044	26,1260705932
11,83	0,314159265359	3,29673303155	29,7621732015
11,84	0,349065850399	3,49065850399	25,7220591922
11,85	0,383972435439	3,68458397643	30,7048664702
11,86	0,418879020479	4,16939765754	30,7048664703
11,87	0,471238898038	4,36332312999	25,7220591922
11,88	0,506145483078	4,55724860243	29,7621732015
11,89	0,558505360638	5,04206228354	25,9914001261
11,9	0,610865238198	5,18750638787	12,9283648295
11,91	0,663225115758	5,23598775598	4,84813681112
11,92	0,715584993318	5,23598775598	1,88538653765
11,93	0,767944870877	5,23598775598	4,71346634411
11,94	0,820304748437	5,28446912409	11,9856715608
11,95	0,872664625997	5,42991322843	21,2779337821
11,96	0,925024503557	5,86624554143	16,9684788388
11,97	0,994837673637	5,91472690953	0,538681867848
11,98	1,0471975512	5,62383870087	4,71346634419
11,99	1,09955742876	5,96320827765	13,1977057636
12	1,16937059884	6,06017101387	8,08022801848
12,01	1,2217304764	6,10865238198	2,96275027334
12,02	1,29154364648	6,10865238198	-2,96275027352
12,03	1,34390352404	6,06017101387	-8,08022801843
12,04	1,41371669412	5,96320827765	-13,1977057635
12,05	1,46607657168	5,62383870087	-4,71346634417
12,06	1,51843644924	5,91472690953	-0,538681867955
12,07	1,58824961931	5,86624554142	-16,9684788388
12,08	1,64060949687	5,42991322843	-21,2779337819
12,09	1,69296937443	5,2844691241	-12,1203420278
12,1	1,74532925199	5,23598775598	-5,52148914604
12,11	1,79768912955	5,23598775598	-5,65615961293
12,12	1,85004900711	5,18750638787	-12,9283648296
12,13	1,90240888467	5,04206228354	-25,0487068574
12,14	1,95476876223	4,55724860243	-25,1833773243
12,15	1,98967534727	4,4118044981	-13,7363876314
12,16	2,04203522483	4,36332312999	-9,56160315515
12,17	2,07694180987	4,31484176188	-14,6790809003
12,18	2,12930168743	4,16939765754	-29,8968436685
12,19	2,16420827247	3,63610260832	-37,9770716869
12,2	2,19911485751	3,34521439966	-38,6504240217
12,21	2,23402144255	2,81191935044	-33,6676167436
12,22	2,25147473507	2,61799387799	-22,8939793857
12,23	2,28638132011	2,47254977366	-22,6246384518
12,24	2,30383461263	2,08469882877	-17,6418311737
12,25	2,32128790515	2,23014293311	-21,9512861169
12,26	2,35619449019	1,745329252	-33,9369576777
12,27	2,35619449019	1,26051557088	-21,951286117
12,28	2,37364778271	1,40595967522	-17,7765016407
12,29	2,39110107523	1,01810873033	-23,4326612536
12,3	2,39110107523	0,872664625996	-26,530081994
12,31	2,40855436775	0,630257785441	-40,9398219603
12,32	2,40855436775	0	-47,2693339081
12,33	2,40855436775	-0,581776417331	-30,8395369372
12,34	2,39110107523	-0,678739153552	-9,96561455613
12,35	2,39110107523	-0,436332312998	-18,4498539756
12,36	2,39110107523	-0,921145994107	-38,5157535548
12,37	2,37364778271	-1,50292241144	-34,2062986117
12,38	2,35619449019	-1,69684788388	-21,2779337821
12,39	2,33874119767	-1,79381062011	-18,4498539755
12,4	2,32128790515	-1,93925472444	-27,0687638619
12,41	2,30383461263	-2,42406840555	-29,8968436684
12,42	2,26892802759	-2,61799387799	-25,5873887252
12,43	2,25147473507	-2,81191935043	-29,8968436684
12,44	2,21656815003	-3,29673303154	-26,934093395
12,45	2,18166156499	-3,44217713588	-17,6418311737
12,46	2,14675497995	-3,5391398721	-17,6418311737
12,47	2,11184839491	-3,68458397643	-26,9340933949
12,48	2,07694180987	-4,16939765754	-29,8968436684
12,49	2,02458193231	-4,36332312999	-25,5873887252
12,5	1,98967534727	-4,55724860243	-29,7621732015
12,51	1,93731546971	-5,04206228354	-25,9914001261
12,52	1,88495559215	-5,18750638787	-12,9283648295
12,53	1,83259571459	-5,23598775598	-4,84813681112
12,54	1,78023583703	-5,23598775598	-1,88538653765
12,55	1,72787595947	-5,23598775598	-4,71346634411
12,56	1,67551608191	-5,28446912409	-11,9856715608
12,57	1,62315620435	-5,42991322843	-21,2779337821
12,58	1,57079632679	-5,86624554143	-16,9684788388
12,59	1,50098315672	-5,91472690953	-0,538681867848
12,6	1,44862327916	-5,62383870087	-4,71346634419
12,61	1,3962634016	-5,96320827765	-13,1977057636
12,62	1,32645023152	-6,06017101387	-8,08022801848
12,63	1,27409035396	-6,10865238198	-2,96275027333
12,64	1,20427718388	-6,10865238198	2,96275027355
12,65	1,15191730632	-6,06017101387	8,08022801848
12,66	1,08210413624	-5,96320827765	13,1977057635
12,67	1,02974425868	-5,62383870087	4,71346634412
12,68	0,977384381117	-5,91472690953	0,538681867819
12,69	0,907571211037	-5,86624554143	16,9684788387
12,7	0,855211333477	-5,42991322843	21,412604249
12,71	0,802851455917	-5,28446912409	12,9283648296
12,72	0,750491578358	-5,23598775598	9,2922622212
12,73	0,698131700798	-5,18750638787	13,7363876314
12,74	0,645771823238	-5,04206228354	25,1833773244
12,75	0,593411945678	-4,55724860243	25,1833773244
12,76	0,558505360638	-4,4118044981	13,7363876315
12,77	0,506145483078	-4,36332312999	9,42693268826
12,78	0,471238898038	-4,31484176187	13,8710580984
12,79	0,418879020479	-4,16939765754	26,1260705931
12,8	0,383972435439	-3,68458397643	29,7621732014
12,81	0,349065850399	-3,49065850399	25,7220591922
12,82	0,314159265359	-3,29673303155	30,7048664703
12,83	0,279252680319	-2,81191935044	30,7048664703
12,84	0,261799387799	-2,61799387799	25,7220591922
12,85	0,226892802759	-2,42406840555	29,7621732014
12,86	0,209439510239	-1,93925472444	26,1260705932
12,87	0,191986217719	-1,7938106201	14,0057285655
12,88	0,174532925199	-1,74532925199	10,3696259571
12,89	0,157079632679	-1,69684788388	18,4498539754
12,9	0,13962634016	-1,50292241144	37,9770716868
12,91	0,12217304764	-0,872664626	50,0974137147
12,92	0,12217304764	-0,242406840556	37,977071687
12,93	0,12217304764	-0,0484813681112	18,5845244426
12,94	0,12217304764	0	11,3123192259
12,95	0,12217304764	0,0484813681112	18,5845244426
12,96	0,12217304764	0,242406840556	37,977071687
12,97	0,12217304764	0,872664626	50,0974137147
12,98	0,13962634016	1,50292241144	37,9770716868
12,99	0,157079632679	1,69684788388	18,4498539754
13	0,174532925199	1,74532925199	10,3696259571
13,01	0,191986217719	1,7938106201	14,0057285655
13,02	0,209439510239	1,93925472444	26,1260705932
13,03	0,226892802759	2,42406840555	29,7621732014
13,04	0,261799387799	2,61799387799	25,7220591922
13,05	0,279252680319	2,81191935044	30,7048664703
13,06	0,314159265359	3,29673303155	30,7048664703
13,07	0,349065850399	3,49065850399	25,7220591922
13,08	0,383972435439	3,68458397643	29,7621732014
13,09	0,418879020479	4,16939765754	26,1260705931
13,1	0,471238898038	4,31484176187	13,8710580984
13,11	0,506145483078	4,36332312999	9,42693268826
13,12	0,558505360638	4,4118044981	13,7363876315
13,13	0,593411945678	4,55724860243	25,3180477914
13,14	0,645771823238	5,04206228354	25,9914001262
13,15	0,698131700798	5,18750638787	17,3724902397
13,16	0,750491578358	5,28446912409	16,6991379048
13,17	0,802851455917	5,42991322843	22,2206270509
13,18	0,855211333477	5,86624554143	16,9684788389
13,19	0,925024503557	5,91472690954	-0,269340934011
13,2	0,977384381117	5,62383870087	0,942693268743
13,21	1,02974425868	5,91472690953	5,11747774505
13,22	1,09955742876	5,91472690954	-4,04011400924
13,23	1,15191730632	5,62383870087	3,63610260831
13,24	1,20427718388	5,96320827765	12,2550124948
13,25	1,27409035396	6,06017101387	4,44412541027
13,26	1,32645023152	6,06017101387	-4,44412541016
13,27	1,3962634016	5,96320827765	-12,3896829618
13,28	1,44862327916	5,62383870087	-4,57879587722
13,29	1,50098315672	5,91472690953	-0,538681867848
13,3	1,57079632679	5,86624554143	-16,9684788388
13,31	1,62315620435	5,42991322843	-21,2779337821
13,32	1,67551608191	5,28446912409	-12,1203420278
13,33	1,72787595947	5,23598775598	-5,52148914595
13,34	1,78023583703	5,23598775598	-5,65615961294
13,35	1,83259571459	5,18750638787	-12,9283648296
13,36	1,88495559215	5,04206228354	-25,0487068573
13,37	1,93731546971	4,55724860243	-25,1833773243
13,38	1,97222205475	4,4118044981	-13,7363876315
13,39	2,02458193231	4,36332312999	-9,56160315526
13,4	2,05948851735	4,31484176187	-14,6790809003
13,41	2,11184839491	4,16939765754	-29,8968436684
13,42	2,14675497995	3,63610260832	-37,8424012199
13,43	2,18166156499	3,34521439966	-37,8424012199
13,44	2,21656815003	2,81191935044	-29,8968436685
13,45	2,23402144255	2,6664752461	-14,8137513672
13,46	2,26892802759	2,61799387799	-10,504296424
13,47	2,28638132011	2,56951250988	-18,3151835086
13,48	2,32128790515	2,37558703744	-37,169048885
13,49	2,33874119767	1,745329252	-46,4613111063
13,5	2,35619449019	1,16355283467	-30,7048664703
13,51	2,35619449019	1,06659009844	-9,96561455626
13,52	2,37364778271	1,30899693899	-18,4498539756
13,53	2,39110107523	0,824183257885	-38,5157535548
13,54	2,39110107523	0,242406840554	-34,3409690785
13,55	2,39110107523	0,0484813681109	-22,0859565838
13,56	2,39110107523	-0,0484813681109	-22,0859565838
13,57	2,39110107523	-0,242406840554	-34,3409690785
13,58	2,39110107523	-0,824183257885	-38,5157535548
13,59	2,37364778271	-1,30899693899	-18,4498539756
13,6	2,35619449019	-1,06659009844	-9,96561455626
13,61	2,35619449019	-1,16355283467	-30,7048664703
13,62	2,33874119767	-1,745329252	-46,4613111063
13,63	2,32128790515	-2,37558703744	-37,169048885
13,64	2,28638132011	-2,56951250988	-18,3151835086
13,65	2,26892802759	-2,61799387799	-10,504296424
13,66	2,23402144255	-2,6664752461	-14,8137513672
13,67	2,21656815003	-2,81191935044	-29,7621732015
13,68	2,18166156499	-3,34521439966	-37,0343784181
13,69	2,14675497995	-3,63610260832	-34,2062986116
13,7	2,11184839491	-4,12091628943	-22,6246384518
13,71	2,05948851735	-4,16939765754	-6,06017101389
13,72	2,02458193231	-3,92699081699	-16,6991379049
13,73	1,98967534727	-4,4118044981	-33,8022872107
13,74	1,93731546971	-4,94509954732	-22,3552975178
13,75	1,88495559215	-4,99358091543	-0,808022801774
13,76	1,83259571459	-4,65421133865	-5,11747774501
13,77	1,79768912955	-4,79965544298	-33,8022872107
13,78	1,74532925199	-5,67232006898	-33,6676167438
13,79	1,67551608191	-5,81776417332	-4,1747844763
13,8	1,62315620435	-5,47839459654	3,77077307534
13,81	1,57079632679	-5,47839459654	-10,369625957
13,82	1,51843644924	-5,86624554142	-12,5243534287
13,83	1,44862327916	-5,91472690954	0,40401140082
13,84	1,3962634016	-5,62383870087	-4,44412541016
13,85	1,34390352404	-5,96320827765	-12,3896829616
13,86	1,27409035396	-6,06017101387	-4,44412541008
13,87	1,2217304764	-6,06017101387	4,44412541011
13,88	1,15191730632	-5,96320827765	12,3896829616
13,89	1,09955742876	-5,62383870087	4,5787958772
13,9	1,0471975512	-5,91472690953	0,538681867955
13,91	0,977384381117	-5,86624554142	16,9684788388
13,92	0,925024503557	-5,42991322843	21,2779337819
13,93	0,872664625997	-5,2844691241	11,9856715608
13,94	0,820304748437	-5,23598775598	4,71346634419
13,95	0,767944870877	-5,23598775598	1,88538653764
13,96	0,715584993318	-5,23598775598	4,84813681112
13,97	0,663225115758	-5,18750638787	12,9283648296
13,98	0,610865238198	-5,04206228354	25,9914001261
13,99	0,558505360638	-4,55724860243	29,7621732014
14	0,523598775598	-4,36332312999	25,5873887251
14,01	0,471238898038	-4,16939765754	29,7621732015
14,02	0,436332312999	-3,68458397643	26,1260705932
14,03	0,401425727959	-3,5391398721	14,0057285654
14,04	0,366519142919	-3,49065850399	10,23495549
14,05	0,331612557879	-3,44217713588	17,5071607067
14,06	0,296705972839	-3,24825166343	33,3982758097
14,07	0,261799387799	-2,6664752461	38,3810830879
14,08	0,244346095279	-2,18166156499	18,4498539756
14,09	0,226892802759	-2,42406840555	9,96561455613
14,1	0,191986217719	-2,32710566933	30,8395369373
14,11	0,174532925199	-1,74532925199	47,2693339082
14,12	0,157079632679	-1,11507146655	40,8051514934
14,13	0,157079632679	-0,872664625996	25,7220591922
14,14	0,13962634016	-0,727220521664	19,7965586452
14,15	0,13962634016	-0,387850944888	10,5042964239
14,16	0,13962634016	-0,630257785445	13,4670466975
14,17	0,12217304764	-0,436332313001	42,0171856963
14,18	0,12217304764	0,484813681112	46,4613111065
14,19	0,13962634016	0,775701889778	25,7220591922
14,2	0,13962634016	0,872664625997	14,1403990322
14,21	0,157079632679	0,921145994107	15,621774169
14,22	0,157079632679	1,06659009844	30,0315141354
14,23	0,174532925199	1,59988514766	37,9770716869
14,24	0,191986217719	1,89077335633	38,6504240219
14,25	0,209439510239	2,42406840555	33,6676167438
14,26	0,244346095279	2,61799387799	22,8939793858
14,27	0,261799387799	2,76343798233	22,6246384517
14,28	0,296705972839	3,15128892721	17,5071607066
14,29	0,331612557879	3,00584482288	21,143263315
14,3	0,349065850399	3,49065850399	30,3008550694
14,31	0,401425727959	3,92699081699	14,6790809003
14,32	0,436332312999	3,68458397643	9,02292128735
14,33	0,471238898038	3,78154671265	29,6275027345
14,34	0,506145483078	4,36332312999	41,8825152292
14,35	0,558505360638	4,94509954732	25,1833773243
14,36	0,610865238198	4,99358091543	-2,82807980649
14,37	0,663225115758	4,60572997054	-5,6561596129
14,38	0,698131700798	4,60572997054	17,9111721076
14,39	0,750491578358	5,09054365165	32,4555825409
14,4	0,802851455917	5,38143186032	33,1289348759
14,41	0,855211333477	5,86624554143	21,412604249
14,42	0,925024503557	5,91472690954	0,673352334813
14,43	0,977384381117	5,62383870087	1,07736373572
14,44	1,02974425868	5,91472690953	4,98280727807
14,45	1,09955742876	5,91472690954	-4,84813681109
14,46	1,15191730632	5,62383870087	-3,54777935425E-012
14,47	1,20427718388	5,91472690953	4,84813681119
14,48	1,27409035396	5,91472690954	-4,84813681098
14,49	1,32645023152	5,62383870087	8,78309770592E-013
14,5	1,37881010908	5,91472690954	4,84813681098
14,51	1,44862327916	5,91472690953	-4,98280727814
14,52	1,50098315672	5,62383870087	-0,942693268772
14,53	1,55334303427	5,91472690954	0,269340934004
14,54	1,62315620435	5,86624554143	-16,9684788389
14,55	1,67551608191	5,42991322843	-22,2206270509
14,56	1,72787595947	5,28446912409	-16,6991379049
14,57	1,78023583703	5,18750638787	-17,3724902397
14,58	1,83259571459	5,04206228354	-25,9914001261
14,59	1,88495559215	4,55724860243	-25,3180477912
14,6	1,91986217719	4,4118044981	-13,7363876314
14,61	1,97222205475	4,36332312999	-9,42693268831
14,62	2,00712863979	4,31484176187	-13,7363876315
14,63	2,05948851735	4,16939765754	-25,3180477913
14,64	2,09439510239	3,68458397643	-25,9914001262
14,65	2,12930168743	3,5391398721	-17,5071607068
14,66	2,16420827247	3,44217713588	-17,6418311737
14,67	2,19911485751	3,29673303154	-26,9340933949
14,68	2,23402144255	2,81191935044	-29,8968436684
14,69	2,25147473507	2,61799387799	-25,7220591922
14,7	2,28638132011	2,42406840555	-30,7048664704
14,71	2,30383461263	1,93925472444	-30,7048664703
14,72	2,32128790515	1,74532925199	-25,8567296591
14,73	2,33874119767	1,55140377955	-30,7048664702
14,74	2,35619449019	1,06659009844	-30,7048664703
14,75	2,35619449019	0,872664625997	-25,7220591923
14,76	2,37364778271	0,678739153553	-29,8968436685
14,77	2,37364778271	0,193925472444	-26,934093395
14,78	2,37364778271	0,0484813681109	-17,6418311737
14,79	2,37364778271	-0,0484813681109	-17,6418311737
14,8	2,37364778271	-0,193925472444	-26,934093395
14,81	2,37364778271	-0,678739153553	-29,8968436685
14,82	2,35619449019	-0,872664625997	-25,7220591923
14,83	2,35619449019	-1,06659009844	-30,7048664703
14,84	2,33874119767	-1,55140377955	-30,7048664702
14,85	2,32128790515	-1,74532925199	-25,8567296591
14,86	2,30383461263	-1,93925472444	-30,7048664703
14,87	2,28638132011	-2,42406840555	-30,7048664704
14,88	2,25147473507	-2,61799387799	-25,7220591922
14,89	2,23402144255	-2,81191935044	-29,8968436684
14,9	2,19911485751	-3,29673303154	-26,9340933949
14,91	2,16420827247	-3,44217713588	-17,6418311737
14,92	2,12930168743	-3,5391398721	-17,5071607068
14,93	2,09439510239	-3,68458397643	-25,9914001262
14,94	2,05948851735	-4,16939765754	-25,3180477913
14,95	2,00712863979	-4,31484176187	-13,7363876315
14,96	1,97222205475	-4,36332312999	-9,42693268831
14,97	1,91986217719	-4,4118044981	-13,7363876314
14,98	1,88495559215	-4,55724860243	-25,1833773242
14,99	1,83259571459	-5,04206228354	-25,1833773243
15	1,78023583703	-5,18750638787	-13,7363876314
15,01	1,72787595947	-5,23598775598	-9,29226222124
15,02	1,67551608191	-5,28446912409	-12,9283648296
15,03	1,62315620435	-5,42991322843	-21,412604249
15,04	1,57079632679	-5,86624554143	-16,8338083718
15,05	1,50098315672	-5,91472690953	0,269340934005
15,06	1,44862327916	-5,62383870087	-0,942693268879
15,07	1,3962634016	-5,91472690954	-4,98280727812
15,08	1,32645023152	-5,91472690954	4,84813681114
15,09	1,27409035396	-5,62383870087	5,6177285046E-011
15,1	1,2217304764	-5,91472690953	-4,84813681114
15,11	1,15191730632	-5,91472690954	4,98280727801
15,12	1,09955742876	-5,62383870087	0,942693268879
15,13	1,0471975512	-5,91472690953	-0,269340933893
15,14	0,977384381117	-5,86624554142	16,8338083718
15,15	0,925024503557	-5,42991322843	21,2779337819
15,16	0,872664625997	-5,2844691241	12,1203420278
15,17	0,820304748437	-5,23598775598	5,52148914604
15,18	0,767944870877	-5,23598775598	5,65615961293
15,19	0,715584993318	-5,18750638787	12,9283648296
15,2	0,663225115758	-5,04206228354	25,0487068574
15,21	0,610865238198	-4,55724860243	25,1833773243
15,22	0,575958653158	-4,4118044981	13,7363876314
15,23	0,523598775598	-4,36332312999	9,42693268818
15,24	0,488692190558	-4,31484176188	13,8710580984
15,25	0,436332312999	-4,16939765754	26,1260705932
15,26	0,401425727959	-3,68458397643	29,7621732015
15,27	0,366519142919	-3,49065850399	25,7220591921
15,28	0,331612557879	-3,29673303155	30,7048664702
15,29	0,296705972839	-2,81191935044	30,7048664703
15,3	0,279252680319	-2,61799387799	25,7220591922
15,31	0,244346095279	-2,42406840555	29,8968436684
15,32	0,226892802759	-1,93925472444	26,9340933949
15,33	0,209439510239	-1,79381062011	17,6418311738
15,34	0,191986217719	-1,69684788388	17,6418311738
15,35	0,174532925199	-1,55140377955	26,934093395
15,36	0,157079632679	-1,06659009844	29,8968436684
15,37	0,157079632679	-0,872664625996	25,7220591922
15,38	0,13962634016	-0,678739153552	30,7048664702
15,39	0,13962634016	-0,193925472444	30,7048664702
15,4	0,13962634016	0	25,8567296591
15,41	0,13962634016	0,193925472444	30,7048664702
15,42	0,13962634016	0,678739153552	30,7048664702
15,43	0,157079632679	0,872664625996	25,8567296591
15,44	0,157079632679	1,06659009844	30,7048664703
15,45	0,174532925199	1,55140377955	30,7048664703
15,46	0,191986217719	1,74532925199	25,7220591923
15,47	0,209439510239	1,93925472444	29,7621732015
15,48	0,226892802759	2,42406840555	26,1260705931
15,49	0,261799387799	2,56951250988	14,0057285654
15,5	0,279252680319	2,61799387799	10,3696259571
15,51	0,314159265359	2,6664752461	18,3151835086
15,52	0,331612557879	2,86040071855	37,169048885
15,53	0,366519142919	3,49065850399	46,4613111063
15,54	0,401425727959	4,07243492132	30,5701960033
15,55	0,453785605519	4,16939765754	9,0229212873
15,56	0,488692190558	3,92699081699	13,8710580984
15,57	0,523598775598	4,36332312999	26,530081994
15,58	0,575958653158	4,79965544298	12,9283648296
15,59	0,628318530718	4,55724860243	4,30945494324
15,6	0,663225115758	4,60572997054	17,9111721077
15,61	0,715584993318	5,04206228354	22,3552975178
15,62	0,767944870877	5,18750638787	16,5644674379
15,63	0,820304748437	5,28446912409	16,564467438
15,64	0,872664625997	5,42991322843	22,2206270509
15,65	0,925024503557	5,86624554143	16,9684788388
15,66	0,994837673637	5,91472690953	-0,269340934005
15,67	1,0471975512	5,62383870087	0,942693268879
15,68	1,09955742876	5,91472690954	4,98280727812
15,69	1,16937059884	5,91472690954	-4,84813681114
15,7	1,2217304764	5,62383870087	-5,09246965584E-011
15,71	1,27409035396	5,91472690953	4,84813681117
15,72	1,34390352404	5,91472690954	-4,98280727796
15,73	1,3962634016	5,62383870087	-0,942693268824
15,74	1,44862327916	5,91472690954	0,269340933841
15,75	1,51843644924	5,86624554142	-16,8338083719
15,76	1,57079632679	5,42991322843	-21,277933782
15,77	1,62315620435	5,2844691241	-11,9856715608
15,78	1,67551608191	5,23598775598	-4,71346634415
15,79	1,72787595947	5,23598775598	-1,88538653761
15,8	1,78023583703	5,23598775598	-4,84813681109
15,81	1,83259571459	5,18750638787	-12,9283648296
15,82	1,88495559215	5,04206228354	-25,9914001261
15,83	1,93731546971	4,55724860243	-29,7621732014
15,84	1,97222205475	4,36332312999	-25,5873887253
15,85	2,02458193231	4,16939765754	-29,7621732015
15,86	2,05948851735	3,68458397643	-26,1260705931
15,87	2,09439510239	3,5391398721	-14,0057285654
15,88	2,12930168743	3,49065850399	-10,2349554902
15,89	2,16420827247	3,44217713588	-17,5071607067
15,9	2,19911485751	3,24825166343	-33,3982758097
15,91	2,23402144255	2,6664752461	-38,3810830878
15,92	2,25147473507	2,18166156499	-18,4498539755
15,93	2,26892802759	2,42406840555	-9,96561455612
15,94	2,30383461263	2,32710566933	-30,7048664703
15,95	2,32128790515	1,74532925199	-46,4613111063
15,96	2,33874119767	1,11507146655	-37,169048885
15,97	2,33874119767	0,921145994111	-18,4498539755
15,98	2,35619449019	0,872664626	-11,312319226
15,99	2,35619449019	0,824183257886	-18,4498539757
16	2,37364778271	0,630257785442	-37,1690488851
16,01	2,37364778271	0	-46,4613111063
16,02	2,37364778271	-0,58177641733	-30,7048664703
16,03	2,35619449019	-0,678739153553	-9,9656145562
16,04	2,35619449019	-0,436332312999	-18,4498539757
16,05	2,35619449019	-0,921145994111	-38,5157535548
16,06	2,33874119767	-1,50292241144	-34,2062986115
16,07	2,32128790515	-1,69684788388	-21,2779337819
16,08	2,30383461263	-1,7938106201	-18,4498539756
16,09	2,28638132011	-1,93925472444	-27,068763862
16,1	2,26892802759	-2,42406840555	-29,8968436684
16,11	2,23402144255	-2,61799387799	-25,5873887252
16,12	2,21656815003	-2,81191935044	-29,8968436685
16,13	2,18166156499	-3,29673303154	-26,934093395
16,14	2,14675497995	-3,44217713588	-17,6418311737
16,15	2,11184839491	-3,5391398721	-17,5071607067
16,16	2,07694180987	-3,68458397643	-25,9914001261
16,17	2,04203522483	-4,16939765754	-25,3180477912
16,18	1,98967534727	-4,31484176187	-13,7363876314
16,19	1,95476876223	-4,36332312998	-9,42693268828
16,2	1,90240888467	-4,4118044981	-13,7363876315
16,21	1,86750229963	-4,55724860243	-25,3180477913
16,22	1,81514242207	-5,04206228354	-25,9914001261
16,23	1,76278254451	-5,18750638787	-17,3724902398
16,24	1,71042266695	-5,28446912409	-16,5644674379
16,25	1,65806278939	-5,42991322842	-21,412604249
16,26	1,60570291183	-5,86624554142	-13,3323762306
16,27	1,53588974175	-5,86624554143	7,67621661749
16,28	1,4835298642	-5,47839459654	8,34956895248
16,29	1,43116998664	-5,47839459654	-9,42693268817
16,3	1,37881010908	-5,86624554142	-12,2550124947
16,31	1,308996939	-5,91472690954	1,21203420272
16,32	1,25663706144	-5,62383870087	-0,808022801792
16,33	1,20427718388	-5,91472690953	-4,98280727801
16,34	1,1344640138	-5,91472690953	4,98280727801
16,35	1,08210413624	-5,62383870087	0,942693268767
16,36	1,02974425868	-5,91472690954	-0,269340933888
16,37	0,959931088597	-5,86624554142	16,8338083719
16,38	0,907571211037	-5,42991322842	21,412604249
16,39	0,855211333477	-5,28446912409	12,9283648296
16,4	0,802851455917	-5,23598775598	9,29226222128
16,41	0,750491578358	-5,18750638787	13,7363876314
16,42	0,698131700798	-5,04206228354	25,1833773243
16,43	0,645771823238	-4,55724860243	25,1833773243
16,44	0,610865238198	-4,4118044981	13,7363876314
16,45	0,558505360638	-4,36332312998	9,4269326882
16,46	0,523598775598	-4,31484176187	13,7363876314
16,47	0,471238898038	-4,16939765754	25,3180477913
16,48	0,436332312999	-3,68458397643	26,1260705932
16,49	0,401425727959	-3,5391398721	18,3151835086
16,5	0,366519142919	-3,44217713588	21,2779337819
16,51	0,331612557879	-3,24825166343	34,2062986115
16,52	0,296705972839	-2,6664752461	38,3810830878
16,53	0,279252680319	-2,18166156499	17,6418311738
16,54	0,261799387799	-2,42406840555	6,19484148086
16,55	0,226892802759	-2,37558703744	22,6246384517
16,56	0,209439510239	-1,89077335633	34,3409690786
16,57	0,191986217719	-1,59988514766	37,977071687
16,58	0,174532925199	-1,06659009844	34,3409690786
16,59	0,174532925199	-0,872664625996	26,530081994
16,6	0,157079632679	-0,678739153552	30,0315141353
16,61	0,157079632679	-0,193925472443	26,9340933949
16,62	0,157079632679	-0,0484813681109	17,6418311737
16,63	0,157079632679	0,0484813681109	17,6418311737
16,64	0,157079632679	0,193925472443	26,9340933949
16,65	0,157079632679	0,678739153552	29,8968436684
16,66	0,174532925199	0,872664625996	25,7220591922
16,67	0,174532925199	1,06659009844	30,7048664703
16,68	0,191986217719	1,55140377955	30,7048664704
16,69	0,209439510239	1,745329252	25,8567296592
16,7	0,226892802759	1,93925472444	30,7048664702
16,71	0,244346095279	2,42406840555	30,7048664702
16,72	0,279252680319	2,61799387799	25,7220591922
16,73	0,296705972839	2,81191935044	29,7621732014
16,74	0,331612557879	3,29673303154	26,126070593
16,75	0,366519142919	3,44217713588	13,8710580983
16,76	0,401425727959	3,49065850399	9,42693268822
16,77	0,436332312999	3,5391398721	13,8710580985
16,78	0,471238898038	3,68458397643	26,1260705931
16,79	0,506145483078	4,16939765754	29,7621732014
16,8	0,558505360638	4,36332312998	25,5873887253
16,81	0,593411945678	4,55724860243	29,7621732015
16,82	0,645771823238	5,04206228354	25,9914001262
16,83	0,698131700798	5,18750638787	12,9283648295
16,84	0,750491578358	5,23598775598	4,71346634403
16,85	0,802851455917	5,23598775598	1,07736373581
16,86	0,855211333477	5,23598775598	1,0773637358
16,87	0,907571211037	5,23598775598	4,57879587713
16,88	0,959931088597	5,28446912409	11,9856715608
16,89	1,01229096616	5,42991322843	21,2779337821
16,9	1,06465084372	5,86624554143	16,8338083718
16,91	1,1344640138	5,91472690953	-0,269340934005
16,92	1,18682389136	5,62383870087	0,942693268879
16,93	1,23918376892	5,91472690954	4,98280727812
16,94	1,308996939	5,91472690954	-4,98280727812
16,95	1,36135681656	5,62383870087	-0,942693268902
16,96	1,41371669412	5,91472690953	0,269340933958
16,97	1,4835298642	5,86624554142	-16,8338083718
16,98	1,53588974175	5,42991322842	-21,277933782
16,99	1,58824961931	5,28446912409	-11,9856715607
17	1,64060949687	5,23598775598	-4,71346634405
17,01	1,69296937443	5,23598775598	-1,88538653771
17,02	1,74532925199	5,23598775598	-4,84813681117
17,03	1,79768912955	5,18750638787	-12,9283648296
17,04	1,85004900711	5,04206228354	-25,9914001261
17,05	1,90240888467	4,55724860243	-29,7621732015
17,06	1,93731546971	4,36332312998	-25,5873887252
17,07	1,98967534727	4,16939765754	-29,7621732014
17,08	2,02458193231	3,68458397643	-25,9914001261
17,09	2,05948851735	3,5391398721	-13,0630352966
17,1	2,09439510239	3,49065850399	-5,79083007996
17,11	2,12930168743	3,49065850399	-6,59885288184
17,12	2,16420827247	3,44217713587	-17,6418311737
17,13	2,19911485751	3,24825166343	-37,8424012198
17,14	2,23402144255	2,61799387799	-50,0974137146
17,15	2,25147473507	1,98773609255	-37,9770716869
17,16	2,26892802759	1,79381062011	-18,4498539755
17,17	2,28638132011	1,745329252	-10,3696259571
17,18	2,30383461263	1,69684788388	-14,0057285655
17,19	2,32128790515	1,55140377955	-26,1260705931
17,2	2,33874119767	1,06659009844	-29,7621732013
17,21	2,33874119767	0,872664626	-25,7220591921
17,22	2,35619449019	0,678739153556	-30,7048664703
17,23	2,35619449019	0,193925472445	-30,7048664704
17,24	2,35619449019	0	-25,8567296593
17,25	2,35619449019	-0,193925472445	-30,7048664704
17,26	2,35619449019	-0,678739153556	-30,7048664703
17,27	2,33874119767	-0,872664626	-25,8567296591
17,28	2,33874119767	-1,06659009844	-30,7048664701
17,29	2,32128790515	-1,55140377955	-30,7048664702
17,3	2,30383461263	-1,74532925199	-25,7220591923
17,31	2,28638132011	-1,93925472444	-29,7621732015
17,32	2,26892802759	-2,42406840555	-26,1260705931
17,33	2,23402144255	-2,56951250988	-14,0057285654
17,34	2,21656815003	-2,61799387799	-10,3696259571
17,35	2,18166156499	-2,6664752461	-18,3151835085
17,36	2,16420827247	-2,86040071854	-37,1690488851
17,37	2,12930168743	-3,49065850399	-46,3266406394
17,38	2,09439510239	-4,07243492132	-29,7621732014
17,39	2,04203522483	-4,16939765754	-5,38681867887
17,4	2,00712863979	-3,87850944887	-6,59885288176
17,41	1,97222205475	-4,21787902565	-18,0458425747
17,42	1,91986217719	-4,36332312999	-21,0085928481
17,43	1,88495559215	-4,55724860243	-28,8194799326
17,44	1,83259571459	-5,04206228354	-25,8567296592
17,45	1,78023583703	-5,18750638787	-13,0630352965
17,46	1,72787595947	-5,23598775598	-5,6561596129
17,47	1,67551608191	-5,23598775598	-5,52148914599
17,48	1,62315620435	-5,28446912409	-11,9856715607
17,49	1,57079632679	-5,42991322842	-20,4699109801
17,5	1,51843644924	-5,86624554142	-13,1977057636
17,51	1,44862327916	-5,86624554143	7,67621661749
17,52	1,3962634016	-5,47839459654	8,34956895248
17,53	1,34390352404	-5,47839459654	-9,42693268817
17,54	1,29154364648	-5,86624554142	-12,2550124948
17,55	1,2217304764	-5,91472690954	1,34670466964
17,56	1,16937059884	-5,62383870087	0,134670466976
17,57	1,11701072128	-5,91472690954	-0,404011400815
17,58	1,0471975512	-5,86624554142	16,8338083719
17,59	0,994837673637	-5,42991322842	21,277933782
17,6	0,942477796077	-5,28446912409	11,9856715607
17,61	0,890117918517	-5,23598775598	4,71346634414
17,62	0,837758040957	-5,23598775598	1,88538653761
17,63	0,785398163397	-5,23598775598	4,84813681109
17,64	0,733038285838	-5,18750638787	12,9283648296
17,65	0,680678408278	-5,04206228354	25,8567296591
17,66	0,628318530718	-4,55724860243	28,8194799326
17,67	0,593411945678	-4,36332312999	21,0085928481
17,68	0,541052068118	-4,21787902565	18,0458425747
17,69	0,506145483078	-3,87850944888	6,59885288178
17,7	0,471238898038	-4,16939765754	5,386818679
17,71	0,418879020479	-4,07243492132	29,7621732014
17,72	0,383972435439	-3,49065850399	46,3266406393
17,73	0,349065850399	-2,86040071855	37,1690488851
17,74	0,331612557879	-2,6664752461	18,3151835086
17,75	0,296705972839	-2,61799387799	10,504296424
17,76	0,279252680319	-2,56951250988	14,8137513672
17,77	0,244346095279	-2,42406840555	29,8968436684
17,78	0,226892802759	-1,89077335633	37,8424012199
17,79	0,209439510239	-1,59988514766	37,84240122
17,8	0,191986217719	-1,06659009844	29,8968436685
17,81	0,191986217719	-0,921145994107	14,8137513673
17,82	0,174532925199	-0,872664625996	10,5042964241
17,83	0,174532925199	-0,824183257885	18,4498539755
17,84	0,157079632679	-0,630257785441	37,9770716868
17,85	0,157079632679	0	50,0974137146
17,86	0,157079632679	0,630257785441	37,9770716868
17,87	0,174532925199	0,824183257885	18,4498539755
17,88	0,174532925199	0,872664625996	10,5042964241
17,89	0,191986217719	0,921145994107	14,8137513673
17,9	0,191986217719	1,06659009844	29,8968436685
17,91	0,209439510239	1,59988514766	37,84240122
17,92	0,226892802759	1,89077335633	37,8424012199
17,93	0,244346095279	2,42406840555	29,8968436684
17,94	0,279252680319	2,56951250988	14,6790809003
17,95	0,296705972839	2,61799387799	9,69627362215
17,96	0,331612557879	2,6664752461	14,6790809003
17,97	0,349065850399	2,81191935044	29,8968436685
17,98	0,383972435439	3,34521439966	37,8424012199
17,99	0,418879020479	3,63610260832	37,8424012199
18	0,453785605519	4,16939765754	29,8968436684
18,01	0,506145483078	4,31484176187	14,6790809003
18,02	0,541052068118	4,36332312998	9,56160315525
18,03	0,593411945678	4,4118044981	13,7363876315
18,04	0,628318530718	4,55724860243	25,1833773243
18,05	0,680678408278	5,04206228354	25,0487068573
18,06	0,733038285838	5,18750638787	12,7936943626
18,07	0,785398163397	5,23598775598	4,71346634411
18,08	0,837758040957	5,23598775598	1,07736373577
18,09	0,890117918517	5,23598775598	1,07736373583
18,1	0,942477796077	5,23598775598	4,57879587714
18,11	0,994837673637	5,28446912409	11,9856715607
18,12	1,0471975512	5,42991322843	21,2779337821
18,13	1,09955742876	5,86624554143	16,8338083719
18,14	1,16937059884	5,91472690954	-0,404011400979
18,15	1,2217304764	5,62383870087	0,134670466918
18,16	1,27409035396	5,91472690953	1,3467046698
18,17	1,34390352404	5,86624554143	-12,2550124946
18,18	1,3962634016	5,47839459654	-9,42693268828
18,19	1,44862327916	5,47839459654	8,34956895237
18,2	1,50098315672	5,86624554142	7,67621661761
18,21	1,57079632679	5,86624554143	-13,3323762304
18,22	1,62315620435	5,42991322843	-21,412604249
18,23	1,67551608191	5,28446912409	-16,564467438
18,24	1,72787595947	5,18750638787	-17,3724902397
18,25	1,78023583703	5,04206228354	-25,9914001261
18,26	1,83259571459	4,55724860243	-25,3180477913
18,27	1,86750229963	4,4118044981	-13,7363876315
18,28	1,91986217719	4,36332312998	-9,42693268825
18,29	1,95476876223	4,31484176187	-13,7363876314
18,3	2,00712863979	4,16939765754	-25,3180477912
18,31	2,04203522483	3,68458397643	-25,9914001261
18,32	2,07694180987	3,5391398721	-17,5071607067
18,33	2,11184839491	3,44217713588	-17,5071607068
18,34	2,14675497995	3,29673303154	-25,9914001262
18,35	2,18166156499	2,81191935043	-25,4527182582
18,36	2,19911485751	2,6664752461	-14,6790809002
18,37	2,23402144255	2,61799387799	-14,0057285653
18,38	2,25147473507	2,52103114177	-25,7220591922
18,39	2,28638132011	2,2301429331	-46,5959815734
18,4	2,30383461263	1,30899693899	-42,9598789651
18,41	2,30383461263	1,11507146655	-18,0458425747
18,42	2,32128790515	1,30899693899	-22,2206270508
18,43	2,33874119767	0,824183257885	-39,1891058896
18,44	2,33874119767	0,242406840554	-33,5329462767
18,45	2,33874119767	0,0484813681109	-17,5071607067
18,46	2,33874119767	0	-10,2349554901
18,47	2,33874119767	-0,0484813681109	-14,0057285654
18,48	2,33874119767	-0,193925472443	-26,1260705931
18,49	2,33874119767	-0,678739153552	-29,8968436684
18,5	2,32128790515	-0,872664625996	-26,530081994
18,51	2,32128790515	-1,06659009844	-34,4756395456
18,52	2,30383461263	-1,59988514766	-38,7850944888
18,53	2,28638132011	-1,89077335633	-37,977071687
18,54	2,26892802759	-2,42406840555	-29,8968436684
18,55	2,23402144255	-2,56951250988	-14,6790809002
18,56	2,21656815003	-2,61799387799	-9,69627362221
18,57	2,18166156499	-2,6664752461	-14,6790809002
18,58	2,16420827247	-2,81191935043	-29,7621732014
18,59	2,12930168743	-3,34521439966	-37,0343784181
18,6	2,09439510239	-3,63610260832	-34,2062986116
18,61	2,05948851735	-4,12091628943	-22,4899679848
18,62	2,00712863979	-4,16939765754	-5,25214821207
18,63	1,97222205475	-3,92699081699	-13,0630352966
18,64	1,93731546971	-4,36332312999	-26,395411527
18,65	1,88495559215	-4,79965544298	-12,9283648295
18,66	1,83259571459	-4,55724860243	-4,44412541014
18,67	1,79768912955	-4,60572997054	-18,7191949095
18,68	1,74532925199	-5,04206228354	-25,9914001262
18,69	1,69296937443	-5,23598775598	-23,8366726546
18,7	1,64060949687	-5,42991322843	-24,9140363903
18,71	1,58824961931	-5,86624554142	-13,3323762304
18,72	1,51843644924	-5,86624554142	11,1776487589
18,73	1,46607657168	-5,42991322843	15,756444636
18,74	1,41371669412	-5,3329504922	-0,134670466966
18,75	1,36135681656	-5,42991322843	-16,6991379049
18,76	1,308996939	-5,86624554143	-15,8911151031
18,77	1,23918376892	-5,91472690954	0,538681867954
18,78	1,18682389136	-5,62383870087	5,6132876125E-011
18,79	1,1344640138	-5,91472690953	-0,40401140098
18,8	1,06465084372	-5,86624554143	16,8338083718
18,81	1,01229096616	-5,42991322843	21,2779337821
18,82	0,959931088597	-5,28446912409	11,9856715608
18,83	0,907571211037	-5,23598775598	4,7134663441
18,84	0,855211333477	-5,23598775598	1,88538653765
18,85	0,802851455917	-5,23598775598	4,84813681112
18,86	0,750491578358	-5,18750638787	12,9283648295
18,87	0,698131700798	-5,04206228354	25,8567296592
18,88	0,645771823238	-4,55724860243	28,8194799327
18,89	0,610865238198	-4,36332312998	21,0085928481
18,9	0,558505360638	-4,21787902565	18,0458425746
18,91	0,523598775598	-3,87850944888	6,59885288171
18,92	0,488692190558	-4,16939765754	5,38681867904
18,93	0,436332312999	-4,07243492132	29,7621732016
18,94	0,401425727959	-3,49065850399	46,3266406393
18,95	0,366519142919	-2,86040071855	37,169048885
18,96	0,349065850399	-2,6664752461	18,3151835086
18,97	0,314159265359	-2,61799387799	10,369625957
18,98	0,296705972839	-2,56951250988	14,0057285653
18,99	0,261799387799	-2,42406840555	26,1260705931
19	0,244346095279	-1,93925472444	29,7621732014
19,01	0,226892802759	-1,745329252	25,7220591922
19,02	0,209439510239	-1,55140377955	30,7048664703
19,03	0,191986217719	-1,06659009844	30,7048664704
19,04	0,191986217719	-0,872664625996	25,8567296592
19,05	0,174532925199	-0,678739153552	30,7048664702
19,06	0,174532925199	-0,193925472443	30,7048664702
19,07	0,174532925199	0	25,8567296591
19,08	0,174532925199	0,193925472443	30,7048664702
19,09	0,174532925199	0,678739153552	30,7048664702
19,1	0,191986217719	0,872664625996	25,7220591922
19,11	0,191986217719	1,06659009844	29,7621732015
19,12	0,209439510239	1,55140377955	26,1260705932
19,13	0,226892802759	1,69684788388	14,0057285653
19,14	0,244346095279	1,74532925199	10,23495549
19,15	0,261799387799	1,7938106201	17,5071607068
19,16	0,279252680319	1,98773609255	33,3982758098
19,17	0,296705972839	2,56951250988	38,3810830878
19,18	0,331612557879	3,05432619099	18,4498539755
19,19	0,366519142919	2,81191935044	9,96561455605
19,2	0,383972435439	2,90888208665	30,7048664702
19,21	0,418879020479	3,49065850399	46,4613111063
19,22	0,453785605519	4,12091628943	37,1690488851
19,23	0,506145483078	4,31484176187	18,1805130416
19,24	0,541052068118	4,36332312998	9,42693268828
19,25	0,593411945678	4,4118044981	9,29226222133
19,26	0,628318530718	4,50876723432	13,3323762305
19,27	0,680678408278	4,84813681109	4,84813681101
19,28	0,733038285838	4,55724860243	1,4813751367
19,29	0,767944870877	4,60572997054	21,547274716
19,3	0,820304748437	5,09054365165	33,1289348759
19,31	0,872664625997	5,38143186032	32,320912074
19,32	0,925024503557	5,86624554143	16,9684788387
19,33	0,994837673637	5,86624554142	-10,3696259571
19,34	1,0471975512	5,42991322842	-15,621774169
19,35	1,09955742876	5,3329504922	0
19,36	1,15191730632	5,42991322842	15,891115103
19,37	1,20427718388	5,86624554142	12,2550124948
19,38	1,27409035396	5,86624554143	-7,81088708447
19,39	1,32645023152	5,47839459654	-8,48423941946
19,4	1,37881010908	5,47839459654	8,48423941935
19,41	1,43116998664	5,86624554142	7,67621661761
19,42	1,50098315672	5,86624554143	-13,1977057635
19,43	1,55334303427	5,42991322843	-20,6045814472
19,44	1,60570291183	5,28446912409	-12,7936943627
19,45	1,65806278939	5,23598775598	-9,15759175427
19,46	1,71042266695	5,18750638787	-12,9283648296
19,47	1,76278254451	5,04206228354	-21,547274716
19,48	1,81514242207	4,60572997054	-17,9111721076
19,49	1,85004900711	4,55724860243	-5,25214821204
19,5	1,90240888467	4,79965544298	-17,5071607068
19,51	1,95476876223	4,31484176187	-38,2464126208
19,52	1,98967534727	3,73306534454	-33,2636053428
19,53	2,02458193231	3,5391398721	-16,6991379049
19,54	2,05948851735	3,49065850399	-6,46418241481
19,55	2,09439510239	3,49065850399	-5,79083007996
19,56	2,12930168743	3,44217713588	-13,0630352966
19,57	2,16420827247	3,29673303154	-25,9914001261
19,58	2,19911485751	2,81191935044	-29,8968436683
19,59	2,21656815003	2,61799387799	-26,530081994
19,6	2,25147473507	2,42406840555	-34,4756395455
19,61	2,26892802759	1,89077335633	-38,7850944887
19,62	2,28638132011	1,59988514766	-37,977071687
19,63	2,30383461263	1,06659009844	-29,8968436685
19,64	2,30383461263	0,921145994107	-14,6790809003
19,65	2,32128790515	0,872664625996	-9,6962736222
19,66	2,32128790515	0,824183257885	-14,6790809002
19,67	2,33874119767	0,678739153552	-29,8968436684
19,68	2,33874119767	0,145444104333	-37,9770716868
19,69	2,33874119767	-0,145444104333	-38,7850944887
19,7	2,33874119767	-0,678739153552	-34,4756395455
19,71	2,32128790515	-0,872664625996	-26,530081994
19,72	2,32128790515	-1,06659009844	-29,8968436684
19,73	2,30383461263	-1,55140377955	-26,1260705932
19,74	2,28638132011	-1,69684788388	-14,0057285654
19,75	2,26892802759	-1,745329252	-10,23495549
19,76	2,25147473507	-1,7938106201	-17,5071607066
19,77	2,23402144255	-1,98773609255	-33,5329462767
19,78	2,21656815003	-2,56951250988	-39,1891058897
19,79	2,18166156499	-3,05432619099	-22,0859565839
19,8	2,14675497995	-2,86040071854	-17,1031493059
19,81	2,12930168743	-3,05432619099	-38,3810830879
19,82	2,09439510239	-3,92699081699	-34,7449804795
19,83	2,04203522483	-4,07243492132	-5,2521482119
19,84	2,00712863979	-3,73306534454	-0,808022801853
19,85	1,97222205475	-3,78154671265	-22,3552975179
19,86	1,93731546971	-4,31484176188	-33,8022872107
19,87	1,88495559215	-4,79965544298	-16,5644674378
19,88	1,83259571459	-4,55724860243	-5,11747774502
19,89	1,79768912955	-4,60572997054	-18,0458425747
19,9	1,74532925199	-5,04206228354	-22,3552975179
19,91	1,69296937443	-5,18750638787	-16,564467438
19,92	1,64060949687	-5,2844691241	-16,4297969708
19,93	1,58824961931	-5,42991322843	-21,2779337819
19,94	1,53588974175	-5,86624554142	-12,5243534287
19,95	1,46607657168	-5,86624554142	11,2853851324
19,96	1,41371669412	-5,42991322842	15,4736366549
19,97	1,36135681656	-5,33295049221	-2,59914001436
19,98	1,308996939	-5,43960950207	-26,1395376437
19,99	1,25663706144	-5,93896759367	-43,7948358666
20	1,18682389136	-6,49650332703	-51,9558661672
