Vernier Format 2
Файл.gmbl 07.12.2019 14:36:10 ,
Новый
Время	Угол	Скорость	Ускорение
t	Угол	v	a
с	rad	rad/с	rad/с²

0	0	0	0
0,01	0	0	0
0,02	0	0	0
0,03	0	0	0
0,04	0	0	0
0,05	0	0	0
0,06	0	0	0
0,07	0	0	0
0,08	0	0	0
0,09	0	0	0
0,1	0	0	0
0,11	0	0	0
0,12	0	0	0
0,13	0	0	0
0,14	0	0	0
0,15	0	0	0
0,16	0	0	0
0,17	0	0	0
0,18	0	0	0
0,19	0	0	0
0,2	0	0	0
0,21	0	0	0
0,22	0	0	0
0,23	0	0	0
0,24	0	0	0
0,25	0	0	0
0,26	0	0	0
0,27	0	0	0
0,28	0	0	0
0,29	0	0	0
0,3	0	0	0
0,31	0	0	0
0,32	0	0	0
0,33	0	0	0
0,34	0	0	0
0,35	0	0	0
0,36	0	0	0
0,37	0	0	0
0,38	0	0	0
0,39	0	0	0
0,4	0	0	0
0,41	0	0	0
0,42	0	0	0
0,43	0	0	0
0,44	0	0	0
0,45	0	0	0
0,46	0	0	0
0,47	0	0	0
0,48	0	0	0
0,49	0	0	0
0,5	0	0	0
0,51	0	0	0
0,52	0	0	0
0,53	0	0	0
0,54	0	0	0
0,55	0	0	0
0,56	0	0	0
0,57	0	0	0
0,58	0	0	0
0,59	0	0	0
0,6	0	0	0
0,61	0	0	0
0,62	0	0	0
0,63	0	0	0
0,64	0	0	0
0,65	0	0	0
0,66	0	0	0
0,67	0	0	0
0,68	0	0	0
0,69	0	0	0
0,7	0	0	0
0,71	0	0	0
0,72	0	0	0
0,73	0	0	0
0,74	0	0	0
0,75	0	0	0
0,76	0	0	0
0,77	0	0	0
0,78	0	0	0
0,79	0	0	0
0,8	0	0	0
0,81	0	0	0
0,82	0	0	0,134670466976
0,83	0	0	0,942693268829
0,84	0	0	4,57879587717
0,85	0	0,0484813681112	11,8510010938
0,86	0	0,193925472445	20,3352405133
0,87	0	0,630257785446	12,2550124948
0,88	0,01745329252	0,630257785446	-12,2550124948
0,89	0,01745329252	0,193925472445	-20,3352405133
0,9	0,01745329252	0,0484813681112	-11,8510010938
0,91	0,01745329252	0	-4,44412541019
0,92	0,01745329252	0	-6,1403428638E-012
0,93	0,01745329252	0	4,57879587714
0,94	0,01745329252	0,0484813681109	12,9283648296
0,95	0,01745329252	0,193925472444	25,9914001261
0,96	0,01745329252	0,678739153552	29,7621732014
0,97	0,0349065850399	0,872664625996	25,5873887252
0,98	0,0349065850399	1,06659009844	29,8968436685
0,99	0,0523598775599	1,55140377955	26,9340933951
1	0,0698131700798	1,69684788388	17,6418311738
1,01	0,0872664625998	1,79381062011	17,5071607067
1,02	0,10471975512	1,93925472444	25,9914001261
1,03	0,12217304764	2,42406840555	25,3180477913
1,04	0,157079632679	2,56951250988	13,7363876315
1,05	0,1745329252	2,61799387799	9,42693268822
1,06	0,209439510239	2,6664752461	13,7363876314
1,07	0,226892802759	2,81191935044	25,1833773243
1,08	0,261799387799	3,29673303155	25,0487068573
1,09	0,296705972839	3,44217713588	12,9283648296
1,1	0,331612557879	3,49065850399	5,65615961294
1,11	0,366519142919	3,49065850399	5,52148914596
1,12	0,401425727959	3,5391398721	12,1203420277
1,13	0,436332312999	3,68458397643	21,277933782
1,14	0,471238898039	4,12091628943	16,9684788388
1,15	0,523598775598	4,16939765754	0,538681867899
1,16	0,558505360638	3,87850944888	4,71346634411
1,17	0,593411945678	4,21787902565	13,1977057635
1,18	0,645771823238	4,31484176187	8,21489848546
1,19	0,680678408278	4,36332312999	3,77077307532
1,2	0,733038285838	4,36332312999	0,808022801901
1,21	0,767944870877	4,36332312999	0,134670467054
1,22	0,820304748437	4,36332312999	-0,134670466975
1,23	0,855211333477	4,36332312999	-0,808022801928
1,24	0,907571211037	4,36332312999	-3,77077307534
1,25	0,942477796077	4,31484176187	-8,21489848548
1,26	0,994837673637	4,21787902565	-13,0630352965
1,27	1,02974425868	3,87850944888	-3,77077307529
1,28	1,06465084372	4,16939765754	4,04011400926
1,29	1,11701072128	4,16939765754	-5,11747774498
1,3	1,15191730632	3,87850944888	-1,07736373572
1,31	1,18682389136	4,16939765754	-0,673352334879
1,32	1,23918376892	4,12091628943	-21,4126042491
1,33	1,27409035396	3,63610260832	-33,2636053428
1,34	1,308996939	3,34521439966	-33,2636053429
1,35	1,34390352404	2,86040071854	-21,547274716
1,36	1,36135681656	2,81191935044	-1,61604560367
1,37	1,3962634016	3,1028075591	-5,79083007994
1,38	1,43116998664	2,76343798232	-17,9111721076
1,39	1,44862327916	2,61799387799	-21,008592848
1,4	1,4835298642	2,42406840555	-28,8194799326
1,41	1,50098315672	1,93925472444	-25,8567296591
1,42	1,51843644924	1,79381062011	-13,0630352965
1,43	1,53588974176	1,745329252	-5,65615961304
1,44	1,55334303428	1,74532925199	-5,65615961307
1,45	1,57079632679	1,69684788388	-13,0630352966
1,46	1,58824961931	1,55140377955	-25,9914001261
1,47	1,60570291183	1,06659009844	-29,7621732013
1,48	1,60570291183	0,872664626	-25,5873887251
1,49	1,62315620435	0,678739153556	-29,8968436685
1,5	1,62315620435	0,193925472445	-26,9340933951
1,51	1,62315620435	0,0484813681112	-17,6418311738
1,52	1,62315620435	-0,0484813681112	-17,5071607068
1,53	1,62315620435	-0,193925472445	-25,9914001263
1,54	1,62315620435	-0,678739153556	-25,3180477913
1,55	1,60570291183	-0,824183257889	-13,7363876313
1,56	1,60570291183	-0,872664625997	-9,56160315507
1,57	1,58824961931	-0,921145994107	-14,6790809002
1,58	1,58824961931	-1,06659009844	-29,7621732014
1,59	1,57079632679	-1,59988514766	-37,0343784181
1,6	1,55334303428	-1,89077335633	-34,0716281447
1,61	1,53588974176	-2,37558703744	-21,681945183
1,62	1,50098315672	-2,42406840555	-1,6160456037
1,63	1,4835298642	-2,13318019688	-5,79083007994
1,64	1,46607657168	-2,47254977366	-17,9111721077
1,65	1,43116998664	-2,61799387799	-21,0085928481
1,66	1,41371669412	-2,81191935044	-28,8194799326
1,67	1,37881010908	-3,29673303154	-25,8567296591
1,68	1,34390352404	-3,44217713588	-13,0630352965
1,69	1,308996939	-3,49065850399	-5,65615961302
1,7	1,27409035396	-3,49065850399	-5,52148914601
1,71	1,23918376892	-3,5391398721	-12,1203420277
1,72	1,20427718388	-3,68458397643	-21,277933782
1,73	1,16937059884	-4,12091628943	-16,9684788388
1,74	1,11701072128	-4,16939765754	-0,538681867951
1,75	1,08210413624	-3,87850944888	-4,71346634419
1,76	1,0471975512	-4,21787902566	-13,1977057635
1,77	0,994837673637	-4,31484176188	-8,21489848538
1,78	0,959931088597	-4,36332312999	-3,77077307524
1,79	0,907571211037	-4,36332312999	-0,808022801823
1,8	0,872664625997	-4,36332312999	-0,13467046697
1,81	0,820304748437	-4,36332312999	0,13467046697
1,82	0,785398163398	-4,36332312999	0,808022801823
1,83	0,733038285838	-4,36332312999	3,77077307524
1,84	0,698131700798	-4,31484176188	8,21489848538
1,85	0,645771823238	-4,21787902566	13,1977057635
1,86	0,610865238198	-3,87850944888	4,71346634419
1,87	0,575958653158	-4,16939765754	0,538681867951
1,88	0,523598775598	-4,12091628943	16,9684788388
1,89	0,488692190558	-3,68458397643	21,277933782
1,9	0,453785605519	-3,5391398721	11,9856715608
1,91	0,418879020479	-3,49065850399	4,71346634417
1,92	0,383972435439	-3,49065850399	1,88538653773
1,93	0,349065850399	-3,49065850399	4,84813681109
1,94	0,314159265359	-3,44217713588	12,7936943625
1,95	0,279252680319	-3,29673303155	25,0487068573
1,96	0,244346095279	-2,81191935044	25,1833773243
1,97	0,226892802759	-2,6664752461	13,7363876315
1,98	0,191986217719	-2,61799387799	9,42693268825
1,99	0,1745329252	-2,56951250988	13,7363876314
2	0,13962634016	-2,42406840555	25,3180477913
2,01	0,12217304764	-1,93925472444	25,9914001262
2,02	0,10471975512	-1,7938106201	17,5071607067
2,03	0,0872664625998	-1,69684788388	17,5071607067
2,04	0,0698131700798	-1,55140377955	25,9914001262
2,05	0,0523598775599	-1,06659009844	25,3180477914
2,06	0,0523598775599	-0,921145994107	13,7363876315
2,07	0,0349065850399	-0,872664625996	9,56160315523
2,08	0,0349065850399	-0,824183257885	14,6790809002
2,09	0,01745329252	-0,678739153552	29,7621732014
2,1	0,01745329252	-0,145444104333	37,034378418
2,11	0,01745329252	0,145444104333	34,2062986116
2,12	0,01745329252	0,630257785441	22,6246384517
2,13	0,0349065850399	0,678739153552	6,19484148084
2,14	0,0349065850399	0,436332312998	17,6418311737
2,15	0,0349065850399	0,921145994107	38,2464126209
2,16	0,0523598775599	1,50292241144	33,2636053429
2,17	0,0698131700798	1,69684788388	16,6991379049
2,18	0,0872664625998	1,745329252	6,46418241471
2,19	0,10471975512	1,74532925199	5,79083007981
2,2	0,12217304764	1,7938106201	13,0630352965
2,21	0,13962634016	1,93925472444	25,8567296593
2,22	0,157079632679	2,42406840555	28,8194799327
2,23	0,191986217719	2,61799387799	21,0085928481
2,24	0,209439510239	2,76343798233	17,9111721076
2,25	0,244346095279	3,1028075591	5,79083007984
2,26	0,279252680319	2,81191935043	1,6160456037
2,27	0,296705972839	2,86040071855	21,547274716
2,28	0,331612557879	3,34521439966	33,1289348758
2,29	0,366519142919	3,63610260832	32,4555825409
2,3	0,401425727959	4,12091628943	17,7765016407
2,31	0,453785605519	4,12091628943	-6,73352334873
2,32	0,488692190558	3,73306534454	-8,21489848546
2,33	0,523598775598	3,73306534454	9,42693268823
2,34	0,558505360638	4,12091628943	12,3896829617
2,35	0,610865238198	4,16939765754	-0,404011400923
2,36	0,645771823238	3,87850944888	4,57879587714
2,37	0,680678408278	4,21787902565	13,1977057635
2,38	0,733038285838	4,31484176187	8,21489848551
2,39	0,767944870877	4,36332312999	3,77077307537
2,4	0,820304748437	4,36332312999	0,673352334873
2,41	0,855211333477	4,36332312999	-0,673352334953
2,42	0,907571211037	4,36332312999	-3,77077307534
2,43	0,942477796077	4,31484176187	-8,21489848548
2,44	0,994837673637	4,21787902565	-13,1977057635
2,45	1,02974425868	3,87850944888	-4,57879587714
2,46	1,06465084372	4,16939765754	0,404011400925
2,47	1,11701072128	4,12091628943	-12,5243534286
2,48	1,15191730632	3,73306534454	-10,369625957
2,49	1,18682389136	3,73306534454	3,77077307534
2,5	1,2217304764	4,07243492132	-4,17478447616
2,51	1,27409035396	3,92699081699	-33,6676167437
2,52	1,308996939	3,05432619099	-33,6676167438
2,53	1,32645023152	2,90888208666	-4,30945494327
2,54	1,36135681656	3,24825166343	2,82807980647
2,55	1,3962634016	3,24825166343	-15,0830923012
2,56	1,43116998664	2,81191935043	-25,3180477912
2,57	1,44862327916	2,61799387799	-24,6446954563
2,58	1,4835298642	2,42406840555	-29,6275027345
2,59	1,50098315672	1,93925472444	-26,1260705931
2,6	1,51843644924	1,79381062011	-13,8710580984
2,61	1,53588974176	1,745329252	-9,42693268834
2,62	1,55334303428	1,69684788388	-13,7363876316
2,63	1,57079632679	1,55140377955	-25,1833773243
2,64	1,58824961931	1,06659009844	-25,1833773243
2,65	1,58824961931	0,921145994107	-13,7363876313
2,66	1,60570291183	0,872664625997	-9,56160315507
2,67	1,60570291183	0,824183257889	-14,6790809002
2,68	1,62315620435	0,678739153556	-29,7621732015
2,69	1,62315620435	0,145444104334	-37,0343784182
2,7	1,62315620435	-0,145444104334	-34,2062986118
2,71	1,62315620435	-0,630257785446	-22,6246384519
2,72	1,60570291183	-0,678739153556	-6,19484148076
2,73	1,60570291183	-0,436332312999	-17,6418311736
2,74	1,60570291183	-0,921145994107	-38,2464126207
2,75	1,58824961931	-1,50292241144	-33,2636053427
2,76	1,57079632679	-1,69684788388	-16,6991379049
2,77	1,55334303428	-1,74532925199	-6,46418241492
2,78	1,53588974176	-1,745329252	-5,79083008002
2,79	1,51843644924	-1,79381062011	-13,0630352965
2,8	1,50098315672	-1,93925472444	-25,8567296591
2,81	1,4835298642	-2,42406840555	-28,8194799326
2,82	1,44862327916	-2,61799387799	-21,008592848
2,83	1,43116998664	-2,76343798232	-17,9111721076
2,84	1,3962634016	-3,1028075591	-5,65615961297
2,85	1,36135681656	-2,81191935044	-0,808022801823
2,86	1,34390352404	-2,86040071854	-17,9111721077
2,87	1,308996939	-3,29673303154	-25,8567296592
2,88	1,27409035396	-3,49065850399	-23,9713431216
2,89	1,23918376892	-3,68458397643	-25,8567296592
2,9	1,20427718388	-4,12091628943	-17,7765016406
2,91	1,15191730632	-4,16939765754	0,134670467109
2,92	1,11701072128	-3,87850944887	-0,942693268823
2,93	1,08210413624	-4,16939765754	-5,11747774517
2,94	1,02974425868	-4,16939765754	4,04011400919
2,95	0,994837673637	-3,87850944888	-3,77077307523
2,96	0,959931088597	-4,21787902565	-13,0630352965
2,97	0,907571211037	-4,31484176187	-8,21489848543
2,98	0,872664625997	-4,36332312999	-3,77077307529
2,99	0,820304748437	-4,36332312999	-0,673352334878
3	0,785398163398	-4,36332312999	0,673352334849
3,01	0,733038285838	-4,36332312999	3,77077307524
3,02	0,698131700798	-4,31484176188	8,21489848538
3,03	0,645771823238	-4,21787902566	13,1977057635
3,04	0,610865238198	-3,87850944888	4,71346634419
3,05	0,575958653158	-4,16939765754	0,538681867951
3,06	0,523598775598	-4,12091628943	16,9684788388
3,07	0,488692190558	-3,68458397643	21,277933782
3,08	0,453785605519	-3,5391398721	11,9856715608
3,09	0,418879020479	-3,49065850399	4,71346634417
3,1	0,383972435439	-3,49065850399	1,88538653773
3,11	0,349065850399	-3,49065850399	4,84813681109
3,12	0,314159265359	-3,44217713588	12,7936943625
3,13	0,279252680319	-3,29673303155	25,0487068573
3,14	0,244346095279	-2,81191935044	25,1833773243
3,15	0,226892802759	-2,6664752461	13,7363876315
3,16	0,191986217719	-2,61799387799	9,42693268826
3,17	0,1745329252	-2,56951250988	13,7363876314
3,18	0,13962634016	-2,42406840555	25,3180477913
3,19	0,12217304764	-1,93925472444	25,9914001262
3,2	0,10471975512	-1,7938106201	17,5071607067
3,21	0,0872664625998	-1,69684788388	17,6418311736
3,22	0,0698131700798	-1,55140377955	26,934093395
3,23	0,0523598775599	-1,06659009844	29,8968436685
3,24	0,0523598775599	-0,872664625996	25,5873887253
3,25	0,0349065850399	-0,678739153552	29,7621732014
3,26	0,0349065850399	-0,193925472444	25,9914001261
3,27	0,0349065850399	-0,0484813681109	13,0630352965
3,28	0,0349065850399	0	5,65615961294
3,29	0,0349065850399	0	5,65615961294
3,3	0,0349065850399	0,0484813681109	13,0630352965
3,31	0,0349065850399	0,193925472444	25,9914001261
3,32	0,0349065850399	0,678739153552	29,7621732014
3,33	0,0523598775599	0,872664625996	25,5873887253
3,34	0,0523598775599	1,06659009844	29,8968436685
3,35	0,0698131700798	1,55140377955	26,934093395
3,36	0,0872664625998	1,69684788388	17,6418311736
3,37	0,10471975512	1,7938106201	17,5071607067
3,38	0,12217304764	1,93925472444	25,9914001262
3,39	0,13962634016	2,42406840555	25,3180477913
3,4	0,1745329252	2,56951250988	13,7363876314
3,41	0,191986217719	2,61799387799	9,42693268826
3,42	0,226892802759	2,6664752461	13,7363876315
3,43	0,244346095279	2,81191935044	25,1833773243
3,44	0,279252680319	3,29673303155	25,0487068573
3,45	0,314159265359	3,44217713588	12,7936943625
3,46	0,349065850399	3,49065850399	4,84813681109
3,47	0,383972435439	3,49065850399	1,88538653773
3,48	0,418879020479	3,49065850399	4,71346634417
3,49	0,453785605519	3,5391398721	11,9856715608
3,5	0,488692190558	3,68458397643	21,277933782
3,51	0,523598775598	4,12091628943	16,9684788388
3,52	0,575958653158	4,16939765754	0,538681867951
3,53	0,610865238198	3,87850944888	4,71346634419
3,54	0,645771823238	4,21787902566	13,1977057635
3,55	0,698131700798	4,31484176188	8,21489848538
3,56	0,733038285838	4,36332312999	3,77077307524
3,57	0,785398163398	4,36332312999	0,673352334849
3,58	0,820304748437	4,36332312999	-0,673352334878
3,59	0,872664625997	4,36332312999	-3,77077307529
3,6	0,907571211037	4,31484176187	-8,21489848543
3,61	0,959931088597	4,21787902565	-13,1977057635
3,62	0,994837673637	3,87850944888	-4,57879587708
3,63	1,02974425868	4,16939765754	0,404011400877
3,64	1,08210413624	4,12091628943	-12,3896829618
3,65	1,11701072128	3,73306534454	-9,5616031552
3,66	1,15191730632	3,73306534454	7,40687568374
3,67	1,18682389136	4,12091628943	3,09742074046
3,68	1,23918376892	4,07243492132	-25,0487068574
3,69	1,27409035396	3,49065850399	-40,9398219604
3,7	1,308996939	2,90888208666	-25,0487068574
3,71	1,32645023152	2,86040071854	2,96275027341
3,72	1,36135681656	3,24825166343	6,46418241481
3,73	1,3962634016	3,24825166343	-14,2750694993
3,74	1,43116998664	2,81191935043	-25,1833773243
3,75	1,44862327916	2,61799387799	-24,6446954563
3,76	1,4835298642	2,42406840555	-29,6275027345
3,77	1,50098315672	1,93925472444	-26,1260705931
3,78	1,51843644924	1,79381062011	-13,8710580984
3,79	1,53588974176	1,745329252	-9,42693268834
3,8	1,55334303428	1,69684788388	-13,8710580985
3,81	1,57079632679	1,55140377955	-26,1260705932
3,82	1,58824961931	1,06659009844	-29,7621732014
3,83	1,58824961931	0,872664625996	-25,5873887252
3,84	1,60570291183	0,678739153552	-29,7621732014
3,85	1,60570291183	0,193925472444	-25,9914001261
3,86	1,60570291183	0,0484813681109	-13,0630352965
3,87	1,60570291183	0	-5,65615961294
3,88	1,60570291183	0	-5,65615961294
3,89	1,60570291183	-0,0484813681109	-13,0630352965
3,9	1,60570291183	-0,193925472444	-25,9914001261
3,91	1,60570291183	-0,678739153552	-29,7621732014
3,92	1,58824961931	-0,872664625996	-25,5873887252
3,93	1,58824961931	-1,06659009844	-29,8968436684
3,94	1,57079632679	-1,55140377955	-26,934093395
3,95	1,55334303428	-1,69684788388	-17,6418311738
3,96	1,53588974176	-1,79381062011	-17,5071607068
3,97	1,51843644924	-1,93925472444	-25,9914001261
3,98	1,50098315672	-2,42406840555	-25,3180477912
3,99	1,46607657168	-2,56951250988	-13,7363876314
4	1,44862327916	-2,61799387799	-9,4269326882
4,01	1,41371669412	-2,6664752461	-13,7363876314
4,02	1,3962634016	-2,81191935044	-25,1833773244
4,03	1,36135681656	-3,29673303155	-25,0487068573
4,04	1,32645023152	-3,44217713588	-12,7936943626
4,05	1,29154364648	-3,49065850399	-4,84813681109
4,06	1,25663706144	-3,49065850399	-1,88538653765
4,07	1,2217304764	-3,49065850399	-4,71346634411
4,08	1,18682389136	-3,5391398721	-11,9856715607
4,09	1,15191730632	-3,68458397643	-21,277933782
4,1	1,11701072128	-4,12091628943	-16,9684788388
4,11	1,06465084372	-4,16939765754	-0,538681867899
4,12	1,02974425868	-3,87850944888	-4,71346634411
4,13	0,994837673637	-4,21787902565	-13,1977057635
4,14	0,942477796077	-4,31484176187	-8,0802280185
4,15	0,907571211037	-4,36332312999	-2,96275027349
4,16	0,855211333477	-4,36332312999	2,96275027339
4,17	0,820304748437	-4,31484176188	7,94555755155
4,18	0,767944870877	-4,21787902565	12,2550124948
4,19	0,733038285838	-3,87850944887	0,134670466975
4,2	0,698131700798	-4,21787902565	-11,312319226
4,21	0,645771823238	-4,31484176188	-3,36676167441
4,22	0,610865238198	-4,31484176188	9,02292128736
4,23	0,558505360638	-4,16939765754	24,2406840555
4,24	0,523598775598	-3,68458397643	24,9140363903
4,25	0,488692190558	-3,5391398721	12,7936943626
4,26	0,453785605519	-3,49065850399	4,71346634414
4,27	0,418879020479	-3,49065850399	1,07736373585
4,28	0,383972435439	-3,49065850399	1,07736373588
4,29	0,349065850399	-3,49065850399	4,71346634411
4,3	0,314159265359	-3,44217713588	12,7936943625
4,31	0,279252680319	-3,29673303155	25,0487068573
4,32	0,244346095279	-2,81191935044	25,1833773243
4,33	0,226892802759	-2,6664752461	13,7363876315
4,34	0,191986217719	-2,61799387799	9,42693268826
4,35	0,1745329252	-2,56951250988	13,8710580984
4,36	0,13962634016	-2,42406840555	26,1260705932
4,37	0,12217304764	-1,93925472444	29,7621732015
4,38	0,10471975512	-1,74532925199	25,5873887251
4,39	0,0872664625998	-1,55140377955	29,7621732014
4,4	0,0698131700798	-1,06659009844	26,1260705932
4,41	0,0698131700798	-0,921145994108	13,8710580985
4,42	0,0523598775599	-0,872664625996	9,4269326883
4,43	0,0523598775599	-0,824183257885	13,7363876314
4,44	0,0349065850399	-0,678739153552	25,3180477912
4,45	0,0349065850399	-0,193925472444	25,9914001261
4,46	0,0349065850399	-0,0484813681109	17,5071607067
4,47	0,0349065850399	0,0484813681109	17,6418311737
4,48	0,0349065850399	0,193925472444	26,799422928
4,49	0,0349065850399	0,678739153552	28,9541503996
4,5	0,0523598775599	0,872664625996	21,1432633151
4,51	0,0523598775599	1,01810873033	18,8538653766
4,52	0,0698131700798	1,35747830711	10,2349554902
4,53	0,0872664625998	1,11507146655	12,6590238955
4,54	0,0872664625998	1,308996939	38,2464126207
4,55	0,10471975512	2,18166156499	38,2464126208
4,56	0,13962634016	2,37558703743	12,6590238957
4,57	0,157079632679	2,13318019688	10,1002850232
4,58	0,1745329252	2,47254977366	17,9111721076
4,59	0,209439510239	2,61799387799	16,5644674379
4,6	0,226892802759	2,76343798233	16,9684788389
4,61	0,261799387799	3,1028075591	5,52148914599
4,62	0,296705972839	2,81191935044	0,80802280182
4,63	0,314159265359	2,86040071855	17,9111721076
4,64	0,349065850399	3,29673303154	25,8567296591
4,65	0,383972435439	3,49065850399	23,9713431216
4,66	0,418879020479	3,68458397643	25,8567296592
4,67	0,453785605519	4,12091628943	17,7765016408
4,68	0,506145483078	4,16939765754	-0,134670466969
4,69	0,541052068118	3,87850944888	0,942693268744
4,7	0,575958653158	4,16939765754	5,11747774499
4,71	0,628318530718	4,16939765754	-4,04011400926
4,72	0,663225115758	3,87850944888	3,63610260831
4,73	0,698131700798	4,21787902565	12,2550124947
4,74	0,750491578358	4,31484176187	4,44412541016
4,75	0,785398163398	4,31484176187	-4,30945494319
4,76	0,837758040957	4,21787902565	-11,4469896928
4,77	0,872664625997	3,87850944888	5,26739146128E-012
4,78	0,907571211037	4,21787902565	11,3123192259
4,79	0,959931088597	4,31484176187	3,50143214139
4,8	0,994837673637	4,31484176188	-8,08022801842
4,81	1,0471975512	4,16939765754	-19,6618881784
4,82	1,08210413624	3,73306534454	-13,0630352967
4,83	1,11701072128	3,73306534454	7,54154615058
4,84	1,15191730632	4,12091628943	7,40687568374
4,85	1,20427718388	4,12091628943	-14,1403990323
4,86	1,23918376892	3,68458397643	-25,0487068574
4,87	1,27409035396	3,49065850399	-23,8366726546
4,88	1,308996939	3,29673303154	-25,8567296592
4,89	1,34390352404	2,86040071854	-17,9111721077
4,9	1,36135681656	2,81191935044	-0,808022801823
4,91	1,3962634016	3,1028075591	-5,65615961297
4,92	1,43116998664	2,76343798232	-17,9111721076
4,93	1,44862327916	2,61799387799	-21,008592848
4,94	1,4835298642	2,42406840555	-28,9541503996
4,95	1,50098315672	1,93925472444	-26,799422928
4,96	1,51843644924	1,79381062011	-17,5071607067
4,97	1,53588974176	1,69684788388	-16,699137905
4,98	1,55334303428	1,55140377955	-22,3552975179
4,99	1,57079632679	1,11507146655	-18,0458425747
5	1,57079632679	1,06659009844	-5,25214821204
5,01	1,58824961931	1,30899693899	-17,5071607067
5,02	1,60570291183	0,824183257885	-38,2464126208
5,03	1,60570291183	0,242406840554	-33,3982758097
5,04	1,60570291183	0,0484813681109	-17,5071607067
5,05	1,60570291183	0	-10,2349554901
5,06	1,60570291183	-0,0484813681109	-14,0057285654
5,07	1,60570291183	-0,193925472444	-26,1260705931
5,08	1,60570291183	-0,678739153552	-29,7621732014
5,09	1,58824961931	-0,872664625996	-25,5873887252
5,1	1,58824961931	-1,06659009844	-29,7621732014
5,11	1,57079632679	-1,55140377955	-25,9914001262
5,12	1,55334303428	-1,69684788388	-13,0630352967
5,13	1,53588974176	-1,745329252	-5,65615961302
5,14	1,51843644924	-1,745329252	-5,65615961289
5,15	1,50098315672	-1,7938106201	-13,0630352965
5,16	1,4835298642	-1,93925472444	-25,8567296592
5,17	1,46607657168	-2,42406840555	-28,8194799327
5,18	1,43116998664	-2,61799387799	-21,0085928481
5,19	1,41371669412	-2,76343798233	-17,9111721076
5,2	1,37881010908	-3,1028075591	-5,79083007984
5,21	1,34390352404	-2,81191935043	-1,6160456037
5,22	1,32645023152	-2,86040071855	-21,547274716
5,23	1,29154364648	-3,34521439966	-33,1289348758
5,24	1,25663706144	-3,63610260832	-32,4555825409
5,25	1,2217304764	-4,12091628943	-17,7765016407
5,26	1,16937059884	-4,12091628943	6,73352334873
5,27	1,1344640138	-3,73306534454	8,21489848546
5,28	1,09955742876	-3,73306534454	-9,42693268823
5,29	1,06465084372	-4,12091628943	-12,3896829617
5,3	1,01229096616	-4,16939765754	0,404011400923
5,31	0,977384381117	-3,87850944888	-4,57879587714
5,32	0,942477796077	-4,21787902565	-13,1977057635
5,33	0,890117918517	-4,31484176187	-8,08022801853
5,34	0,855211333477	-4,36332312999	-2,96275027352
5,35	0,802851455917	-4,36332312999	2,96275027344
5,36	0,767944870877	-4,31484176188	8,08022801856
5,37	0,715584993318	-4,21787902565	13,1977057636
5,38	0,680678408278	-3,87850944888	4,57879587716
5,39	0,645771823238	-4,16939765754	-0,404011400919
5,4	0,593411945678	-4,12091628943	12,3896829617
5,41	0,558505360638	-3,73306534454	9,42693268823
5,42	0,523598775598	-3,73306534454	-8,21489848545
5,43	0,488692190558	-4,12091628943	-6,73352334873
5,44	0,436332312999	-4,12091628943	17,7765016407
5,45	0,401425727959	-3,63610260832	32,4555825409
5,46	0,366519142919	-3,34521439966	33,1289348759
5,47	0,331612557879	-2,86040071854	21,5472747159
5,48	0,314159265359	-2,81191935044	1,48137513665
5,49	0,279252680319	-3,1028075591	4,84813681106
5,5	0,244346095279	-2,76343798233	13,3323762305
5,51	0,226892802759	-2,6664752461	9,15759175436
5,52	0,191986217719	-2,61799387799	8,48423941943
5,53	0,1745329252	-2,56951250988	13,7363876314
5,54	0,13962634016	-2,42406840555	26,1260705932
5,55	0,12217304764	-1,93925472444	29,7621732015
5,56	0,10471975512	-1,74532925199	25,5873887251
5,57	0,0872664625998	-1,55140377955	29,7621732014
5,58	0,0698131700798	-1,06659009844	26,1260705932
5,59	0,0698131700798	-0,921145994108	13,8710580985
5,6	0,0523598775599	-0,872664625996	9,4269326883
5,61	0,0523598775599	-0,824183257885	13,8710580984
5,62	0,0349065850399	-0,678739153552	26,1260705931
5,63	0,0349065850399	-0,193925472444	29,7621732014
5,64	0,0349065850399	0	25,5873887252
5,65	0,0349065850399	0,193925472444	29,7621732014
5,66	0,0349065850399	0,678739153552	26,1260705931
5,67	0,0523598775599	0,824183257885	13,8710580984
5,68	0,0523598775599	0,872664625996	9,4269326883
5,69	0,0698131700798	0,921145994108	13,7363876315
5,7	0,0698131700798	1,06659009844	25,3180477913
5,71	0,0872664625998	1,55140377955	25,991400126
5,72	0,10471975512	1,69684788388	17,5071607066
5,73	0,12217304764	1,7938106201	17,5071607067
5,74	0,13962634016	1,93925472444	25,9914001262
5,75	0,157079632679	2,42406840555	25,3180477914
5,76	0,191986217719	2,56951250988	13,7363876315
5,77	0,209439510239	2,61799387799	9,42693268821
5,78	0,244346095279	2,6664752461	13,7363876313
5,79	0,261799387799	2,81191935043	25,1833773243
5,8	0,296705972839	3,29673303154	25,0487068574
5,81	0,331612557879	3,44217713588	12,9283648296
5,82	0,366519142919	3,49065850399	5,65615961296
5,83	0,401425727959	3,49065850399	5,52148914597
5,84	0,436332312999	3,5391398721	11,9856715607
5,85	0,471238898039	3,68458397643	20,4699109802
5,86	0,506145483078	4,12091628943	13,1977057635
5,87	0,558505360638	4,12091628943	-7,54154615058
5,88	0,593411945678	3,73306534454	-7,54154615058
5,89	0,628318530718	3,73306534454	13,1977057635
5,9	0,663225115758	4,16939765754	20,4699109802
5,91	0,715584993318	4,31484176187	11,7163306268
5,92	0,750491578358	4,36332312999	3,77077307532
5,93	0,802851455917	4,36332312999	-2,82807980642
5,94	0,837758040957	4,31484176188	-8,0802280184
5,95	0,890117918517	4,21787902566	-13,0630352965
5,96	0,925024503557	3,87850944888	-3,77077307537
5,97	0,959931088597	4,16939765754	4,04011400919
5,98	1,01229096616	4,16939765754	-5,11747774506
5,99	1,0471975512	3,87850944888	-0,942693268828
6	1,08210413624	4,16939765754	0,269340933948
6,01	1,1344640138	4,12091628943	-16,8338083718
6,02	1,16937059884	3,68458397643	-21,277933782
6,03	1,20427718388	3,5391398721	-12,1203420277
6,04	1,23918376892	3,49065850399	-5,52148914599
6,05	1,27409035396	3,49065850399	-5,65615961299
6,06	1,308996939	3,44217713588	-12,9283648297
6,07	1,34390352404	3,29673303154	-25,0487068573
6,08	1,37881010908	2,81191935044	-25,1833773242
6,09	1,3962634016	2,6664752461	-13,7363876314
6,1	1,43116998664	2,61799387799	-9,42693268823
6,11	1,44862327916	2,56951250988	-13,7363876314
6,12	1,4835298642	2,42406840555	-25,3180477913
6,13	1,50098315672	1,93925472444	-25,9914001261
6,14	1,51843644924	1,79381062011	-17,5071607067
6,15	1,53588974176	1,69684788388	-17,5071607068
6,16	1,55334303428	1,55140377955	-25,9914001263
6,17	1,57079632679	1,06659009844	-25,3180477913
6,18	1,57079632679	0,921145994107	-13,7363876314
6,19	1,58824961931	0,872664625996	-9,42693268823
6,2	1,58824961931	0,824183257885	-13,8710580984
6,21	1,60570291183	0,678739153552	-26,1260705931
6,22	1,60570291183	0,193925472444	-29,7621732014
6,23	1,60570291183	0	-25,5873887252
6,24	1,60570291183	-0,193925472444	-29,7621732014
6,25	1,60570291183	-0,678739153552	-26,1260705931
6,26	1,58824961931	-0,824183257885	-13,8710580984
6,27	1,58824961931	-0,872664625996	-9,42693268823
6,28	1,57079632679	-0,921145994107	-13,7363876314
6,29	1,57079632679	-1,06659009844	-25,3180477913
6,3	1,55334303428	-1,55140377955	-25,9914001263
6,31	1,53588974176	-1,69684788388	-17,5071607068
6,32	1,51843644924	-1,79381062011	-17,6418311737
6,33	1,50098315672	-1,93925472444	-26,799422928
6,34	1,4835298642	-2,42406840555	-28,9541503996
6,35	1,44862327916	-2,61799387799	-21,008592848
6,36	1,43116998664	-2,76343798232	-17,9111721076
6,37	1,3962634016	-3,1028075591	-5,65615961297
6,38	1,36135681656	-2,81191935044	-0,673352334847
6,39	1,34390352404	-2,86040071854	-16,9684788388
6,4	1,308996939	-3,29673303154	-21,4126042491
6,41	1,27409035396	-3,44217713588	-12,9283648296
6,42	1,23918376892	-3,49065850399	-9,1575917543
6,43	1,20427718388	-3,5391398721	-12,9283648296
6,44	1,16937059884	-3,68458397643	-21,412604249
6,45	1,1344640138	-4,12091628943	-16,8338083718
6,46	1,08210413624	-4,16939765754	0,269340933948
6,47	1,0471975512	-3,87850944888	-0,942693268828
6,48	1,01229096616	-4,16939765754	-5,11747774506
6,49	0,959931088597	-4,16939765754	4,04011400919
6,5	0,925024503557	-3,87850944888	-3,77077307537
6,51	0,890117918517	-4,21787902566	-13,0630352965
6,52	0,837758040957	-4,31484176188	-8,0802280184
6,53	0,802851455917	-4,36332312999	-2,82807980642
6,54	0,750491578358	-4,36332312999	3,77077307532
6,55	0,715584993318	-4,31484176187	11,7163306268
6,56	0,663225115758	-4,16939765754	20,4699109802
6,57	0,628318530718	-3,73306534454	13,1977057635
6,58	0,593411945678	-3,73306534454	-7,54154615058
6,59	0,558505360638	-4,12091628943	-7,54154615058
6,6	0,506145483078	-4,12091628943	13,1977057635
6,61	0,471238898039	-3,68458397643	20,6045814471
6,62	0,436332312999	-3,5391398721	12,7936943626
6,63	0,401425727959	-3,49065850399	9,15759175428
6,64	0,366519142919	-3,44217713588	12,9283648296
6,65	0,331612557879	-3,29673303155	21,547274716
6,66	0,296705972839	-2,86040071855	17,7765016407
6,67	0,279252680319	-2,81191935043	4,30945494321
6,68	0,244346095279	-3,05432619099	12,9283648295
6,69	0,209439510239	-2,61799387799	26,3954115271
6,7	0,191986217719	-2,18166156499	13,0630352965
6,71	0,1745329252	-2,42406840555	5,25214821201
6,72	0,13962634016	-2,37558703744	22,3552975179
6,73	0,12217304764	-1,89077335633	33,3982758098
6,74	0,10471975512	-1,59988514766	33,3982758097
6,75	0,0872664625998	-1,11507146655	22,3552975177
6,76	0,0872664625998	-1,06659009844	5,25214821194
6,77	0,0698131700798	-1,308996939	13,0630352966
6,78	0,0523598775599	-0,872664625997	26,5300819941
6,79	0,0523598775599	-0,436332312998	13,8710580985
6,8	0,0523598775599	-0,678739153552	8,88825082036
6,81	0,0349065850399	-0,581776417331	29,7621732014
6,82	0,0349065850399	0	42,8252084979
6,83	0,0349065850399	0,581776417331	29,8968436684
6,84	0,0523598775599	0,678739153552	9,83094408918
6,85	0,0523598775599	0,436332312998	18,4498539756
6,86	0,0523598775599	0,921145994108	38,3810830879
6,87	0,0698131700798	1,50292241144	33,2636053428
6,88	0,0872664625998	1,69684788388	16,5644674378
6,89	0,10471975512	1,74532925199	5,65615961283
6,9	0,12217304764	1,74532925199	2,02005700462
6,91	0,13962634016	1,74532925199	4,8481368112
6,92	0,157079632679	1,79381062011	12,9283648297
6,93	0,1745329252	1,93925472444	25,9914001261
6,94	0,191986217719	2,42406840555	29,7621732014
6,95	0,226892802759	2,61799387799	25,5873887253
6,96	0,244346095279	2,81191935044	29,7621732014
6,97	0,279252680319	3,29673303155	25,9914001261
6,98	0,314159265359	3,44217713588	12,9283648295
6,99	0,349065850399	3,49065850399	4,71346634411
7	0,383972435439	3,49065850399	1,07736373588
7,01	0,418879020479	3,49065850399	1,07736373585
7,02	0,453785605519	3,49065850399	4,57879587716
7,03	0,488692190558	3,5391398721	11,9856715608
7,04	0,523598775598	3,68458397643	21,277933782
7,05	0,558505360638	4,12091628943	16,9684788388
7,06	0,610865238198	4,16939765754	0,5386818679
7,07	0,645771823238	3,87850944888	4,57879587714
7,08	0,680678408278	4,21787902565	12,3896829617
7,09	0,733038285838	4,31484176187	4,44412541022
7,1	0,767944870877	4,31484176188	-4,44412541008
7,11	0,820304748437	4,21787902566	-12,2550124947
7,12	0,855211333477	3,87850944888	-3,6361026084
7,13	0,890117918517	4,16939765754	4,04011400919
7,14	0,942477796077	4,16939765754	-5,11747774506
7,15	0,977384381117	3,87850944888	-0,808022801853
7,16	1,01229096616	4,16939765754	1,21203420277
7,17	1,06465084372	4,12091628943	-12,2550124947
7,18	1,09955742876	3,73306534454	-9,5616031552
7,19	1,1344640138	3,73306534454	7,40687568361
7,2	1,16937059884	4,12091628943	3,09742074042
7,21	1,2217304764	4,07243492132	-25,0487068573
7,22	1,25663706144	3,49065850399	-40,9398219603
7,23	1,29154364648	2,90888208666	-25,0487068573
7,24	1,308996939	2,86040071855	2,96275027336
7,25	1,34390352404	3,24825166343	6,46418241478
7,26	1,37881010908	3,24825166343	-14,2750694992
7,27	1,41371669412	2,81191935044	-25,1833773242
7,28	1,43116998664	2,61799387799	-24,6446954564
7,29	1,46607657168	2,42406840555	-29,6275027346
7,3	1,4835298642	1,93925472444	-26,1260705932
7,31	1,50098315672	1,7938106201	-13,8710580983
7,32	1,51843644924	1,745329252	-9,42693268818
7,33	1,53588974176	1,69684788388	-13,8710580985
7,34	1,55334303428	1,55140377955	-25,9914001262
7,35	1,57079632679	1,06659009844	-28,8194799327
7,36	1,57079632679	0,872664625996	-21,1432633151
7,37	1,58824961931	0,727220521663	-18,8538653765
7,38	1,58824961931	0,387850944887	-10,2349554901
7,39	1,58824961931	0,630257785441	-12,6590238956
7,4	1,60570291183	0,436332312998	-38,2464126208
7,41	1,60570291183	-0,436332312998	-38,2464126208
7,42	1,58824961931	-0,630257785441	-12,6590238956
7,43	1,58824961931	-0,387850944887	-10,2349554901
7,44	1,58824961931	-0,727220521663	-18,8538653765
7,45	1,57079632679	-0,872664625996	-21,1432633151
7,46	1,57079632679	-1,06659009844	-28,8194799327
7,47	1,55334303428	-1,55140377955	-25,8567296593
7,48	1,53588974176	-1,69684788388	-13,0630352966
7,49	1,51843644924	-1,745329252	-5,79083007986
7,5	1,50098315672	-1,74532925199	-6,46418241474
7,51	1,4835298642	-1,7938106201	-16,6991379049
7,52	1,46607657168	-1,98773609255	-33,2636053429
7,53	1,44862327916	-2,56951250988	-38,2464126209
7,54	1,41371669412	-3,05432619099	-17,5071607067
7,55	1,37881010908	-2,81191935044	-5,25214821194
7,56	1,36135681656	-2,86040071854	-17,9111721076
7,57	1,32645023152	-3,29673303154	-21,4126042491
7,58	1,29154364648	-3,44217713588	-12,1203420278
7,59	1,25663706144	-3,49065850399	-5,52148914599
7,6	1,2217304764	-3,49065850399	-5,52148914597
7,61	1,18682389136	-3,5391398721	-12,1203420277
7,62	1,15191730632	-3,68458397643	-21,277933782
7,63	1,11701072128	-4,12091628943	-16,8338083718
7,64	1,06465084372	-4,16939765754	0,269340933949
7,65	1,02974425868	-3,87850944888	-0,942693268823
7,66	0,994837673637	-4,16939765754	-5,11747774504
7,67	0,942477796077	-4,16939765754	4,04011400924
7,68	0,907571211037	-3,87850944888	-3,63610260832
7,69	0,872664625997	-4,21787902565	-12,2550124947
7,7	0,820304748437	-4,31484176187	-4,44412541017
7,71	0,785398163398	-4,31484176187	4,44412541014
7,72	0,733038285838	-4,21787902565	12,3896829616
7,73	0,698131700798	-3,87850944888	4,57879587708
7,74	0,663225115758	-4,16939765754	0,404011400977
7,75	0,610865238198	-4,12091628943	16,0257855701
7,76	0,575958653158	-3,68458397643	16,6991379049
7,77	0,541052068118	-3,58762124021	0,26934093387
7,78	0,506145483078	-3,68458397643	-14,8137513673
7,79	0,471238898039	-4,12091628943	-6,73352334881
7,8	0,418879020479	-4,07243492132	24,3753545225
7,81	0,383972435439	-3,49065850399	41,6131742953
7,82	0,349065850399	-2,90888208666	28,8194799327
7,83	0,331612557879	-2,81191935044	5,11747774504
7,84	0,296705972839	-3,1028075591	5,65615961297
7,85	0,261799387799	-2,76343798232	13,4670466974
7,86	0,244346095279	-2,6664752461	9,1575917542
7,87	0,209439510239	-2,61799387799	8,48423941938
7,88	0,191986217719	-2,56951250988	13,7363876315
7,89	0,157079632679	-2,42406840555	26,1260705932
7,9	0,13962634016	-1,93925472444	29,6275027346
7,91	0,12217304764	-1,74532925199	24,7793659234
7,92	0,10471975512	-1,55140377955	26,126070593
7,93	0,0872664625998	-1,11507146655	18,8538653763
7,94	0,0872664625998	-1,06659009844	5,38681867891
7,95	0,0698131700798	-1,308996939	17,5071607068
7,96	0,0523598775599	-0,824183257886	38,2464126209
7,97	0,0523598775599	-0,242406840555	33,2636053428
7,98	0,0523598775599	-0,0484813681109	16,6991379049
7,99	0,0523598775599	0	6,59885288177
8	0,0523598775599	0	6,59885288177
8,01	0,0523598775599	0,0484813681109	16,6991379049
8,02	0,0523598775599	0,242406840555	33,2636053428
8,03	0,0523598775599	0,824183257886	38,2464126209
8,04	0,0698131700798	1,308996939	17,5071607068
8,05	0,0872664625998	1,06659009844	5,38681867891
8,06	0,0872664625998	1,11507146655	18,8538653763
8,07	0,10471975512	1,55140377955	26,126070593
8,08	0,12217304764	1,74532925199	24,7793659234
8,09	0,13962634016	1,93925472444	29,6275027346
8,1	0,157079632679	2,42406840555	26,1260705932
8,11	0,191986217719	2,56951250988	13,8710580985
8,12	0,209439510239	2,61799387799	9,42693268821
8,13	0,244346095279	2,6664752461	13,7363876313
8,14	0,261799387799	2,81191935043	25,1833773243
8,15	0,296705972839	3,29673303154	25,0487068574
8,16	0,331612557879	3,44217713588	12,7936943626
8,17	0,366519142919	3,49065850399	4,71346634414
8,18	0,401425727959	3,49065850399	1,0773637358
8,19	0,436332312999	3,49065850399	1,0773637358
8,2	0,471238898039	3,49065850399	4,57879587714
8,21	0,506145483078	3,5391398721	11,9856715607
8,22	0,541052068118	3,68458397643	21,277933782
8,23	0,575958653158	4,12091628943	16,8338083718
8,24	0,628318530718	4,16939765754	-0,269340933949
8,25	0,663225115758	3,87850944888	0,942693268823
8,26	0,698131700798	4,16939765754	5,11747774504
8,27	0,750491578358	4,16939765754	-4,04011400924
8,28	0,785398163398	3,87850944888	3,63610260832
8,29	0,820304748437	4,21787902565	12,1203420277
8,3	0,872664625997	4,31484176187	3,63610260832
8,31	0,907571211037	4,31484176187	-8,08022801848
8,32	0,959931088597	4,16939765754	-19,6618881783
8,33	0,994837673637	3,73306534454	-13,0630352965
8,34	1,02974425868	3,73306534454	7,54154615058
8,35	1,06465084372	4,12091628943	7,54154615058
8,36	1,11701072128	4,12091628943	-13,1977057635
8,37	1,15191730632	3,68458397643	-20,4699109802
8,38	1,18682389136	3,5391398721	-11,9856715607
8,39	1,2217304764	3,49065850399	-5,52148914597
8,4	1,25663706144	3,49065850399	-5,65615961296
8,41	1,29154364648	3,44217713588	-12,9283648296
8,42	1,32645023152	3,29673303154	-25,0487068574
8,43	1,36135681656	2,81191935043	-25,1833773243
8,44	1,37881010908	2,6664752461	-13,7363876313
8,45	1,41371669412	2,61799387799	-9,4269326882
8,46	1,43116998664	2,56951250988	-13,7363876315
8,47	1,46607657168	2,42406840555	-25,1833773244
8,48	1,4835298642	1,93925472444	-25,1833773243
8,49	1,50098315672	1,7938106201	-13,7363876314
8,5	1,51843644924	1,745329252	-9,42693268818
8,51	1,53588974176	1,69684788388	-13,8710580985
8,52	1,55334303428	1,55140377955	-26,1260705932
8,53	1,57079632679	1,06659009844	-29,7621732015
8,54	1,57079632679	0,872664625996	-25,5873887252
8,55	1,58824961931	0,678739153552	-29,7621732014
8,56	1,58824961931	0,193925472444	-26,1260705931
8,57	1,58824961931	0,0484813681109	-13,8710580984
8,58	1,58824961931	0	-9,42693268823
8,59	1,58824961931	-0,0484813681109	-13,7363876314
8,6	1,58824961931	-0,193925472444	-25,1833773243
8,61	1,58824961931	-0,678739153552	-25,1833773243
8,62	1,57079632679	-0,824183257885	-13,7363876314
8,63	1,57079632679	-0,872664625996	-9,56160315523
8,64	1,55334303428	-0,921145994107	-14,6790809003
8,65	1,55334303428	-1,06659009844	-29,7621732015
8,66	1,53588974176	-1,59988514766	-37,0343784181
8,67	1,51843644924	-1,89077335633	-34,0716281446
8,68	1,50098315672	-2,37558703744	-21,6819451829
8,69	1,46607657168	-2,42406840555	-1,61604560373
8,7	1,44862327916	-2,13318019688	-5,79083007988
8,71	1,43116998664	-2,47254977366	-17,9111721076
8,72	1,3962634016	-2,61799387799	-21,0085928481
8,73	1,37881010908	-2,81191935044	-28,8194799326
8,74	1,34390352404	-3,29673303154	-25,8567296592
8,75	1,308996939	-3,44217713588	-12,9283648297
8,76	1,27409035396	-3,49065850399	-4,84813681114
8,77	1,23918376892	-3,49065850399	-1,88538653767
8,78	1,20427718388	-3,49065850399	-4,71346634412
8,79	1,16937059884	-3,5391398721	-11,9856715607
8,8	1,1344640138	-3,68458397643	-21,277933782
8,81	1,09955742876	-4,12091628943	-16,8338083718
8,82	1,0471975512	-4,16939765754	0,269340933949
8,83	1,01229096616	-3,87850944888	-0,942693268824
8,84	0,977384381117	-4,16939765754	-4,98280727807
8,85	0,925024503557	-4,16939765754	4,84813681106
8,86	0,890117918517	-3,87850944888	-5,2613469137E-011
8,87	0,855211333477	-4,16939765754	-4,84813681117
8,88	0,802851455917	-4,16939765754	4,84813681109
8,89	0,767944870877	-3,87850944888	7,9820101146E-011
8,9	0,733038285838	-4,16939765754	-4,84813681104
8,91	0,680678408278	-4,16939765754	4,98280727809
8,92	0,645771823238	-3,87850944888	0,942693268828
8,93	0,610865238198	-4,16939765754	-0,269340933948
8,94	0,558505360638	-4,12091628943	16,8338083718
8,95	0,523598775598	-3,68458397643	21,277933782
8,96	0,488692190558	-3,5391398721	11,9856715608
8,97	0,453785605519	-3,49065850399	4,71346634414
8,98	0,418879020479	-3,49065850399	1,8853865377
8,99	0,383972435439	-3,49065850399	4,84813681117
9	0,349065850399	-3,44217713588	12,7936943626
9,01	0,314159265359	-3,29673303154	25,0487068572
9,02	0,279252680319	-2,81191935044	25,1833773242
9,03	0,261799387799	-2,6664752461	13,7363876314
9,04	0,226892802759	-2,61799387799	9,42693268831
9,05	0,209439510239	-2,56951250988	13,7363876314
9,06	0,1745329252	-2,42406840555	25,3180477912
9,07	0,157079632679	-1,93925472444	25,9914001262
9,08	0,13962634016	-1,7938106201	17,5071607068
9,09	0,12217304764	-1,69684788388	17,5071607068
9,1	0,10471975512	-1,55140377955	25,9914001261
9,11	0,0872664625998	-1,06659009844	25,3180477911
9,12	0,0872664625998	-0,921145994111	13,7363876313
9,13	0,0698131700798	-0,872664626	9,42693268831
9,14	0,0698131700798	-0,824183257886	13,8710580985
9,15	0,0523598775599	-0,678739153553	26,1260705932
9,16	0,0523598775599	-0,193925472444	29,7621732014
9,17	0,0523598775599	0	25,5873887252
9,18	0,0523598775599	0,193925472444	29,7621732014
9,19	0,0523598775599	0,678739153553	26,1260705932
9,2	0,0698131700798	0,824183257886	13,8710580985
9,21	0,0698131700798	0,872664626	9,42693268831
9,22	0,0872664625998	0,921145994111	13,7363876313
9,23	0,0872664625998	1,06659009844	25,3180477911
9,24	0,10471975512	1,55140377955	25,9914001261
9,25	0,12217304764	1,69684788388	17,5071607068
9,26	0,13962634016	1,7938106201	17,5071607068
9,27	0,157079632679	1,93925472444	25,9914001262
9,28	0,1745329252	2,42406840555	25,3180477912
9,29	0,209439510239	2,56951250988	13,7363876314
9,3	0,226892802759	2,61799387799	9,42693268831
9,31	0,261799387799	2,6664752461	13,7363876314
9,32	0,279252680319	2,81191935044	25,1833773242
9,33	0,314159265359	3,29673303154	25,0487068572
9,34	0,349065850399	3,44217713588	12,7936943626
9,35	0,383972435439	3,49065850399	4,71346634419
9,36	0,418879020479	3,49065850399	1,07736373585
9,37	0,453785605519	3,49065850399	1,07736373582
9,38	0,488692190558	3,49065850399	4,57879587714
9,39	0,523598775598	3,5391398721	11,9856715607
9,4	0,558505360638	3,68458397643	21,277933782
9,41	0,593411945678	4,12091628943	16,8338083718
9,42	0,645771823238	4,16939765754	-0,269340933949
9,43	0,680678408278	3,87850944888	0,942693268824
9,44	0,715584993318	4,16939765754	5,11747774504
9,45	0,767944870877	4,16939765754	-4,04011400922
9,46	0,802851455917	3,87850944888	3,63610260837
9,47	0,837758040957	4,21787902565	12,1203420278
9,48	0,890117918517	4,31484176188	3,63610260832
9,49	0,925024503557	4,31484176188	-8,08022801856
9,5	0,977384381117	4,16939765754	-19,6618881784
9,51	1,01229096616	3,73306534454	-13,0630352966
9,52	1,0471975512	3,73306534454	7,54154615058
9,53	1,08210413624	4,12091628943	7,54154615058
9,54	1,1344640138	4,12091628943	-13,3323762305
9,55	1,16937059884	3,68458397643	-21,412604249
9,56	1,20427718388	3,5391398721	-16,4297969709
9,57	1,23918376892	3,44217713588	-16,5644674379
9,58	1,27409035396	3,29673303155	-22,2206270509
9,59	1,308996939	2,86040071855	-17,1031493059
9,6	1,32645023152	2,81191935043	-0,673352334898
9,61	1,36135681656	3,1028075591	-5,65615961291
9,62	1,3962634016	2,76343798232	-17,9111721077
9,63	1,41371669412	2,61799387799	-21,0085928481
9,64	1,44862327916	2,42406840555	-28,8194799326
9,65	1,46607657168	1,93925472444	-25,8567296592
9,66	1,4835298642	1,7938106201	-13,0630352966
9,67	1,50098315672	1,74532925199	-5,79083007986
9,68	1,51843644924	1,745329252	-6,46418241473
9,69	1,53588974176	1,69684788388	-16,6991379049
9,7	1,55334303428	1,50292241144	-33,2636053429
9,71	1,57079632679	0,921145994107	-38,2464126209
9,72	1,57079632679	0,436332312998	-17,5071607067
9,73	1,57079632679	0,678739153552	-5,38681867899
9,74	1,58824961931	0,630257785441	-18,8538653765
9,75	1,58824961931	0,193925472444	-26,1260705931
9,76	1,58824961931	0	-24,7793659233
9,77	1,58824961931	-0,193925472444	-29,6275027344
9,78	1,58824961931	-0,678739153552	-26,1260705931
9,79	1,57079632679	-0,824183257885	-13,8710580984
9,8	1,57079632679	-0,872664625996	-9,42693268826
9,81	1,55334303428	-0,921145994107	-13,7363876315
9,82	1,55334303428	-1,06659009844	-25,3180477914
9,83	1,53588974176	-1,55140377955	-25,9914001262
9,84	1,51843644924	-1,69684788388	-17,5071607067
9,85	1,50098315672	-1,7938106201	-17,5071607067
9,86	1,4835298642	-1,93925472444	-25,9914001262
9,87	1,46607657168	-2,42406840555	-25,3180477914
9,88	1,43116998664	-2,56951250988	-13,7363876315
9,89	1,41371669412	-2,61799387799	-9,4269326882
9,9	1,37881010908	-2,6664752461	-13,7363876313
9,91	1,36135681656	-2,81191935043	-25,1833773243
9,92	1,32645023152	-3,29673303154	-25,0487068574
9,93	1,29154364648	-3,44217713588	-12,7936943626
9,94	1,25663706144	-3,49065850399	-4,84813681111
9,95	1,2217304764	-3,49065850399	-1,88538653763
9,96	1,18682389136	-3,49065850399	-4,71346634407
9,97	1,15191730632	-3,5391398721	-11,9856715607
9,98	1,11701072128	-3,68458397643	-21,2779337821
9,99	1,08210413624	-4,12091628943	-16,833808372
10	1,02974425868	-4,16939765754	0,269340933897
10,01	0,994837673637	-3,87850944888	-0,942693268767
10,02	0,959931088597	-4,16939765754	-5,11747774499
10,03	0,907571211037	-4,16939765754	4,04011400926
10,04	0,872664625997	-3,87850944888	-3,63610260831
10,05	0,837758040957	-4,21787902565	-12,1203420277
10,06	0,785398163398	-4,31484176187	-3,63610260832
10,07	0,750491578358	-4,31484176187	8,08022801848
10,08	0,698131700798	-4,16939765754	19,6618881783
10,09	0,663225115758	-3,73306534454	13,0630352965
10,1	0,628318530718	-3,73306534454	-7,54154615058
10,11	0,593411945678	-4,12091628943	-7,54154615058
10,12	0,541052068118	-4,12091628943	13,1977057635
10,13	0,506145483078	-3,68458397643	20,4699109802
10,14	0,471238898039	-3,5391398721	11,9856715607
10,15	0,436332312999	-3,49065850399	5,52148914596
10,16	0,401425727959	-3,49065850399	5,65615961294
10,17	0,366519142919	-3,44217713588	12,9283648296
10,18	0,331612557879	-3,29673303155	25,0487068573
10,19	0,296705972839	-2,81191935044	25,1833773243
10,2	0,279252680319	-2,6664752461	13,7363876314
10,21	0,244346095279	-2,61799387799	9,4269326882
10,22	0,226892802759	-2,56951250988	13,7363876315
10,23	0,191986217719	-2,42406840555	25,1833773243
10,24	0,1745329252	-1,93925472444	25,1833773243
10,25	0,157079632679	-1,79381062011	13,7363876315
10,26	0,13962634016	-1,74532925199	9,42693268836
10,27	0,12217304764	-1,69684788388	13,7363876315
10,28	0,10471975512	-1,55140377955	25,1833773242
10,29	0,0872664625998	-1,06659009844	25,1833773241
10,3	0,0872664625998	-0,921145994111	13,7363876313
10,31	0,0698131700798	-0,872664626	9,56160315528
10,32	0,0698131700798	-0,824183257886	14,6790809004
10,33	0,0523598775599	-0,678739153553	29,8968436685
10,34	0,0523598775599	-0,145444104333	37,8424012199
10,35	0,0523598775599	0,145444104333	37,8424012199
10,36	0,0523598775599	0,678739153553	29,8968436685
10,37	0,0698131700798	0,824183257886	14,6790809004
10,38	0,0698131700798	0,872664626	9,56160315528
10,39	0,0872664625998	0,921145994111	13,7363876313
10,4	0,0872664625998	1,06659009844	25,1833773241
10,41	0,10471975512	1,55140377955	25,1833773242
10,42	0,12217304764	1,69684788388	13,7363876315
10,43	0,13962634016	1,74532925199	9,42693268836
10,44	0,157079632679	1,79381062011	13,7363876315
10,45	0,1745329252	1,93925472444	25,1833773243
10,46	0,191986217719	2,42406840555	25,1833773243
10,47	0,226892802759	2,56951250988	13,7363876315
10,48	0,244346095279	2,61799387799	9,4269326882
10,49	0,279252680319	2,6664752461	13,7363876314
10,5	0,296705972839	2,81191935044	25,1833773243
10,51	0,331612557879	3,29673303155	25,0487068573
10,52	0,366519142919	3,44217713588	12,7936943626
10,53	0,401425727959	3,49065850399	4,84813681109
10,54	0,436332312999	3,49065850399	1,88538653765
10,55	0,471238898039	3,49065850399	4,71346634411
10,56	0,506145483078	3,5391398721	11,8510010938
10,57	0,541052068118	3,68458397643	20,4699109802
10,58	0,575958653158	4,12091628943	13,1977057635
10,59	0,628318530718	4,12091628943	-7,54154615058
10,6	0,663225115758	3,73306534454	-7,54154615058
10,61	0,698131700798	3,73306534454	13,0630352965
10,62	0,733038285838	4,16939765754	19,6618881783
10,63	0,785398163398	4,31484176187	8,08022801848
10,64	0,820304748437	4,31484176187	-3,63610260832
10,65	0,872664625997	4,21787902565	-12,2550124947
10,66	0,907571211037	3,87850944888	-4,44412541016
10,67	0,942477796077	4,16939765754	0,404011400924
10,68	0,994837673637	4,12091628943	-12,3896829617
10,69	1,02974425868	3,73306534454	-9,42693268823
10,7	1,06465084372	3,73306534454	8,34956895243
10,71	1,09955742876	4,12091628943	7,54154615058
10,72	1,15191730632	4,12091628943	-14,1403990323
10,73	1,18682389136	3,68458397643	-25,0487068573
10,74	1,2217304764	3,49065850399	-23,8366726545
10,75	1,25663706144	3,29673303155	-25,8567296592
10,76	1,29154364648	2,86040071855	-17,9111721077
10,77	1,308996939	2,81191935044	-0,808022801933
10,78	1,34390352404	3,1028075591	-5,52148914599
10,79	1,37881010908	2,76343798232	-16,9684788388
10,8	1,3962634016	2,61799387799	-16,5644674379
10,81	1,43116998664	2,47254977366	-17,9111721076
10,82	1,44862327916	2,13318019688	-10,1002850231
10,83	1,46607657168	2,37558703744	-12,5243534287
10,84	1,50098315672	2,18166156499	-37,438389819
10,85	1,51843644924	1,308996939	-34,6103100124
10,86	1,51843644924	1,16355283467	-5,25214821196
10,87	1,53588974176	1,50292241144	-0,808022801934
10,88	1,55334303428	1,45444104333	-22,3552975179
10,89	1,57079632679	0,921145994107	-33,9369576777
10,9	1,57079632679	0,436332312998	-17,5071607067
10,91	1,57079632679	0,678739153552	-9,69627362218
10,92	1,58824961931	0,581776417331	-29,8968436684
10,93	1,58824961931	0	-42,690538031
10,94	1,58824961931	-0,581776417331	-28,9541503996
10,95	1,57079632679	-0,678739153552	-5,25214821201
10,96	1,57079632679	-0,387850944887	-6,59885288177
10,97	1,57079632679	-0,727220521663	-18,0458425746
10,98	1,55334303428	-0,872664625996	-21,0085928481
10,99	1,55334303428	-1,06659009844	-28,8194799327
11	1,53588974176	-1,55140377955	-25,9914001262
11,01	1,51843644924	-1,69684788388	-13,8710580983
11,02	1,50098315672	-1,74532925199	-9,42693268817
11,03	1,4835298642	-1,7938106201	-13,8710580985
11,04	1,46607657168	-1,93925472444	-25,9914001262
11,05	1,44862327916	-2,42406840555	-28,8194799326
11,06	1,41371669412	-2,61799387799	-21,0085928481
11,07	1,3962634016	-2,76343798232	-17,9111721077
11,08	1,36135681656	-3,1028075591	-5,65615961291
11,09	1,32645023152	-2,81191935043	-0,673352334898
11,1	1,308996939	-2,86040071855	-17,1031493059
11,11	1,27409035396	-3,29673303155	-22,2206270509
11,12	1,23918376892	-3,44217713588	-16,5644674379
11,13	1,20427718388	-3,5391398721	-16,4297969709
11,14	1,16937059884	-3,68458397643	-21,412604249
11,15	1,1344640138	-4,12091628943	-13,3323762305
11,16	1,08210413624	-4,12091628943	7,67621661756
11,17	1,0471975512	-3,73306534454	8,34956895243
11,18	1,01229096616	-3,73306534454	-9,42693268823
11,19	0,977384381117	-4,12091628943	-12,2550124947
11,2	0,925024503557	-4,16939765754	1,21203420275
11,21	0,890117918517	-3,87850944888	-0,808022801901
11,22	0,855211333477	-4,16939765754	-4,98280727814
11,23	0,802851455917	-4,16939765754	4,98280727806
11,24	0,767944870877	-3,87850944888	0,808022801928
11,25	0,733038285838	-4,16939765754	-1,21203420272
11,26	0,680678408278	-4,12091628943	12,2550124947
11,27	0,645771823238	-3,73306534454	9,42693268823
11,28	0,610865238198	-3,73306534454	-8,34956895243
11,29	0,575958653158	-4,12091628943	-7,67621661756
11,3	0,523598775598	-4,12091628943	13,1977057635
11,31	0,488692190558	-3,68458397643	20,6045814471
11,32	0,453785605519	-3,5391398721	12,7936943626
11,33	0,418879020479	-3,49065850399	9,29226222131
11,34	0,383972435439	-3,44217713588	13,7363876315
11,35	0,349065850399	-3,29673303154	25,1833773243
11,36	0,314159265359	-2,81191935044	25,1833773242
11,37	0,296705972839	-2,6664752461	13,7363876314
11,38	0,261799387799	-2,61799387799	9,42693268823
11,39	0,244346095279	-2,56951250988	13,7363876314
11,4	0,209439510239	-2,42406840555	25,1833773243
11,41	0,191986217719	-1,93925472444	25,0487068573
11,42	0,1745329252	-1,79381062011	12,9283648296
11,43	0,157079632679	-1,745329252	5,65615961305
11,44	0,13962634016	-1,74532925199	5,65615961307
11,45	0,12217304764	-1,69684788388	13,0630352966
11,46	0,10471975512	-1,55140377955	25,9914001261
11,47	0,0872664625998	-1,06659009844	29,7621732013
11,48	0,0872664625998	-0,872664626	25,5873887251
11,49	0,0698131700798	-0,678739153556	29,7621732015
11,5	0,0698131700798	-0,193925472445	26,1260705932
11,51	0,0698131700798	-0,0484813681112	13,8710580985
11,52	0,0698131700798	0	9,42693268829
11,53	0,0698131700798	0,0484813681112	13,8710580985
11,54	0,0698131700798	0,193925472445	25,9914001262
11,55	0,0698131700798	0,678739153556	28,8194799327
11,56	0,0872664625998	0,872664626	21,1432633149
11,57	0,0872664625998	1,01810873033	18,8538653763
11,58	0,10471975512	1,35747830711	10,23495549
11,59	0,12217304764	1,11507146655	12,6590238957
11,6	0,12217304764	1,308996939	38,2464126209
11,61	0,13962634016	2,18166156499	38,2464126209
11,62	0,1745329252	2,37558703744	12,5243534286
11,63	0,191986217719	2,13318019688	9,29226222126
11,64	0,209439510239	2,47254977366	14,2750694993
11,65	0,244346095279	2,56951250988	9,29226222122
11,66	0,261799387799	2,61799387799	8,4842394194
11,67	0,296705972839	2,6664752461	13,6017171645
11,68	0,314159265359	2,81191935044	25,1833773242
11,69	0,349065850399	3,29673303154	25,0487068573
11,7	0,383972435439	3,44217713588	12,9283648297
11,71	0,418879020479	3,49065850399	5,65615961299
11,72	0,453785605519	3,49065850399	5,52148914599
11,73	0,488692190558	3,5391398721	11,9856715608
11,74	0,523598775598	3,68458397643	20,4699109802
11,75	0,558505360638	4,12091628943	13,1977057635
11,76	0,610865238198	4,12091628943	-7,54154615058
11,77	0,645771823238	3,73306534454	-7,54154615058
11,78	0,680678408278	3,73306534454	13,0630352966
11,79	0,715584993318	4,16939765754	19,6618881784
11,8	0,767944870877	4,31484176188	8,08022801856
11,81	0,802851455917	4,31484176188	-3,63610260832
11,82	0,855211333477	4,21787902565	-12,2550124948
11,83	0,890117918517	3,87850944888	-4,57879587719
11,84	0,925024503557	4,16939765754	-0,404011400949
11,85	0,977384381117	4,12091628943	-16,02578557
11,86	1,01229096616	3,68458397643	-16,6991379049
11,87	1,0471975512	3,58762124021	-0,134670466975
11,88	1,08210413624	3,68458397643	15,6217741691
11,89	1,11701072128	4,12091628943	10,369625957
11,9	1,16937059884	4,12091628943	-16,9684788388
11,91	1,20427718388	3,63610260832	-32,320912074
11,92	1,23918376892	3,34521439966	-33,1289348759
11,93	1,27409035396	2,86040071854	-21,547274716
11,94	1,29154364648	2,81191935044	-1,48137513669
11,95	1,32645023152	3,1028075591	-4,84813681112
11,96	1,36135681656	2,76343798232	-13,3323762305
11,97	1,37881010908	2,6664752461	-9,1575917542
11,98	1,41371669412	2,61799387799	-8,48423941938
11,99	1,43116998664	2,56951250988	-13,7363876315
12	1,46607657168	2,42406840555	-26,1260705932
12,01	1,4835298642	1,93925472444	-29,6275027345
12,02	1,50098315672	1,74532925199	-24,7793659233
12,03	1,51843644924	1,55140377955	-26,126070593
12,04	1,53588974176	1,11507146655	-18,8538653765
12,05	1,53588974176	1,06659009844	-5,38681867912
12,06	1,55334303428	1,30899693899	-17,5071607068
12,07	1,57079632679	0,824183257885	-38,2464126208
12,08	1,57079632679	0,242406840554	-33,2636053428
12,09	1,57079632679	0,0484813681109	-16,6991379049
12,1	1,57079632679	0	-6,46418241478
12,11	1,57079632679	0	-5,79083007991
12,12	1,57079632679	-0,0484813681109	-13,0630352965
12,13	1,57079632679	-0,193925472444	-25,9914001261
12,14	1,57079632679	-0,678739153552	-29,7621732014
12,15	1,55334303428	-0,872664625996	-25,5873887253
12,16	1,55334303428	-1,06659009844	-29,7621732015
12,17	1,53588974176	-1,55140377955	-25,9914001262
12,18	1,51843644924	-1,69684788388	-13,0630352965
12,19	1,50098315672	-1,74532925199	-5,65615961288
12,2	1,4835298642	-1,74532925199	-5,656159613
12,21	1,46607657168	-1,79381062011	-13,0630352966
12,22	1,44862327916	-1,93925472444	-25,9914001261
12,23	1,43116998664	-2,42406840555	-29,6275027344
12,24	1,3962634016	-2,61799387799	-24,6446954564
12,25	1,37881010908	-2,81191935044	-25,1833773242
12,26	1,34390352404	-3,24825166343	-14,2750694993
12,27	1,308996939	-3,24825166343	6,4641824147
12,28	1,27409035396	-2,86040071855	2,96275027339
12,29	1,25663706144	-2,90888208666	-25,0487068573
12,3	1,2217304764	-3,49065850399	-40,8051514933
12,31	1,18682389136	-4,07243492132	-24,2406840554
12,32	1,1344640138	-4,12091628943	6,73352334873
12,33	1,09955742876	-3,68458397643	14,8137513672
12,34	1,06465084372	-3,58762124021	-0,269340933949
12,35	1,02974425868	-3,68458397643	-16,6991379049
12,36	0,994837673637	-4,12091628943	-15,891115103
12,37	0,942477796077	-4,16939765754	0,404011400924
12,38	0,907571211037	-3,87850944888	-0,942693268823
12,39	0,872664625997	-4,16939765754	-4,98280727806
12,4	0,820304748437	-4,16939765754	4,98280727806
12,41	0,785398163398	-3,87850944888	0,808022801848
12,42	0,750491578358	-4,16939765754	-1,21203420277
12,43	0,698131700798	-4,12091628943	12,2550124947
12,44	0,663225115758	-3,73306534454	9,42693268823
12,45	0,628318530718	-3,73306534454	-8,34956895243
12,46	0,593411945678	-4,12091628943	-7,67621661756
12,47	0,541052068118	-4,12091628943	13,1977057635
12,48	0,506145483078	-3,68458397643	20,6045814471
12,49	0,471238898039	-3,5391398721	12,7936943626
12,5	0,436332312999	-3,49065850399	9,1575917543
12,51	0,401425727959	-3,44217713588	12,9283648296
12,52	0,366519142919	-3,29673303154	21,547274716
12,53	0,331612557879	-2,86040071854	17,7765016407
12,54	0,314159265359	-2,81191935044	4,30945494312
12,55	0,279252680319	-3,05432619099	12,9283648295
12,56	0,244346095279	-2,61799387799	26,3954115271
12,57	0,226892802759	-2,18166156499	12,9283648296
12,58	0,209439510239	-2,42406840555	4,44412541019
12,59	0,1745329252	-2,37558703744	18,7191949095
12,6	0,157079632679	-1,93925472444	26,1260705932
12,61	0,13962634016	-1,74532925199	24,7793659235
12,62	0,12217304764	-1,55140377955	29,6275027345
12,63	0,10471975512	-1,06659009844	26,1260705931
12,64	0,10471975512	-0,921145994107	13,8710580983
12,65	0,0872664625998	-0,872664625997	9,4269326881
12,66	0,0872664625998	-0,824183257889	13,7363876313
12,67	0,0698131700798	-0,678739153556	25,3180477913
12,68	0,0698131700798	-0,193925472445	25,9914001263
12,69	0,0698131700798	-0,0484813681112	17,5071607068
12,7	0,0698131700798	0,0484813681112	17,6418311738
12,71	0,0698131700798	0,193925472445	26,7994229281
12,72	0,0698131700798	0,678739153556	28,9541503996
12,73	0,0872664625998	0,872664626	21,008592848
12,74	0,0872664625998	1,01810873033	18,0458425745
12,75	0,10471975512	1,35747830711	6,59885288169
12,76	0,12217304764	1,06659009844	5,25214821201
12,77	0,12217304764	1,16355283466	28,9541503996
12,78	0,13962634016	1,74532925199	42,5558675641
12,79	0,157079632679	2,32710566933	28,9541503997
12,8	0,191986217719	2,42406840555	5,25214821202
12,81	0,209439510239	2,13318019688	6,46418241481
12,82	0,226892802759	2,47254977366	17,1031493059
12,83	0,261799387799	2,61799387799	16,4297969709
12,84	0,279252680319	2,76343798233	16,9684788388
12,85	0,314159265359	3,1028075591	5,65615961286
12,86	0,349065850399	2,81191935043	1,6160456037
12,87	0,366519142919	2,86040071855	21,547274716
12,88	0,401425727959	3,34521439966	33,1289348758
12,89	0,436332312999	3,63610260832	32,3209120739
12,9	0,471238898039	4,12091628943	16,9684788388
12,91	0,523598775598	4,12091628943	-10,369625957
12,92	0,558505360638	3,68458397643	-15,6217741691
12,93	0,593411945678	3,58762124021	0,134670466975
12,94	0,628318530718	3,68458397643	16,6991379049
12,95	0,663225115758	4,12091628943	15,891115103
12,96	0,715584993318	4,16939765754	-0,404011400924
12,97	0,750491578358	3,87850944888	0,942693268823
12,98	0,785398163398	4,16939765754	4,98280727806
12,99	0,837758040957	4,16939765754	-4,98280727806
13	0,872664625997	3,87850944888	-0,808022801848
13,01	0,907571211037	4,16939765754	1,21203420277
13,02	0,959931088597	4,12091628943	-12,2550124947
13,03	0,994837673637	3,73306534454	-9,42693268823
13,04	1,02974425868	3,73306534454	8,34956895243
13,05	1,06465084372	4,12091628943	7,67621661756
13,06	1,11701072128	4,12091628943	-13,3323762305
13,07	1,15191730632	3,68458397643	-21,412604249
13,08	1,18682389136	3,5391398721	-16,4297969709
13,09	1,2217304764	3,44217713588	-16,5644674379
13,1	1,25663706144	3,29673303155	-22,2206270508
13,11	1,29154364648	2,86040071855	-17,1031493058
13,12	1,308996939	2,81191935044	-0,673352334958
13,13	1,34390352404	3,1028075591	-5,65615961296
13,14	1,37881010908	2,76343798232	-17,9111721076
13,15	1,3962634016	2,61799387799	-21,0085928481
13,16	1,43116998664	2,42406840555	-28,8194799326
13,17	1,44862327916	1,93925472444	-25,8567296591
13,18	1,46607657168	1,79381062011	-13,0630352966
13,19	1,4835298642	1,74532925199	-5,656159613
13,2	1,50098315672	1,74532925199	-5,65615961288
13,21	1,51843644924	1,69684788388	-13,0630352965
13,22	1,53588974176	1,55140377955	-25,9914001262
13,23	1,55334303428	1,06659009844	-29,7621732015
13,24	1,55334303428	0,872664625996	-25,5873887253
13,25	1,57079632679	0,678739153552	-29,7621732014
13,26	1,57079632679	0,193925472444	-26,1260705931
13,27	1,57079632679	0,0484813681109	-13,8710580984
13,28	1,57079632679	0	-9,42693268823
13,29	1,57079632679	-0,0484813681109	-13,8710580984
13,3	1,57079632679	-0,193925472444	-26,1260705931
13,31	1,57079632679	-0,678739153552	-29,7621732014
13,32	1,55334303428	-0,872664625996	-25,5873887253
13,33	1,55334303428	-1,06659009844	-29,7621732015
13,34	1,53588974176	-1,55140377955	-25,9914001262
13,35	1,51843644924	-1,69684788388	-13,0630352965
13,36	1,50098315672	-1,74532925199	-5,65615961288
13,37	1,4835298642	-1,74532925199	-5,656159613
13,38	1,46607657168	-1,79381062011	-12,9283648296
13,39	1,44862327916	-1,93925472444	-25,0487068573
13,4	1,43116998664	-2,42406840555	-25,1833773243
13,41	1,3962634016	-2,56951250988	-13,7363876315
13,42	1,37881010908	-2,61799387799	-9,4269326882
13,43	1,34390352404	-2,6664752461	-13,7363876314
13,44	1,32645023152	-2,81191935044	-25,1833773243
13,45	1,29154364648	-3,29673303155	-25,0487068573
13,46	1,25663706144	-3,44217713588	-12,7936943626
13,47	1,2217304764	-3,49065850399	-4,84813681107
13,48	1,18682389136	-3,49065850399	-1,8853865376
13,49	1,15191730632	-3,49065850399	-4,71346634406
13,5	1,11701072128	-3,5391398721	-11,9856715608
13,51	1,08210413624	-3,68458397643	-21,2779337821
13,52	1,0471975512	-4,12091628943	-16,8338083718
13,53	0,994837673637	-4,16939765754	0,26934093406
13,54	0,959931088597	-3,87850944887	-0,942693268828
13,55	0,925024503557	-4,16939765754	-4,9828072782
13,56	0,872664625997	-4,16939765754	4,98280727802
13,57	0,837758040957	-3,87850944888	0,808022801904
13,58	0,802851455917	-4,16939765754	-1,21203420272
13,59	0,750491578358	-4,12091628943	12,2550124947
13,6	0,715584993318	-3,73306534454	9,42693268823
13,61	0,680678408278	-3,73306534454	-8,34956895243
13,62	0,645771823238	-4,12091628943	-7,67621661756
13,63	0,593411945678	-4,12091628943	13,1977057635
13,64	0,558505360638	-3,68458397643	20,4699109802
13,65	0,523598775598	-3,5391398721	11,8510010938
13,66	0,488692190558	-3,49065850399	4,71346634412
13,67	0,453785605519	-3,49065850399	1,88538653767
13,68	0,418879020479	-3,49065850399	4,84813681114
13,69	0,383972435439	-3,44217713588	12,7936943627
13,7	0,349065850399	-3,29673303154	25,0487068573
13,71	0,314159265359	-2,81191935044	25,1833773242
13,72	0,296705972839	-2,6664752461	13,7363876314
13,73	0,261799387799	-2,61799387799	9,42693268823
13,74	0,244346095279	-2,56951250988	13,7363876314
13,75	0,209439510239	-2,42406840555	25,1833773243
13,76	0,191986217719	-1,93925472444	25,1833773243
13,77	0,1745329252	-1,79381062011	13,7363876314
13,78	0,157079632679	-1,745329252	9,42693268834
13,79	0,13962634016	-1,69684788388	13,7363876316
13,8	0,12217304764	-1,55140377955	25,1833773243
13,81	0,10471975512	-1,06659009844	25,1833773243
13,82	0,10471975512	-0,921145994107	13,7363876313
13,83	0,0872664625998	-0,872664625997	9,56160315507
13,84	0,0872664625998	-0,824183257889	14,6790809002
13,85	0,0698131700798	-0,678739153556	29,7621732015
13,86	0,0698131700798	-0,145444104334	37,0343784182
13,87	0,0698131700798	0,145444104334	34,2062986118
13,88	0,0698131700798	0,630257785446	22,4899679849
13,89	0,0872664625998	0,678739153556	5,25214821194
13,9	0,0872664625998	0,436332312999	13,0630352964
13,91	0,0872664625998	0,872664625996	26,395411527
13,92	0,10471975512	1,30899693899	13,0630352965
13,93	0,12217304764	1,06659009844	5,25214821204
13,94	0,12217304764	1,11507146655	22,3552975179
13,95	0,13962634016	1,59988514766	33,3982758099
13,96	0,157079632679	1,89077335633	33,3982758098
13,97	0,1745329252	2,37558703744	22,3552975178
13,98	0,209439510239	2,42406840555	5,25214821204
13,99	0,226892802759	2,18166156499	13,0630352966
14	0,244346095279	2,61799387799	26,3954115271
14,01	0,279252680319	3,05432619099	12,9283648295
14,02	0,314159265359	2,81191935044	4,30945494312
14,03	0,331612557879	2,86040071854	17,7765016407
14,04	0,366519142919	3,29673303154	21,4126042491
14,05	0,401425727959	3,44217713588	11,9856715608
14,06	0,436332312999	3,49065850399	4,71346634413
14,07	0,471238898039	3,49065850399	1,88538653763
14,08	0,506145483078	3,49065850399	4,71346634407
14,09	0,541052068118	3,5391398721	11,9856715607
14,1	0,575958653158	3,68458397643	21,2779337821
14,11	0,610865238198	4,12091628943	16,833808372
14,12	0,663225115758	4,16939765754	-0,269340933897
14,13	0,698131700798	3,87850944888	0,942693268767
14,14	0,733038285838	4,16939765754	4,98280727802
14,15	0,785398163398	4,16939765754	-4,98280727809
14,16	0,820304748437	3,87850944888	-0,808022801853
14,17	0,855211333477	4,16939765754	1,21203420277
14,18	0,907571211037	4,12091628943	-12,2550124947
14,19	0,942477796077	3,73306534454	-9,42693268823
14,2	0,977384381117	3,73306534454	8,34956895243
14,21	1,01229096616	4,12091628943	7,67621661756
14,22	1,06465084372	4,12091628943	-13,1977057635
14,23	1,09955742876	3,68458397643	-20,4699109802
14,24	1,1344640138	3,5391398721	-11,9856715607
14,25	1,16937059884	3,49065850399	-5,52148914596
14,26	1,20427718388	3,49065850399	-5,52148914597
14,27	1,23918376892	3,44217713588	-12,1203420277
14,28	1,27409035396	3,29673303155	-21,412604249
14,29	1,308996939	2,86040071855	-17,7765016407
14,3	1,32645023152	2,81191935043	-4,30945494321
14,31	1,36135681656	3,05432619099	-12,9283648295
14,32	1,3962634016	2,61799387799	-26,3954115271
14,33	1,41371669412	2,18166156499	-13,0630352965
14,34	1,43116998664	2,42406840555	-5,25214821201
14,35	1,46607657168	2,37558703744	-22,3552975179
14,36	1,4835298642	1,89077335633	-33,3982758098
14,37	1,50098315672	1,59988514766	-33,3982758097
14,38	1,51843644924	1,11507146655	-22,3552975177
14,39	1,51843644924	1,06659009844	-5,25214821194
14,4	1,53588974176	1,308996939	-13,0630352966
14,41	1,55334303428	0,872664625997	-26,3954115272
14,42	1,55334303428	0,436332312998	-13,0630352966
14,43	1,55334303428	0,678739153552	-5,25214821204
14,44	1,57079632679	0,630257785441	-22,3552975178
14,45	1,57079632679	0,145444104333	-33,3982758097
14,46	1,57079632679	-0,145444104333	-33,3982758097
14,47	1,57079632679	-0,630257785441	-22,4899679848
14,48	1,55334303428	-0,678739153552	-6,19484148086
14,49	1,55334303428	-0,436332312998	-17,6418311738
14,5	1,55334303428	-0,921145994108	-38,2464126209
14,51	1,53588974176	-1,50292241144	-33,2636053428
14,52	1,51843644924	-1,69684788388	-16,5644674378
14,53	1,50098315672	-1,74532925199	-5,65615961288
14,54	1,4835298642	-1,74532925199	-2,02005700468
14,55	1,46607657168	-1,745329252	-4,84813681117
14,56	1,44862327916	-1,79381062011	-12,9283648296
14,57	1,43116998664	-1,93925472444	-25,9914001261
14,58	1,41371669412	-2,42406840555	-29,6275027345
14,59	1,37881010908	-2,61799387799	-24,6446954563
14,6	1,36135681656	-2,81191935043	-25,1833773243
14,61	1,32645023152	-3,24825166343	-14,2750694993
14,62	1,29154364648	-3,24825166343	6,46418241481
14,63	1,25663706144	-2,86040071854	2,96275027342
14,64	1,23918376892	-2,90888208666	-25,0487068574
14,65	1,20427718388	-3,49065850399	-40,8051514934
14,66	1,16937059884	-4,07243492132	-24,2406840555
14,67	1,11701072128	-4,12091628943	6,73352334873
14,68	1,08210413624	-3,68458397643	14,8137513672
14,69	1,0471975512	-3,58762124021	-0,134670466975
14,7	1,01229096616	-3,68458397643	-15,891115103
14,71	0,977384381117	-4,12091628943	-12,2550124947
14,72	0,925024503557	-4,12091628943	7,81088708451
14,73	0,890117918517	-3,73306534454	8,34956895238
14,74	0,855211333477	-3,73306534454	-9,42693268828
14,75	0,820304748437	-4,12091628943	-12,2550124946
14,76	0,767944870877	-4,16939765754	1,34670466988
14,77	0,733038285838	-3,87850944887	0,13467046698
14,78	0,698131700798	-4,16939765754	-0,404011401035
14,79	0,645771823238	-4,12091628943	16,8338083718
14,8	0,610865238198	-3,68458397643	21,2779337821
14,81	0,575958653158	-3,5391398721	11,9856715608
14,82	0,541052068118	-3,49065850399	4,57879587708
14,83	0,506145483078	-3,49065850399	0,942693268775
14,84	0,471238898039	-3,49065850399	0,269340933926
14,85	0,436332312999	-3,49065850399	0,942693268818
14,86	0,401425727959	-3,49065850399	4,71346634412
14,87	0,366519142919	-3,44217713588	12,9283648296
14,88	0,331612557879	-3,29673303155	25,8567296592
14,89	0,296705972839	-2,81191935044	28,8194799327
14,9	0,279252680319	-2,61799387799	21,0085928481
14,91	0,244346095279	-2,47254977366	17,9111721076
14,92	0,226892802759	-2,13318019688	5,79083007994
14,93	0,209439510239	-2,42406840555	1,6160456037
14,94	0,1745329252	-2,37558703744	21,6819451829
14,95	0,157079632679	-1,89077335633	34,0716281447
14,96	0,13962634016	-1,59988514766	37,0343784182
14,97	0,12217304764	-1,06659009844	29,7621732015
14,98	0,12217304764	-0,921145994107	14,6790809003
14,99	0,10471975512	-0,872664625996	9,56160315521
15	0,10471975512	-0,824183257885	13,7363876314
15,01	0,0872664625998	-0,678739153552	25,1833773243
15,02	0,0872664625998	-0,193925472444	25,0487068573
15,03	0,0872664625998	-0,0484813681109	12,9283648296
15,04	0,0872664625998	0	5,79083007991
15,05	0,0872664625998	0	6,46418241478
15,06	0,0872664625998	0,0484813681109	16,6991379049
15,07	0,0872664625998	0,242406840554	33,2636053427
15,08	0,0872664625998	0,824183257885	38,2464126208
15,09	0,10471975512	1,30899693899	17,6418311737
15,1	0,12217304764	1,06659009844	6,19484148086
15,11	0,12217304764	1,11507146655	22,4899679848
15,12	0,13962634016	1,59988514766	33,3982758099
15,13	0,157079632679	1,89077335633	33,2636053429
15,14	0,1745329252	2,37558703744	21,5472747159
15,15	0,209439510239	2,42406840555	1,6160456037
15,16	0,226892802759	2,13318019688	5,79083007994
15,17	0,244346095279	2,47254977366	17,7765016406
15,18	0,279252680319	2,61799387799	20,0658995793
15,19	0,296705972839	2,81191935044	24,3753545225
15,2	0,331612557879	3,24825166343	14,9484218342
15,21	0,366519142919	3,24825166343	-2,82807980649
15,22	0,401425727959	2,90888208666	4,30945494314
15,23	0,418879020479	3,05432619099	33,5329462767
15,24	0,453785605519	3,92699081699	32,724923475
15,25	0,506145483078	4,07243492132	-0,269340933949
15,26	0,541052068118	3,68458397643	-14,8137513673
15,27	0,575958653158	3,5391398721	-6,32951194786
15,28	0,610865238198	3,5391398721	7,54154615064
15,29	0,645771823238	3,68458397643	20,3352405132
15,3	0,680678408278	4,12091628943	16,6991379049
15,31	0,733038285838	4,16939765754	-0,404011400866
15,32	0,767944870877	3,87850944888	0,134670467055
15,33	0,802851455917	4,16939765754	1,34670466975
15,34	0,855211333477	4,12091628943	-12,2550124948
15,35	0,890117918517	3,73306534454	-9,42693268828
15,36	0,925024503557	3,73306534454	8,3495689524
15,37	0,959931088597	4,12091628943	7,67621661755
15,38	1,01229096616	4,12091628943	-13,1977057635
15,39	1,0471975512	3,68458397643	-20,4699109802
15,4	1,08210413624	3,5391398721	-11,8510010939
15,41	1,11701072128	3,49065850399	-4,57879587714
15,42	1,15191730632	3,49065850399	-1,07736373572
15,43	1,18682389136	3,49065850399	-1,07736373575
15,44	1,2217304764	3,49065850399	-4,71346634409
15,45	1,25663706144	3,44217713588	-12,7936943626
15,46	1,29154364648	3,29673303155	-25,0487068573
15,47	1,32645023152	2,81191935044	-25,1833773243
15,48	1,34390352404	2,6664752461	-13,7363876314
15,49	1,37881010908	2,61799387799	-9,4269326882
15,5	1,3962634016	2,56951250988	-13,7363876315
15,51	1,43116998664	2,42406840555	-25,1833773243
15,52	1,44862327916	1,93925472444	-25,1833773243
15,53	1,46607657168	1,79381062011	-13,7363876315
15,54	1,4835298642	1,74532925199	-9,42693268829
15,55	1,50098315672	1,69684788388	-13,8710580983
15,56	1,51843644924	1,55140377955	-26,126070593
15,57	1,53588974176	1,06659009844	-29,7621732015
15,58	1,53588974176	0,872664625997	-25,5873887253
15,59	1,55334303428	0,678739153553	-29,7621732015
15,6	1,55334303428	0,193925472444	-25,9914001261
15,61	1,55334303428	0,0484813681109	-13,0630352965
15,62	1,55334303428	0	-5,65615961294
15,63	1,55334303428	0	-5,65615961294
15,64	1,55334303428	-0,0484813681109	-13,0630352965
15,65	1,55334303428	-0,193925472444	-25,9914001261
15,66	1,55334303428	-0,678739153553	-29,7621732015
15,67	1,53588974176	-0,872664625997	-25,5873887253
15,68	1,53588974176	-1,06659009844	-29,7621732015
15,69	1,51843644924	-1,55140377955	-25,9914001261
15,7	1,50098315672	-1,69684788388	-13,0630352965
15,71	1,4835298642	-1,74532925199	-5,656159613
15,72	1,46607657168	-1,745329252	-5,65615961302
15,73	1,44862327916	-1,79381062011	-13,0630352965
15,74	1,43116998664	-1,93925472444	-25,8567296591
15,75	1,41371669412	-2,42406840555	-28,8194799326
15,76	1,37881010908	-2,61799387799	-21,008592848
15,77	1,36135681656	-2,76343798232	-17,9111721076
15,78	1,32645023152	-3,1028075591	-5,65615961297
15,79	1,29154364648	-2,81191935044	-0,673352334847
15,8	1,27409035396	-2,86040071854	-16,9684788388
15,81	1,23918376892	-3,29673303154	-21,4126042491
15,82	1,20427718388	-3,44217713588	-12,9283648296
15,83	1,16937059884	-3,49065850399	-9,1575917543
15,84	1,1344640138	-3,5391398721	-12,7936943626
15,85	1,09955742876	-3,68458397643	-20,6045814471
15,86	1,06465084372	-4,12091628943	-13,1977057635
15,87	1,01229096616	-4,12091628943	7,67621661756
15,88	0,977384381117	-3,73306534454	8,34956895243
15,89	0,942477796077	-3,73306534454	-9,42693268823
15,9	0,907571211037	-4,12091628943	-12,2550124947
15,91	0,855211333477	-4,16939765754	1,34670466975
15,92	0,820304748437	-3,87850944888	0,134670466975
15,93	0,785398163398	-4,16939765754	-0,538681867899
15,94	0,733038285838	-4,12091628943	15,891115103
15,95	0,698131700798	-3,68458397643	16,6991379049
15,96	0,663225115758	-3,58762124021	0,134670466975
15,97	0,628318530718	-3,68458397643	-15,756444636
15,98	0,593411945678	-4,12091628943	-11,3123192259
15,99	0,541052068118	-4,12091628943	12,5243534287
16	0,506145483078	-3,68458397643	21,277933782
16,01	0,471238898039	-3,5391398721	16,4297969709
16,02	0,436332312999	-3,44217713588	16,5644674379
16,03	0,401425727959	-3,29673303154	22,3552975178
16,04	0,366519142919	-2,86040071855	17,9111721077
16,05	0,349065850399	-2,81191935043	4,30945494321
16,06	0,314159265359	-3,05432619099	12,9283648295
16,07	0,279252680319	-2,61799387799	26,3954115271
16,08	0,261799387799	-2,18166156499	12,9283648296
16,09	0,244346095279	-2,42406840555	4,30945494316
16,1	0,209439510239	-2,37558703744	17,7765016407
16,11	0,191986217719	-1,93925472444	21,5472747159
16,12	0,1745329252	-1,79381062011	12,9283648296
16,13	0,157079632679	-1,745329252	9,29226222136
16,14	0,13962634016	-1,69684788388	13,8710580985
16,15	0,12217304764	-1,55140377955	26,1260705932
16,16	0,10471975512	-1,06659009844	29,7621732014
16,17	0,10471975512	-0,872664625996	25,5873887252
16,18	0,0872664625998	-0,678739153552	29,7621732014
16,19	0,0872664625998	-0,193925472443	26,1260705931
16,2	0,0872664625998	-0,0484813681109	13,8710580984
16,21	0,0872664625998	0	9,42693268822
16,22	0,0872664625998	0,0484813681109	13,8710580984
16,23	0,0872664625998	0,193925472443	25,9914001261
16,24	0,0872664625998	0,678739153552	28,8194799326
16,25	0,10471975512	0,872664625996	21,008592848
16,26	0,10471975512	1,01810873033	18,0458425746
16,27	0,12217304764	1,3574783071	6,59885288179
16,28	0,13962634016	1,06659009844	5,25214821209
16,29	0,13962634016	1,16355283466	28,9541503997
16,3	0,157079632679	1,745329252	42,5558675641
16,31	0,1745329252	2,32710566933	28,9541503995
16,32	0,209439510239	2,42406840555	5,25214821202
16,33	0,226892802759	2,13318019688	6,46418241481
16,34	0,244346095279	2,47254977366	17,1031493057
16,35	0,279252680319	2,61799387799	16,4297969709
16,36	0,296705972839	2,76343798232	16,9684788388
16,37	0,331612557879	3,1028075591	5,52148914593
16,38	0,366519142919	2,81191935043	0,673352334898
16,39	0,383972435439	2,86040071855	17,1031493059
16,4	0,418879020479	3,29673303154	22,2206270509
16,41	0,453785605519	3,44217713588	16,5644674379
16,42	0,488692190558	3,5391398721	16,4297969709
16,43	0,523598775598	3,68458397643	21,412604249
16,44	0,558505360638	4,12091628943	13,3323762305
16,45	0,610865238198	4,12091628943	-7,67621661755
16,46	0,645771823238	3,73306534454	-8,4842394194
16,47	0,680678408278	3,73306534454	8,61890988638
16,48	0,715584993318	4,12091628943	8,61890988638
16,49	0,767944870877	4,12091628943	-8,61890988635
16,5	0,802851455917	3,73306534454	-8,61890988633
16,51	0,837758040957	3,73306534454	8,61890988643
16,52	0,872664625997	4,12091628943	8,61890988633
16,53	0,925024503557	4,12091628943	-8,61890988651
16,54	0,959931088597	3,73306534454	-8,61890988638
16,55	0,994837673637	3,73306534454	8,48423941951
16,56	1,02974425868	4,12091628943	7,67621661755
16,57	1,08210413624	4,12091628943	-13,3323762306
16,58	1,11701072128	3,68458397643	-21,412604249
16,59	1,15191730632	3,5391398721	-16,4297969708
16,6	1,18682389136	3,44217713588	-16,5644674378
16,61	1,2217304764	3,29673303155	-22,2206270508
16,62	1,25663706144	2,86040071855	-17,1031493058
16,63	1,27409035396	2,81191935044	-0,538681867951
16,64	1,308996939	3,1028075591	-4,7134663442
16,65	1,34390352404	2,76343798232	-13,3323762305
16,66	1,36135681656	2,6664752461	-9,15759175425
16,67	1,3962634016	2,61799387799	-8,48423941943
16,68	1,41371669412	2,56951250988	-13,7363876314
16,69	1,44862327916	2,42406840555	-26,1260705931
16,7	1,46607657168	1,93925472444	-29,7621732015
16,71	1,4835298642	1,74532925199	-25,5873887253
16,72	1,50098315672	1,55140377955	-29,7621732014
16,73	1,51843644924	1,06659009844	-26,126070593
16,74	1,51843644924	0,921145994111	-13,8710580983
16,75	1,53588974176	0,872664626	-9,4269326883
16,76	1,53588974176	0,824183257886	-13,7363876315
16,77	1,55334303428	0,678739153553	-25,1833773243
16,78	1,55334303428	0,193925472443	-25,1833773243
16,79	1,55334303428	0,0484813681109	-13,7363876314
16,8	1,55334303428	0	-9,42693268823
16,81	1,55334303428	-0,0484813681109	-13,8710580984
16,82	1,55334303428	-0,193925472443	-26,1260705931
16,83	1,55334303428	-0,678739153553	-29,7621732015
16,84	1,53588974176	-0,872664625997	-25,5873887253
16,85	1,53588974176	-1,06659009844	-29,7621732015
16,86	1,51843644924	-1,55140377955	-25,9914001261
16,87	1,50098315672	-1,69684788388	-13,0630352965
16,88	1,4835298642	-1,74532925199	-5,656159613
16,89	1,46607657168	-1,745329252	-5,65615961301
16,9	1,44862327916	-1,79381062011	-12,9283648296
16,91	1,43116998664	-1,93925472444	-25,0487068573
16,92	1,41371669412	-2,42406840555	-25,1833773243
16,93	1,37881010908	-2,56951250988	-13,7363876313
16,94	1,36135681656	-2,61799387799	-9,42693268817
16,95	1,32645023152	-2,6664752461	-13,7363876315
16,96	1,308996939	-2,81191935044	-25,1833773244
16,97	1,27409035396	-3,29673303154	-25,0487068574
16,98	1,23918376892	-3,44217713588	-12,7936943626
16,99	1,20427718388	-3,49065850399	-4,84813681109
17	1,16937059884	-3,49065850399	-1,88538653765
17,01	1,1344640138	-3,49065850399	-4,71346634411
17,02	1,09955742876	-3,5391398721	-11,8510010938
17,03	1,06465084372	-3,68458397643	-20,4699109801
17,04	1,02974425868	-4,12091628943	-13,1977057635
17,05	0,977384381117	-4,12091628943	7,67621661755
17,06	0,942477796077	-3,73306534454	8,4842394194
17,07	0,907571211037	-3,73306534454	-8,61890988638
17,08	0,872664625997	-4,12091628943	-8,61890988638
17,09	0,820304748437	-4,12091628943	8,61890988638
17,1	0,785398163398	-3,73306534454	8,61890988638
17,11	0,750491578358	-3,73306534454	-8,4842394194
17,12	0,715584993318	-4,12091628943	-7,67621661755
17,13	0,663225115758	-4,12091628943	13,1977057635
17,14	0,628318530718	-3,68458397643	20,4699109801
17,15	0,593411945678	-3,5391398721	11,8510010938
17,16	0,558505360638	-3,49065850399	4,57879587714
17,17	0,523598775598	-3,49065850399	0,942693268823
17,18	0,488692190558	-3,49065850399	0,269340933955
17,19	0,453785605519	-3,49065850399	0,942693268847
17,2	0,418879020479	-3,49065850399	4,71346634417
17,21	0,383972435439	-3,44217713588	12,9283648296
17,22	0,349065850399	-3,29673303154	25,8567296592
17,23	0,314159265359	-2,81191935044	28,8194799325
17,24	0,296705972839	-2,61799387799	21,0085928481
17,25	0,261799387799	-2,47254977366	17,9111721076
17,26	0,244346095279	-2,13318019688	5,79083007988
17,27	0,226892802759	-2,42406840555	1,61604560373
17,28	0,191986217719	-2,37558703744	21,5472747159
17,29	0,1745329252	-1,89077335633	33,2636053427
17,3	0,157079632679	-1,59988514766	33,2636053428
17,31	0,13962634016	-1,11507146655	21,5472747161
17,32	0,13962634016	-1,06659009844	1,61604560377
17,33	0,12217304764	-1,3574783071	5,79083007994
17,34	0,10471975512	-1,01810873033	17,9111721076
17,35	0,10471975512	-0,872664625996	21,143263315
17,36	0,0872664625998	-0,678739153552	29,7621732014
17,37	0,0872664625998	-0,193925472443	30,4355255363
17,38	0,0872664625998	0	24,9140363903
17,39	0,0872664625998	0,193925472443	26,1260705931
17,4	0,0872664625998	0,630257785441	18,8538653764
17,41	0,10471975512	0,678739153552	5,25214821201
17,42	0,10471975512	0,436332312998	16,5644674379
17,43	0,10471975512	0,921145994107	33,8022872106
17,44	0,12217304764	1,45444104333	22,3552975178
17,45	0,13962634016	1,50292241144	0,808022801926
17,46	0,157079632679	1,16355283466	5,25214821215
17,47	0,157079632679	1,308996939	34,6103100126
17,48	0,1745329252	2,18166156499	37,4383898189
17,49	0,209439510239	2,37558703744	12,3896829617
17,5	0,226892802759	2,13318019688	9,29226222128
17,51	0,244346095279	2,47254977366	14,2750694993
17,52	0,279252680319	2,56951250988	9,29226222125
17,53	0,296705972839	2,61799387799	8,48423941943
17,54	0,331612557879	2,6664752461	13,6017171644
17,55	0,349065850399	2,81191935043	25,1833773243
17,56	0,383972435439	3,29673303154	25,0487068574
17,57	0,418879020479	3,44217713588	12,9283648296
17,58	0,453785605519	3,49065850399	5,65615961296
17,59	0,488692190558	3,49065850399	5,52148914597
17,6	0,523598775598	3,5391398721	11,9856715607
17,61	0,558505360638	3,68458397643	20,4699109801
17,62	0,593411945678	4,12091628943	13,1977057635
17,63	0,645771823238	4,12091628943	-7,67621661755
17,64	0,680678408278	3,73306534454	-8,4842394194
17,65	0,715584993318	3,73306534454	8,61890988638
17,66	0,750491578358	4,12091628943	8,61890988638
17,67	0,802851455917	4,12091628943	-8,61890988638
17,68	0,837758040957	3,73306534454	-8,61890988638
17,69	0,872664625997	3,73306534454	8,4842394194
17,7	0,907571211037	4,12091628943	7,67621661755
17,71	0,959931088597	4,12091628943	-13,1977057635
17,72	0,994837673637	3,68458397643	-20,4699109801
17,73	1,02974425868	3,5391398721	-11,8510010938
17,74	1,06465084372	3,49065850399	-4,57879587714
17,75	1,09955742876	3,49065850399	-0,942693268822
17,76	1,1344640138	3,49065850399	-0,269340933949
17,77	1,16937059884	3,49065850399	-0,942693268823
17,78	1,20427718388	3,49065850399	-4,71346634412
17,79	1,23918376892	3,44217713588	-12,7936943626
17,8	1,27409035396	3,29673303154	-25,0487068574
17,81	1,308996939	2,81191935044	-25,1833773244
17,82	1,32645023152	2,6664752461	-13,7363876315
17,83	1,36135681656	2,61799387799	-9,42693268817
17,84	1,37881010908	2,56951250988	-13,7363876313
17,85	1,41371669412	2,42406840555	-25,1833773243
17,86	1,43116998664	1,93925472444	-25,1833773243
17,87	1,44862327916	1,79381062011	-13,7363876314
17,88	1,46607657168	1,745329252	-9,42693268833
17,89	1,4835298642	1,69684788388	-13,7363876315
17,9	1,50098315672	1,55140377955	-25,1833773243
17,91	1,51843644924	1,06659009844	-25,1833773242
17,92	1,51843644924	0,921145994111	-13,7363876313
17,93	1,53588974176	0,872664626	-9,4269326883
17,94	1,53588974176	0,824183257886	-13,8710580985
17,95	1,55334303428	0,678739153553	-26,1260705932
17,96	1,55334303428	0,193925472443	-29,7621732014
17,97	1,55334303428	0	-25,5873887252
17,98	1,55334303428	-0,193925472443	-29,7621732014
17,99	1,55334303428	-0,678739153553	-26,1260705932
18	1,53588974176	-0,824183257886	-13,8710580985
18,01	1,53588974176	-0,872664626	-9,4269326883
18,02	1,51843644924	-0,921145994111	-13,7363876313
18,03	1,51843644924	-1,06659009844	-25,1833773242
18,04	1,50098315672	-1,55140377955	-25,1833773243
18,05	1,4835298642	-1,69684788388	-13,7363876315
18,06	1,46607657168	-1,745329252	-9,42693268833
18,07	1,44862327916	-1,79381062011	-13,7363876314
18,08	1,43116998664	-1,93925472444	-25,1833773243
18,09	1,41371669412	-2,42406840555	-25,1833773243
18,1	1,37881010908	-2,56951250988	-13,7363876313
18,11	1,36135681656	-2,61799387799	-9,42693268817
18,12	1,32645023152	-2,6664752461	-13,7363876315
18,13	1,308996939	-2,81191935044	-25,1833773244
18,14	1,27409035396	-3,29673303154	-25,0487068574
18,15	1,23918376892	-3,44217713588	-12,7936943626
18,16	1,20427718388	-3,49065850399	-4,71346634412
18,17	1,16937059884	-3,49065850399	-1,0773637358
18,18	1,1344640138	-3,49065850399	-1,0773637358
18,19	1,09955742876	-3,49065850399	-4,57879587714
18,2	1,06465084372	-3,5391398721	-11,8510010938
18,21	1,02974425868	-3,68458397643	-20,4699109801
18,22	0,994837673637	-4,12091628943	-13,1977057635
18,23	0,942477796077	-4,12091628943	7,67621661755
18,24	0,907571211037	-3,73306534454	8,4842394194
18,25	0,872664625997	-3,73306534454	-8,61890988638
18,26	0,837758040957	-4,12091628943	-8,61890988638
18,27	0,785398163398	-4,12091628943	8,61890988638
18,28	0,750491578358	-3,73306534454	8,61890988638
18,29	0,715584993318	-3,73306534454	-8,4842394194
18,3	0,680678408278	-4,12091628943	-7,67621661755
18,31	0,628318530718	-4,12091628943	13,1977057635
18,32	0,593411945678	-3,68458397643	20,4699109801
18,33	0,558505360638	-3,5391398721	11,9856715607
18,34	0,523598775598	-3,49065850399	5,52148914596
18,35	0,488692190558	-3,49065850399	5,52148914597
18,36	0,453785605519	-3,44217713588	12,1203420277
18,37	0,418879020479	-3,29673303154	21,277933782
18,38	0,383972435439	-2,86040071855	16,9684788389
18,39	0,366519142919	-2,81191935043	0,673352334898
18,4	0,331612557879	-3,1028075591	5,65615961291
18,41	0,296705972839	-2,76343798232	17,9111721077
18,42	0,279252680319	-2,61799387799	21,008592848
18,43	0,244346095279	-2,42406840555	28,8194799326
18,44	0,226892802759	-1,93925472444	25,8567296592
18,45	0,209439510239	-1,7938106201	13,0630352966
18,46	0,191986217719	-1,74532925199	5,65615961288
18,47	0,1745329252	-1,745329252	5,65615961288
18,48	0,157079632679	-1,69684788388	13,0630352966
18,49	0,13962634016	-1,55140377955	25,8567296593
18,5	0,12217304764	-1,06659009844	28,8194799326
18,51	0,12217304764	-0,872664625996	21,143263315
18,52	0,10471975512	-0,727220521663	18,8538653765
18,53	0,10471975512	-0,387850944887	10,2349554901
18,54	0,10471975512	-0,630257785441	12,6590238956
18,55	0,0872664625998	-0,436332312998	38,2464126208
18,56	0,0872664625998	0,436332312998	38,2464126208
18,57	0,10471975512	0,630257785441	12,6590238956
18,58	0,10471975512	0,387850944887	10,2349554901
18,59	0,10471975512	0,727220521663	18,8538653765
18,6	0,12217304764	0,872664625996	21,143263315
18,61	0,12217304764	1,06659009844	28,8194799326
18,62	0,13962634016	1,55140377955	25,8567296593
18,63	0,157079632679	1,69684788388	13,0630352966
18,64	0,1745329252	1,745329252	5,65615961288
18,65	0,191986217719	1,74532925199	5,65615961288
18,66	0,209439510239	1,7938106201	13,0630352966
18,67	0,226892802759	1,93925472444	25,8567296592
18,68	0,244346095279	2,42406840555	28,8194799326
18,69	0,279252680319	2,61799387799	21,008592848
18,7	0,296705972839	2,76343798232	17,9111721077
18,71	0,331612557879	3,1028075591	5,65615961291
18,72	0,366519142919	2,81191935043	0,673352334898
18,73	0,383972435439	2,86040071855	16,9684788389
18,74	0,418879020479	3,29673303154	21,277933782
18,75	0,453785605519	3,44217713588	12,1203420277
18,76	0,488692190558	3,49065850399	5,52148914597
18,77	0,523598775598	3,49065850399	5,52148914596
18,78	0,558505360638	3,5391398721	11,9856715607
18,79	0,593411945678	3,68458397643	20,4699109801
18,8	0,628318530718	4,12091628943	13,1977057635
18,81	0,680678408278	4,12091628943	-7,67621661755
18,82	0,715584993318	3,73306534454	-8,4842394194
18,83	0,750491578358	3,73306534454	8,61890988638
18,84	0,785398163398	4,12091628943	8,61890988638
18,85	0,837758040957	4,12091628943	-8,61890988638
18,86	0,872664625997	3,73306534454	-8,61890988638
18,87	0,907571211037	3,73306534454	8,4842394194
18,88	0,942477796077	4,12091628943	7,67621661755
18,89	0,994837673637	4,12091628943	-13,1977057635
18,9	1,02974425868	3,68458397643	-20,4699109801
18,91	1,06465084372	3,5391398721	-11,8510010938
18,92	1,09955742876	3,49065850399	-4,71346634411
18,93	1,1344640138	3,49065850399	-1,88538653765
18,94	1,16937059884	3,49065850399	-4,71346634414
18,95	1,20427718388	3,44217713588	-11,9856715608
18,96	1,23918376892	3,29673303154	-21,4126042491
18,97	1,27409035396	2,86040071854	-17,7765016407
18,98	1,29154364648	2,81191935044	-4,30945494316
18,99	1,32645023152	3,05432619099	-12,9283648296
19	1,36135681656	2,61799387799	-26,395411527
19,01	1,37881010908	2,18166156499	-12,9283648295
19,02	1,3962634016	2,42406840555	-4,30945494322
19,03	1,43116998664	2,37558703744	-17,9111721076
19,04	1,44862327916	1,93925472444	-22,3552975178
19,05	1,46607657168	1,79381062011	-16,699137905
19,06	1,4835298642	1,69684788388	-17,5071607068
19,07	1,50098315672	1,55140377955	-26,799422928
19,08	1,51843644924	1,06659009844	-28,9541503994
19,09	1,51843644924	0,872664626	-21,008592848
19,1	1,53588974176	0,727220521667	-18,0458425747
19,11	1,53588974176	0,387850944888	-6,59885288189
19,12	1,53588974176	0,678739153553	-5,25214821209
19,13	1,55334303428	0,58177641733	-28,9541503996
19,14	1,55334303428	0	-42,555867564
19,15	1,55334303428	-0,58177641733	-28,9541503996
19,16	1,53588974176	-0,678739153553	-5,25214821209
19,17	1,53588974176	-0,387850944888	-6,59885288189
19,18	1,53588974176	-0,727220521667	-18,0458425747
19,19	1,51843644924	-0,872664626	-21,008592848
19,2	1,51843644924	-1,06659009844	-28,8194799325
19,21	1,50098315672	-1,55140377955	-25,9914001261
19,22	1,4835298642	-1,69684788388	-13,8710580985
19,23	1,46607657168	-1,745329252	-9,42693268833
19,24	1,44862327916	-1,79381062011	-13,8710580984
19,25	1,43116998664	-1,93925472444	-25,9914001261
19,26	1,41371669412	-2,42406840555	-28,8194799326
19,27	1,37881010908	-2,61799387799	-21,008592848
19,28	1,36135681656	-2,76343798232	-17,9111721076
19,29	1,32645023152	-3,1028075591	-5,65615961297
19,3	1,29154364648	-2,81191935044	-0,673352334847
19,31	1,27409035396	-2,86040071854	-16,9684788388
19,32	1,23918376892	-3,29673303154	-21,2779337821
19,33	1,20427718388	-3,44217713588	-11,9856715608
19,34	1,16937059884	-3,49065850399	-4,57879587716
19,35	1,1344640138	-3,49065850399	-1,0773637358
19,36	1,09955742876	-3,49065850399	-1,0773637358
19,37	1,06465084372	-3,49065850399	-4,57879587714
19,38	1,02974425868	-3,5391398721	-11,8510010938
19,39	0,994837673637	-3,68458397643	-20,4699109801
19,4	0,959931088597	-4,12091628943	-13,1977057635
19,41	0,907571211037	-4,12091628943	7,67621661755
19,42	0,872664625997	-3,73306534454	8,4842394194
19,43	0,837758040957	-3,73306534454	-8,4842394194
19,44	0,802851455917	-4,12091628943	-7,81088708453
19,45	0,750491578358	-4,12091628943	12,2550124947
19,46	0,715584993318	-3,68458397643	15,891115103
19,47	0,680678408278	-3,58762124021	0
19,48	0,645771823238	-3,68458397643	-15,756444636
19,49	0,610865238198	-4,12091628943	-11,1776487589
19,5	0,558505360638	-4,12091628943	13,3323762305
19,51	0,523598775598	-3,68458397643	24,9140363903
19,52	0,488692190558	-3,49065850399	23,8366726546
19,53	0,453785605519	-3,29673303154	25,8567296592
19,54	0,418879020479	-2,86040071854	17,9111721077
19,55	0,401425727959	-2,81191935044	0,673352334846
19,56	0,366519142919	-3,1028075591	4,71346634414
19,57	0,331612557879	-2,76343798232	13,3323762305
19,58	0,314159265359	-2,6664752461	9,1575917542
19,59	0,279252680319	-2,61799387799	8,48423941938
19,6	0,261799387799	-2,56951250988	13,6017171645
19,61	0,226892802759	-2,42406840555	25,3180477914
19,62	0,209439510239	-1,93925472444	25,9914001262
19,63	0,191986217719	-1,7938106201	17,3724902397
19,64	0,1745329252	-1,69684788388	16,6991379048
19,65	0,157079632679	-1,55140377955	22,3552975179
19,66	0,13962634016	-1,11507146655	18,0458425747
19,67	0,13962634016	-1,06659009844	5,25214821209
19,68	0,12217304764	-1,30899693899	17,5071607067
19,69	0,10471975512	-0,824183257885	38,2464126208
19,7	0,10471975512	-0,242406840554	33,2636053427
19,71	0,10471975512	-0,0484813681109	16,6991379049
19,72	0,10471975512	0	6,46418241478
19,73	0,10471975512	0	5,79083007991
19,74	0,10471975512	0,0484813681109	13,0630352965
19,75	0,10471975512	0,193925472443	25,9914001261
19,76	0,10471975512	0,678739153552	29,7621732014
19,77	0,12217304764	0,872664625996	25,5873887252
19,78	0,12217304764	1,06659009844	29,7621732015
19,79	0,13962634016	1,55140377955	26,1260705932
19,8	0,157079632679	1,69684788388	13,8710580985
19,81	0,1745329252	1,745329252	9,2922622212
19,82	0,191986217719	1,7938106201	12,9283648295
19,83	0,209439510239	1,93925472444	21,547274716
19,84	0,226892802759	2,37558703744	17,7765016407
19,85	0,261799387799	2,42406840555	4,30945494318
19,86	0,279252680319	2,18166156499	12,9283648296
19,87	0,296705972839	2,61799387799	26,3954115271
19,88	0,331612557879	3,05432619099	12,9283648295
19,89	0,366519142919	2,81191935043	4,30945494321
19,9	0,383972435439	2,86040071855	17,7765016407
19,91	0,418879020479	3,29673303154	21,412604249
19,92	0,453785605519	3,44217713588	12,1203420277
19,93	0,488692190558	3,49065850399	5,52148914597
19,94	0,523598775598	3,49065850399	5,52148914597
19,95	0,558505360638	3,5391398721	12,0126056542
19,96	0,593411945678	3,68458397643	20,6180484942
19,97	0,628318530718	4,12091628943	13,2381069046
19,98	0,680678408278	4,13061256307	-9,73667476022
19,99	0,715584993318	3,75730602865	-19,9042950163
20	0,750491578358	3,58762124029	-20,4968450709
