Vernier Format 2
Файл.gmbl 07.12.2019 14:36:52 ,
Новый
Время	Угол	Скорость	Ускорение
t	Угол	v	a
с	rad	rad/с	rad/с²

0	0	0	0
0,01	0	0	0
0,02	0	0	0
0,03	0	0	0
0,04	0	0	0
0,05	0	0	0
0,06	0	0	0
0,07	0	0	0
0,08	0	0	0
0,09	0	0	0
0,1	0	0	0
0,11	0	0	0
0,12	0	0	0
0,13	0	0	0
0,14	0	0	0
0,15	0	0	0
0,16	0	0	0
0,17	0	0	0
0,18	0	0	0
0,19	0	0	0
0,2	0	0	0
0,21	0	0	0
0,22	0	0	0
0,23	0	0	0
0,24	0	0	0
0,25	0	0	0
0,26	0	0	0
0,27	0	0	0
0,28	0	0	0,134670466975
0,29	0	0	0,942693268823
0,3	0	0	4,57879587714
0,31	0	0,0484813681109	11,8510010938
0,32	0	0,193925472444	20,3352405132
0,33	0	0,630257785441	12,2550124947
0,34	0,0174532925199	0,630257785441	-12,2550124947
0,35	0,0174532925199	0,193925472444	-20,3352405132
0,36	0,0174532925199	0,0484813681109	-11,8510010938
0,37	0,0174532925199	0	-4,57879587714
0,38	0,0174532925199	0	-0,942693268823
0,39	0,0174532925199	0	-0,134670466975
0,4	0,0174532925199	0	0
0,41	0,0174532925199	0	0
0,42	0,0174532925199	0	0
0,43	0,0174532925199	0	0
0,44	0,0174532925199	0	0
0,45	0,0174532925199	0	0
0,46	0,0174532925199	0	0
0,47	0,0174532925199	0	0
0,48	0,0174532925199	0	0
0,49	0,0174532925199	0	0
0,5	0,0174532925199	0	0
0,51	0,0174532925199	0	0
0,52	0,0174532925199	0	0
0,53	0,0174532925199	0	0
0,54	0,0174532925199	0	0
0,55	0,0174532925199	0	0
0,56	0,0174532925199	0	0
0,57	0,0174532925199	0	0
0,58	0,0174532925199	0	0
0,59	0,0174532925199	0	0
0,6	0,0174532925199	0	0
0,61	0,0174532925199	0	0
0,62	0,0174532925199	0	0
0,63	0,0174532925199	0	0
0,64	0,0174532925199	0	0
0,65	0,0174532925199	0	0
0,66	0,0174532925199	0	0
0,67	0,0174532925199	0	0
0,68	0,0174532925199	0	0
0,69	0,0174532925199	0	0
0,7	0,0174532925199	0	0
0,71	0,0174532925199	0	0
0,72	0,0174532925199	0	0
0,73	0,0174532925199	0	0
0,74	0,0174532925199	0	0
0,75	0,0174532925199	0	0
0,76	0,0174532925199	0	0
0,77	0,0174532925199	0	0
0,78	0,0174532925199	0	0
0,79	0,0174532925199	0	0
0,8	0,0174532925199	0	0
0,81	0,0174532925199	0	0
0,82	0,0174532925199	0	0
0,83	0,0174532925199	0	0
0,84	0,0174532925199	0	0
0,85	0,0174532925199	0	0
0,86	0,0174532925199	0	0
0,87	0,0174532925199	0	0
0,88	0,0174532925199	0	0
0,89	0,0174532925199	0	0
0,9	0,0174532925199	0	0
0,91	0,0174532925199	0	0
0,92	0,0174532925199	0	0
0,93	0,0174532925199	0	0
0,94	0,0174532925199	0	0
0,95	0,0174532925199	0	0
0,96	0,0174532925199	0	0,134670466975
0,97	0,0174532925199	0	0,942693268823
0,98	0,0174532925199	0	4,57879587714
0,99	0,0174532925199	0,0484813681109	11,8510010938
1	0,0174532925199	0,193925472444	20,3352405132
1,01	0,0174532925199	0,630257785441	12,2550124947
1,02	0,0349065850398	0,630257785441	-12,2550124947
1,03	0,0349065850398	0,193925472444	-20,3352405132
1,04	0,0349065850398	0,0484813681109	-11,8510010938
1,05	0,0349065850398	0	-4,57879587714
1,06	0,0349065850398	0	-0,942693268823
1,07	0,0349065850398	0	-0,134670466975
1,08	0,0349065850398	0	0
1,09	0,0349065850398	0	0
1,1	0,0349065850398	0	0
1,11	0,0349065850398	0	0
1,12	0,0349065850398	0	0
1,13	0,0349065850398	0	0
1,14	0,0349065850398	0	0
1,15	0,0349065850398	0	-0,134670466975
1,16	0,0349065850398	0	-0,942693268823
1,17	0,0349065850398	0	-4,57879587714
1,18	0,0349065850398	-0,0484813681109	-11,8510010938
1,19	0,0349065850398	-0,193925472444	-20,3352405132
1,2	0,0349065850398	-0,630257785441	-12,2550124947
1,21	0,0174532925199	-0,630257785441	12,2550124947
1,22	0,0174532925199	-0,193925472444	20,3352405132
1,23	0,0174532925199	-0,0484813681109	11,8510010938
1,24	0,0174532925199	0	4,57879587714
1,25	0,0174532925199	0	0,942693268823
1,26	0,0174532925199	0	0,134670466975
1,27	0,0174532925199	0	0
1,28	0,0174532925199	0	0
1,29	0,0174532925199	0	0
1,3	0,0174532925199	0	0
1,31	0,0174532925199	0	0
1,32	0,0174532925199	0	0
1,33	0,0174532925199	0	0
1,34	0,0174532925199	0	0
1,35	0,0174532925199	0	0
1,36	0,0174532925199	0	0
1,37	0,0174532925199	0	0
1,38	0,0174532925199	0	0
1,39	0,0174532925199	0	0
1,4	0,0174532925199	0	0
1,41	0,0174532925199	0	0
1,42	0,0174532925199	0	0
1,43	0,0174532925199	0	0
1,44	0,0174532925199	0	0
1,45	0,0174532925199	0	0
1,46	0,0174532925199	0	0
1,47	0,0174532925199	0	0
1,48	0,0174532925199	0	0
1,49	0,0174532925199	0	0
1,5	0,0174532925199	0	0
1,51	0,0174532925199	0	0
1,52	0,0174532925199	0	0,134670466975
1,53	0,0174532925199	0	0,942693268823
1,54	0,0174532925199	0	4,57879587714
1,55	0,0174532925199	0,0484813681109	11,9856715607
1,56	0,0174532925199	0,193925472444	21,412604249
1,57	0,0174532925199	0,630257785441	17,9111721077
1,58	0,0349065850398	0,678739153553	5,25214821209
1,59	0,0349065850398	0,436332312999	17,5071607068
1,6	0,0349065850398	0,921145994111	38,2464126209
1,61	0,0523598775599	1,50292241144	33,2636053427
1,62	0,0698131700798	1,69684788388	16,6991379048
1,63	0,0872664625997	1,74532925199	6,59885288182
1,64	0,10471975512	1,745329252	6,73352334879
1,65	0,12217304764	1,79381062011	17,6418311736
1,66	0,13962634016	1,98773609255	37,8424012198
1,67	0,157079632679	2,61799387799	50,0974137147
1,68	0,191986217719	3,24825166343	37,84240122
1,69	0,226892802759	3,44217713588	17,5071607068
1,7	0,261799387799	3,49065850399	5,79083007994
1,71	0,296705972839	3,49065850399	2,02005700463
1,72	0,331612557879	3,49065850399	4,84813681109
1,73	0,366519142919	3,5391398721	12,9283648296
1,74	0,401425727959	3,68458397643	25,8567296591
1,75	0,436332312999	4,16939765754	28,8194799326
1,76	0,488692190558	4,36332312999	21,0085928481
1,77	0,523598775598	4,50876723432	17,9111721077
1,78	0,575958653158	4,84813681109	5,65615961302
1,79	0,628318530718	4,55724860243	0,673352334898
1,8	0,663225115758	4,60572997054	16,9684788388
1,81	0,715584993318	5,04206228354	21,277933782
1,82	0,767944870877	5,18750638787	11,9856715607
1,83	0,820304748437	5,23598775598	4,57879587711
1,84	0,872664625997	5,23598775598	0,942693268854
1,85	0,925024503557	5,23598775598	0,134670466975
1,86	0,977384381117	5,23598775598	-3,1589545794E-011
1,87	1,02974425868	5,23598775598	3,1589545794E-011
1,88	1,08210413624	5,23598775598	-0,134670466975
1,89	1,1344640138	5,23598775598	-0,942693268854
1,9	1,18682389136	5,23598775598	-4,57879587711
1,91	1,23918376892	5,18750638787	-11,9856715607
1,92	1,29154364648	5,04206228354	-21,277933782
1,93	1,34390352404	4,60572997054	-16,9684788388
1,94	1,37881010908	4,55724860243	-0,538681867922
1,95	1,43116998664	4,84813681109	-4,71346634419
1,96	1,4835298642	4,50876723432	-13,3323762305
1,97	1,51843644924	4,4118044981	-9,15759175425
1,98	1,57079632679	4,36332312999	-8,48423941933
1,99	1,60570291183	4,31484176188	-13,7363876314
2	1,65806278939	4,16939765754	-26,1260705932
2,01	1,69296937443	3,68458397643	-29,7621732015
2,02	1,72787595947	3,49065850399	-25,5873887253
2,03	1,76278254451	3,29673303154	-29,7621732014
2,04	1,79768912955	2,81191935044	-26,1260705931
2,05	1,81514242207	2,6664752461	-13,8710580984
2,06	1,85004900711	2,61799387799	-9,56160315521
2,07	1,86750229963	2,56951250988	-14,6790809002
2,08	1,90240888467	2,42406840555	-29,7621732015
2,09	1,91986217719	1,89077335633	-37,0343784181
2,1	1,93731546971	1,59988514766	-34,2062986116
2,11	1,95476876223	1,11507146655	-22,6246384516
2,12	1,95476876223	1,06659009844	-6,19484148076
2,13	1,97222205475	1,308996939	-17,6418311738
2,14	1,98967534727	0,824183257886	-38,3810830879
2,15	1,98967534727	0,242406840555	-34,2062986116
2,16	1,98967534727	0,0484813681109	-21,277933782
2,17	1,98967534727	-0,0484813681109	-18,4498539755
2,18	1,98967534727	-0,193925472444	-27,0687638619
2,19	1,98967534727	-0,678739153553	-29,8968436685
2,2	1,97222205475	-0,872664625997	-25,5873887253
2,21	1,97222205475	-1,06659009844	-29,8968436685
2,22	1,95476876223	-1,55140377955	-26,9340933949
2,23	1,93731546971	-1,69684788388	-17,6418311736
2,24	1,91986217719	-1,7938106201	-17,6418311737
2,25	1,90240888467	-1,93925472444	-26,7994229281
2,26	1,88495559215	-2,42406840555	-28,9541503997
2,27	1,85004900711	-2,61799387799	-21,1432633151
2,28	1,83259571459	-2,76343798233	-18,8538653764
2,29	1,79768912955	-3,1028075591	-10,23495549
2,3	1,76278254451	-2,86040071854	-12,6590238956
2,31	1,74532925199	-3,05432619099	-38,2464126209
2,32	1,71042266695	-3,92699081699	-38,2464126209
2,33	1,65806278939	-4,12091628943	-12,5243534287
2,34	1,62315620435	-3,87850944888	-9,29226222126
2,35	1,58824961931	-4,21787902565	-14,2750694993
2,36	1,53588974175	-4,31484176187	-9,29226222131
2,37	1,50098315672	-4,36332312999	-8,48423941949
2,38	1,44862327916	-4,4118044981	-13,6017171645
2,39	1,41371669412	-4,55724860243	-25,1833773242
2,4	1,36135681656	-5,04206228354	-24,9140363903
2,41	1,308996939	-5,18750638787	-11,8510010938
2,42	1,25663706144	-5,23598775598	-0,134670466943
2,43	1,20427718388	-5,18750638787	10,9083078249
2,44	1,15191730632	-5,04206228354	20,2005700462
2,45	1,09955742876	-4,60572997054	12,2550124947
2,46	1,06465084372	-4,60572997054	-12,2550124947
2,47	1,01229096616	-5,04206228354	-20,3352405132
2,48	0,959931088597	-5,18750638787	-11,8510010937
2,49	0,907571211037	-5,23598775598	-4,4441254102
2,5	0,855211333477	-5,23598775598	0
2,51	0,802851455917	-5,23598775598	4,4441254102
2,52	0,750491578358	-5,18750638787	11,9856715607
2,53	0,698131700798	-5,04206228354	21,412604249
2,54	0,645771823238	-4,60572997054	17,7765016407
2,55	0,610865238198	-4,55724860243	4,30945494324
2,56	0,558505360638	-4,79965544298	12,9283648296
2,57	0,506145483078	-4,36332312999	26,395411527
2,58	0,471238898038	-3,92699081699	12,9283648295
2,59	0,436332312999	-4,16939765754	4,30945494313
2,6	0,383972435439	-4,12091628943	17,9111721077
2,61	0,349065850399	-3,68458397643	22,355297518
2,62	0,314159265359	-3,5391398721	16,6991379049
2,63	0,279252680319	-3,44217713588	17,5071607067
2,64	0,244346095279	-3,29673303155	26,9340933949
2,65	0,209439510239	-2,81191935044	29,8968436684
2,66	0,191986217719	-2,61799387799	25,5873887253
2,67	0,157079632679	-2,42406840555	29,7621732015
2,68	0,13962634016	-1,93925472444	26,126070593
2,69	0,12217304764	-1,79381062011	14,0057285653
2,7	0,10471975512	-1,745329252	10,2349554902
2,71	0,0872664625997	-1,69684788388	17,5071607068
2,72	0,0698131700798	-1,50292241144	33,3982758098
2,73	0,0523598775599	-0,921145994107	38,3810830877
2,74	0,0523598775599	-0,436332312999	18,4498539754
2,75	0,0523598775599	-0,678739153556	9,96561455608
2,76	0,0349065850398	-0,581776417334	30,7048664704
2,77	0,0349065850398	0	46,4613111065
2,78	0,0349065850398	0,630257785445	37,1690488852
2,79	0,0523598775599	0,824183257889	18,3151835085
2,8	0,0523598775599	0,872664625997	10,3696259569
2,81	0,0698131700798	0,921145994107	14,0057285653
2,82	0,0698131700798	1,06659009844	26,1260705931
2,83	0,0872664625997	1,55140377955	29,7621732015
2,84	0,10471975512	1,745329252	25,7220591922
2,85	0,12217304764	1,93925472444	30,5701960032
2,86	0,13962634016	2,42406840555	29,7621732014
2,87	0,174532925199	2,61799387799	21,2779337821
2,88	0,191986217719	2,76343798232	18,8538653766
2,89	0,226892802759	3,1028075591	10,2349554902
2,9	0,261799387799	2,86040071855	12,5243534287
2,91	0,279252680319	3,05432619099	37,438389819
2,92	0,314159265359	3,92699081699	34,4756395455
2,93	0,366519142919	4,07243492132	4,44412541016
2,94	0,401425727959	3,73306534454	-2,82807980647
2,95	0,436332312999	3,73306534454	15,0830923012
2,96	0,471238898038	4,16939765754	25,3180477913
2,97	0,523598775598	4,36332312999	24,5100249894
2,98	0,558505360638	4,55724860243	28,6848094657
2,99	0,610865238198	5,04206228354	21,412604249
3	0,663225115758	5,13902501976	1,07736373572
3,01	0,715584993318	5,04206228354	-15,6217741691
3,02	0,767944870877	4,60572997054	-11,3123192258
3,03	0,802851455917	4,60572997054	12,3896829618
3,04	0,855211333477	5,04206228354	20,3352405132
3,05	0,907571211037	5,18750638787	11,8510010938
3,06	0,959931088597	5,23598775598	4,57879587722
3,07	1,01229096616	5,23598775599	0,942693268883
3,08	1,06465084372	5,23598775599	-6,05367607894E-011
3,09	1,11701072128	5,23598775598	-0,942693268903
3,1	1,16937059884	5,23598775598	-4,57879587714
3,11	1,2217304764	5,18750638787	-11,9856715608
3,12	1,27409035396	5,04206228354	-21,2779337821
3,13	1,32645023152	4,60572997054	-16,9684788388
3,14	1,36135681656	4,55724860243	-0,538681867871
3,15	1,41371669412	4,84813681109	-4,71346634404
3,16	1,46607657168	4,50876723432	-13,3323762305
3,17	1,50098315672	4,4118044981	-9,15759175436
3,18	1,55334303427	4,36332312999	-8,48423941946
3,19	1,58824961931	4,31484176187	-13,7363876314
3,2	1,64060949687	4,16939765754	-26,1260705931
3,21	1,67551608191	3,68458397643	-29,7621732014
3,22	1,71042266695	3,49065850399	-25,5873887252
3,23	1,74532925199	3,29673303154	-29,7621732015
3,24	1,78023583703	2,81191935043	-26,1260705931
3,25	1,79768912955	2,6664752461	-13,8710580983
3,26	1,83259571459	2,61799387799	-9,42693268821
3,27	1,85004900711	2,56951250988	-13,8710580985
3,28	1,88495559215	2,42406840555	-26,1260705932
3,29	1,90240888467	1,93925472444	-29,7621732016
3,3	1,91986217719	1,74532925199	-25,5873887252
3,31	1,93731546971	1,55140377955	-29,7621732014
3,32	1,95476876223	1,06659009844	-26,126070593
3,33	1,95476876223	0,921145994111	-14,0057285653
3,34	1,97222205475	0,872664626	-10,3696259571
3,35	1,97222205475	0,824183257886	-18,4498539757
3,36	1,98967534727	0,630257785442	-37,9770716869
3,37	1,98967534727	0	-50,0974137146
3,38	1,98967534727	-0,630257785442	-37,9770716869
3,39	1,97222205475	-0,824183257886	-18,4498539757
3,4	1,97222205475	-0,872664626	-10,3696259571
3,41	1,95476876223	-0,921145994111	-13,8710580983
3,42	1,95476876223	-1,06659009844	-25,3180477911
3,43	1,93731546971	-1,55140377955	-26,126070593
3,44	1,91986217719	-1,69684788388	-18,3151835086
3,45	1,90240888467	-1,7938106201	-21,2779337822
3,46	1,88495559215	-1,98773609255	-34,2062986117
3,47	1,86750229963	-2,56951250988	-38,3810830878
3,48	1,83259571459	-3,05432619099	-17,5071607067
3,49	1,79768912955	-2,81191935044	-5,38681867891
3,5	1,78023583703	-2,86040071854	-18,8538653765
3,51	1,74532925199	-3,29673303154	-25,9914001262
3,52	1,71042266695	-3,49065850399	-23,9713431215
3,53	1,67551608191	-3,68458397643	-25,9914001261
3,54	1,64060949687	-4,12091628943	-18,7191949095
3,55	1,58824961931	-4,16939765754	-4,44412541019
3,56	1,55334303427	-3,92699081699	-12,9283648296
3,57	1,51843644924	-4,36332312999	-26,3954115271
3,58	1,46607657168	-4,79965544299	-12,9283648296
3,59	1,41371669412	-4,55724860243	-4,30945494312
3,6	1,37881010908	-4,60572997054	-17,7765016406
3,61	1,32645023152	-5,04206228354	-21,412604249
3,62	1,27409035396	-5,18750638787	-11,8510010939
3,63	1,2217304764	-5,23598775598	-3,63610260834
3,64	1,16937059884	-5,23598775598	3,63610260834
3,65	1,11701072128	-5,18750638787	11,7163306268
3,66	1,06465084372	-5,04206228354	20,3352405132
3,67	1,01229096616	-4,60572997054	12,2550124947
3,68	0,977384381117	-4,60572997054	-12,2550124947
3,69	0,925024503557	-5,04206228354	-20,2005700462
3,7	0,872664625997	-5,18750638787	-10,9083078249
3,71	0,820304748437	-5,23598775598	-3,15673413335E-011
3,72	0,767944870877	-5,18750638787	11,0429782919
3,73	0,715584993318	-5,04206228354	21,1432633151
3,74	0,663225115758	-4,60572997054	16,9684788388
3,75	0,628318530718	-4,55724860243	0,673352334898
3,76	0,575958653158	-4,84813681109	5,65615961302
3,77	0,523598775598	-4,50876723432	17,9111721077
3,78	0,488692190558	-4,36332312999	21,0085928481
3,79	0,436332312999	-4,16939765754	28,8194799326
3,8	0,401425727959	-3,68458397643	25,9914001261
3,81	0,366519142919	-3,5391398721	13,8710580984
3,82	0,331612557879	-3,49065850399	9,42693268825
3,83	0,296705972839	-3,44217713588	13,8710580984
3,84	0,261799387799	-3,29673303154	25,9914001262
3,85	0,226892802759	-2,81191935043	28,8194799326
3,86	0,209439510239	-2,61799387799	21,143263315
3,87	0,174532925199	-2,47254977366	18,8538653765
3,88	0,157079632679	-2,13318019688	10,2349554901
3,89	0,13962634016	-2,37558703744	12,6590238956
3,9	0,10471975512	-2,18166156499	38,3810830879
3,91	0,0872664625997	-1,308996939	39,1891058898
3,92	0,0872664625997	-1,11507146655	17,2378197728
3,93	0,0698131700798	-1,30899693899	22,0859565839
3,94	0,0523598775599	-0,824183257885	39,1891058896
3,95	0,0523598775599	-0,242406840554	33,5329462767
3,96	0,0523598775599	-0,0484813681109	17,5071607067
3,97	0,0523598775599	0	10,2349554901
3,98	0,0523598775599	0,0484813681109	14,0057285654
3,99	0,0523598775599	0,193925472444	26,1260705931
4	0,0523598775599	0,678739153552	29,7621732014
4,01	0,0698131700798	0,872664625996	25,7220591922
4,02	0,0698131700798	1,06659009844	30,7048664703
4,03	0,0872664625997	1,55140377955	30,7048664704
4,04	0,10471975512	1,745329252	25,7220591922
4,05	0,12217304764	1,93925472444	29,7621732014
4,06	0,13962634016	2,42406840555	26,126070593
4,07	0,174532925199	2,56951250988	13,8710580985
4,08	0,191986217719	2,61799387799	9,42693268836
4,09	0,226892802759	2,6664752461	13,8710580984
4,1	0,244346095279	2,81191935044	26,1260705931
4,11	0,279252680319	3,29673303154	29,6275027344
4,12	0,314159265359	3,49065850399	24,7793659234
4,13	0,349065850399	3,68458397643	26,1260705932
4,14	0,383972435439	4,12091628943	18,7191949095
4,15	0,436332312999	4,16939765754	4,44412541011
4,16	0,471238898038	3,92699081699	12,9283648295
4,17	0,506145483078	4,36332312999	26,395411527
4,18	0,558505360638	4,79965544298	12,9283648296
4,19	0,610865238198	4,55724860243	4,30945494324
4,2	0,645771823238	4,60572997054	17,6418311738
4,21	0,698131700798	5,04206228354	20,4699109802
4,22	0,750491578358	5,18750638787	7,40687568358
4,23	0,802851455917	5,18750638787	-7,2722052166
4,24	0,855211333477	5,04206228354	-19,3925472444
4,25	0,907571211037	4,60572997054	-12,1203420278
4,26	0,942477796077	4,60572997054	12,2550124947
4,27	0,994837673637	5,04206228354	20,3352405132
4,28	1,0471975512	5,18750638787	11,8510010937
4,29	1,09955742876	5,23598775598	4,4441254102
4,3	1,15191730632	5,23598775598	0
4,31	1,20427718388	5,23598775598	-4,4441254102
4,32	1,25663706144	5,18750638787	-11,9856715607
4,33	1,308996939	5,04206228354	-21,412604249
4,34	1,36135681656	4,60572997054	-17,7765016407
4,35	1,3962634016	4,55724860243	-4,30945494319
4,36	1,44862327916	4,79965544299	-12,9283648296
4,37	1,50098315672	4,36332312999	-26,3954115272
4,38	1,53588974175	3,92699081698	-12,9283648296
4,39	1,57079632679	4,16939765754	-4,30945494306
4,4	1,62315620435	4,12091628943	-17,9111721076
4,41	1,65806278939	3,68458397643	-22,3552975179
4,42	1,69296937443	3,5391398721	-16,699137905
4,43	1,72787595947	3,44217713588	-17,5071607068
4,44	1,76278254451	3,29673303154	-26,934093395
4,45	1,79768912955	2,81191935044	-29,8968436684
4,46	1,81514242207	2,61799387799	-25,5873887252
4,47	1,85004900711	2,42406840555	-29,7621732014
4,48	1,86750229963	1,93925472444	-26,1260705931
4,49	1,88495559215	1,79381062011	-13,8710580985
4,5	1,90240888467	1,74532925199	-9,42693268836
4,51	1,91986217719	1,69684788388	-13,8710580984
4,52	1,93731546971	1,55140377955	-26,126070593
4,53	1,95476876223	1,06659009844	-29,7621732013
4,54	1,95476876223	0,872664626	-25,5873887251
4,55	1,97222205475	0,678739153556	-29,8968436685
4,56	1,97222205475	0,193925472445	-26,9340933951
4,57	1,97222205475	0,0484813681112	-17,6418311738
4,58	1,97222205475	-0,0484813681112	-17,6418311738
4,59	1,97222205475	-0,193925472445	-26,9340933951
4,6	1,97222205475	-0,678739153556	-29,8968436685
4,61	1,95476876223	-0,872664626	-25,7220591921
4,62	1,95476876223	-1,06659009844	-30,7048664701
4,63	1,93731546971	-1,55140377955	-30,7048664702
4,64	1,91986217719	-1,74532925199	-25,7220591922
4,65	1,90240888467	-1,93925472444	-29,7621732016
4,66	1,88495559215	-2,42406840555	-26,1260705932
4,67	1,85004900711	-2,56951250988	-13,8710580985
4,68	1,83259571459	-2,61799387799	-9,42693268821
4,69	1,79768912955	-2,6664752461	-13,7363876313
4,7	1,78023583703	-2,81191935043	-25,3180477912
4,71	1,74532925199	-3,29673303154	-25,9914001262
4,72	1,71042266695	-3,44217713588	-17,5071607068
4,73	1,67551608191	-3,5391398721	-17,5071607067
4,74	1,64060949687	-3,68458397643	-25,9914001261
4,75	1,60570291183	-4,16939765754	-25,3180477912
4,76	1,55334303427	-4,31484176187	-13,7363876314
4,77	1,51843644924	-4,36332312999	-9,29226222128
4,78	1,46607657168	-4,4118044981	-12,7936943626
4,79	1,43116998664	-4,55724860243	-20,6045814472
4,8	1,37881010908	-4,99358091543	-13,1977057635
4,81	1,32645023152	-4,99358091543	7,54154615061
4,82	1,27409035396	-4,60572997054	7,54154615055
4,83	1,23918376892	-4,60572997054	-13,1977057635
4,84	1,18682389136	-5,04206228354	-20,4699109801
4,85	1,1344640138	-5,18750638787	-11,8510010938
4,86	1,08210413624	-5,23598775598	-4,57879587714
4,87	1,02974425868	-5,23598775598	-0,808022801816
4,88	0,977384381117	-5,23598775598	0,808022801822
4,89	0,925024503557	-5,23598775598	4,57879587716
4,9	0,872664625997	-5,18750638787	11,9856715608
4,91	0,820304748437	-5,04206228354	21,277933782
4,92	0,767944870877	-4,60572997054	16,8338083718
4,93	0,733038285838	-4,55724860243	-0,269340934029
4,94	0,680678408278	-4,8481368111	1,07736373577
4,95	0,628318530718	-4,55724860243	6,06017101389
4,96	0,593411945678	-4,55724860243	0,673352334846
4,97	0,541052068118	-4,79965544299	16,5644674379
4,98	0,488692190558	-4,31484176188	38,1117421539
4,99	0,453785605519	-3,73306534454	33,2636053428
5	0,418879020479	-3,5391398721	16,5644674379
5,01	0,383972435439	-3,49065850399	5,65615961299
5,02	0,349065850399	-3,49065850399	2,0200570047
5,03	0,314159265359	-3,49065850399	4,84813681109
5,04	0,279252680319	-3,44217713588	12,9283648295
5,05	0,244346095279	-3,29673303155	25,9914001261
5,06	0,209439510239	-2,81191935044	29,7621732015
5,07	0,191986217719	-2,61799387799	25,5873887253
5,08	0,157079632679	-2,42406840555	29,8968436685
5,09	0,13962634016	-1,93925472444	27,0687638619
5,1	0,12217304764	-1,79381062011	18,4498539755
5,11	0,10471975512	-1,69684788388	21,2779337821
5,12	0,0872664625997	-1,50292241144	34,2062986117
5,13	0,0698131700798	-0,921145994107	38,3810830879
5,14	0,0698131700798	-0,436332312998	17,6418311737
5,15	0,0698131700798	-0,678739153552	6,19484148084
5,16	0,0523598775599	-0,630257785441	22,6246384517
5,17	0,0523598775599	-0,145444104333	34,2062986116
5,18	0,0523598775599	0,145444104333	37,034378418
5,19	0,0523598775599	0,678739153552	29,7621732014
5,2	0,0698131700798	0,824183257885	14,8137513672
5,21	0,0698131700798	0,872664625996	10,5042964241
5,22	0,0872664625997	0,921145994107	18,3151835086
5,23	0,0872664625997	1,11507146655	37,1690488851
5,24	0,10471975512	1,745329252	46,3266406394
5,25	0,12217304764	2,32710566933	29,7621732014
5,26	0,157079632679	2,42406840555	5,38681867894
5,27	0,174532925199	2,13318019688	6,59885288184
5,28	0,191986217719	2,47254977366	18,0458425747
5,29	0,226892802759	2,61799387799	21,1432633151
5,3	0,244346095279	2,81191935044	29,7621732014
5,31	0,279252680319	3,29673303154	30,4355255362
5,32	0,314159265359	3,49065850399	24,9140363904
5,33	0,349065850399	3,68458397643	25,9914001263
5,34	0,383972435439	4,12091628943	17,9111721077
5,35	0,436332312999	4,16939765754	0,808022801793
5,36	0,471238898038	3,87850944888	5,65615961289
5,37	0,506145483078	4,21787902565	17,7765016406
5,38	0,558505360638	4,36332312999	20,0658995792
5,39	0,593411945678	4,55724860243	24,2406840555
5,4	0,645771823238	4,99358091543	14,0057285655
5,41	0,698131700798	4,99358091543	-7,40687568358
5,42	0,750491578358	4,60572997054	-7,54154615061
5,43	0,785398163397	4,60572997054	13,1977057636
5,44	0,837758040957	5,04206228354	20,4699109802
5,45	0,890117918517	5,18750638787	11,8510010937
5,46	0,942477796077	5,23598775598	4,57879587717
5,47	0,994837673637	5,23598775598	0,808022801848
5,48	1,0471975512	5,23598775598	-0,808022801881
5,49	1,09955742876	5,23598775598	-4,57879587711
5,5	1,15191730632	5,18750638787	-11,8510010938
5,51	1,20427718388	5,04206228354	-20,4699109802
5,52	1,25663706144	4,60572997054	-13,1977057635
5,53	1,29154364648	4,60572997054	7,54154615061
5,54	1,34390352404	4,99358091543	7,40687568368
5,55	1,3962634016	4,99358091543	-14,1403990323
5,56	1,44862327916	4,55724860243	-25,0487068574
5,57	1,4835298642	4,36332312999	-23,8366726546
5,58	1,53588974175	4,16939765754	-25,9914001261
5,59	1,57079632679	3,73306534454	-18,7191949095
5,6	1,60570291183	3,68458397643	-4,44412541017
5,61	1,64060949687	3,92699081699	-12,9283648296
5,62	1,69296937443	3,49065850399	-26,395411527
5,63	1,71042266695	3,05432619099	-12,9283648296
5,64	1,74532925199	3,29673303155	-4,44412541019
5,65	1,78023583703	3,24825166343	-18,7191949095
5,66	1,81514242207	2,81191935044	-26,1260705932
5,67	1,83259571459	2,61799387799	-24,9140363903
5,68	1,86750229963	2,42406840555	-30,5701960033
5,69	1,88495559215	1,93925472444	-30,7048664703
5,7	1,90240888467	1,74532925199	-25,7220591923
5,71	1,91986217719	1,55140377955	-29,7621732015
5,72	1,93731546971	1,06659009844	-26,1260705931
5,73	1,93731546971	0,921145994107	-13,8710580983
5,74	1,95476876223	0,872664625997	-9,56160315507
5,75	1,95476876223	0,824183257889	-14,6790809002
5,76	1,97222205475	0,678739153556	-29,8968436685
5,77	1,97222205475	0,145444104334	-37,9770716871
5,78	1,97222205475	-0,145444104334	-38,6504240219
5,79	1,97222205475	-0,678739153556	-33,5329462768
5,8	1,95476876223	-0,872664626	-22,0859565838
5,81	1,95476876223	-1,01810873033	-18,9885358433
5,82	1,93731546971	-1,35747830711	-10,23495549
5,83	1,91986217719	-1,11507146655	-12,6590238957
5,84	1,91986217719	-1,308996939	-38,3810830879
5,85	1,90240888467	-2,18166156499	-39,0544354228
5,86	1,86750229963	-2,37558703744	-16,2951265039
5,87	1,85004900711	-2,18166156499	-17,5071607067
5,88	1,83259571459	-2,61799387799	-27,3381047959
5,89	1,79768912955	-3,05432619099	-13,1977057635
5,9	1,76278254451	-2,81191935043	-5,25214821204
5,91	1,74532925199	-2,86040071855	-22,3552975179
5,92	1,71042266695	-3,34521439966	-33,3982758098
5,93	1,67551608191	-3,63610260832	-33,2636053428
5,94	1,64060949687	-4,12091628943	-21,547274716
5,95	1,58824961931	-4,16939765754	-1,6160456037
5,96	1,55334303427	-3,87850944888	-5,79083007992
5,97	1,51843644924	-4,21787902565	-17,7765016407
5,98	1,46607657168	-4,36332312999	-20,0658995793
5,99	1,43116998664	-4,55724860243	-24,2406840555
6	1,37881010908	-4,99358091543	-14,0057285654
6,01	1,32645023152	-4,99358091543	7,40687568363
6,02	1,27409035396	-4,60572997054	7,54154615055
6,03	1,23918376892	-4,60572997054	-13,1977057635
6,04	1,18682389136	-5,04206228354	-20,4699109801
6,05	1,1344640138	-5,18750638787	-11,7163306268
6,06	1,08210413624	-5,23598775598	-3,63610260832
6,07	1,02974425868	-5,23598775598	3,63610260835
6,08	0,977384381117	-5,18750638787	11,7163306268
6,09	0,925024503557	-5,04206228354	20,3352405132
6,1	0,872664625997	-4,60572997054	12,3896829618
6,11	0,837758040957	-4,60572997054	-11,3123192258
6,12	0,785398163397	-5,04206228354	-15,6217741691
6,13	0,733038285838	-5,13902501976	0,942693268748
6,14	0,680678408278	-5,04206228354	20,4699109802
6,15	0,628318530718	-4,55724860243	24,2406840555
6,16	0,593411945678	-4,4118044981	13,6017171645
6,17	0,541052068118	-4,36332312999	9,4269326882
6,18	0,506145483078	-4,31484176188	13,7363876313
6,19	0,453785605519	-4,16939765754	25,1833773243
6,2	0,418879020479	-3,68458397643	25,1833773244
6,21	0,383972435439	-3,5391398721	13,7363876315
6,22	0,349065850399	-3,49065850399	9,42693268833
6,23	0,314159265359	-3,44217713588	13,8710580984
6,24	0,279252680319	-3,29673303154	25,991400126
6,25	0,244346095279	-2,81191935044	28,8194799326
6,26	0,226892802759	-2,61799387799	21,1432633151
6,27	0,191986217719	-2,47254977366	18,8538653766
6,28	0,174532925199	-2,13318019688	10,2349554902
6,29	0,157079632679	-2,37558703743	12,6590238956
6,3	0,12217304764	-2,18166156499	38,3810830877
6,31	0,10471975512	-1,308996939	39,1891058897
6,32	0,10471975512	-1,11507146655	17,2378197729
6,33	0,0872664625997	-1,30899693899	22,0859565839
6,34	0,0698131700798	-0,824183257885	39,1891058897
6,35	0,0698131700798	-0,242406840554	33,5329462767
6,36	0,0698131700798	-0,0484813681109	17,5071607067
6,37	0,0698131700798	0	10,2349554901
6,38	0,0698131700798	0,0484813681109	14,0057285654
6,39	0,0698131700798	0,193925472444	26,1260705931
6,4	0,0698131700798	0,678739153552	29,7621732014
6,41	0,0872664625997	0,872664625996	25,5873887253
6,42	0,0872664625997	1,06659009844	29,8968436685
6,43	0,10471975512	1,55140377955	26,934093395
6,44	0,12217304764	1,69684788388	17,6418311736
6,45	0,13962634016	1,7938106201	17,6418311736
6,46	0,157079632679	1,93925472444	26,934093395
6,47	0,174532925199	2,42406840555	29,8968436685
6,48	0,209439510239	2,61799387799	25,5873887252
6,49	0,226892802759	2,81191935043	29,7621732014
6,5	0,261799387799	3,29673303154	25,9914001262
6,51	0,296705972839	3,44217713588	13,0630352966
6,52	0,331612557879	3,49065850399	5,65615961296
6,53	0,366519142919	3,49065850399	5,65615961294
6,54	0,401425727959	3,5391398721	12,9283648296
6,55	0,436332312999	3,68458397643	25,0487068573
6,56	0,471238898038	4,16939765754	25,1833773243
6,57	0,523598775598	4,31484176187	13,7363876314
6,58	0,558505360638	4,36332312999	9,29226222128
6,59	0,610865238198	4,4118044981	12,7936943626
6,6	0,645771823238	4,55724860243	20,6045814472
6,61	0,698131700798	4,99358091543	13,1977057635
6,62	0,750491578358	4,99358091543	-7,54154615061
6,63	0,802851455917	4,60572997054	-7,54154615055
6,64	0,837758040957	4,60572997054	13,1977057635
6,65	0,890117918517	5,04206228354	20,4699109801
6,66	0,942477796077	5,18750638787	11,7163306268
6,67	0,994837673637	5,23598775598	3,63610260832
6,68	1,0471975512	5,23598775598	-3,63610260835
6,69	1,09955742876	5,18750638787	-11,7163306268
6,7	1,15191730632	5,04206228354	-20,4699109802
6,71	1,20427718388	4,60572997054	-13,1977057636
6,72	1,23918376892	4,60572997054	7,54154615055
6,73	1,29154364648	4,99358091543	7,54154615061
6,74	1,34390352404	4,99358091543	-13,1977057634
6,75	1,3962634016	4,55724860243	-20,6045814471
6,76	1,43116998664	4,4118044981	-12,7936943627
6,77	1,4835298642	4,36332312999	-9,29226222131
6,78	1,51843644924	4,31484176187	-13,7363876314
6,79	1,57079632679	4,16939765754	-25,1833773243
6,8	1,60570291183	3,68458397643	-25,1833773243
6,81	1,64060949687	3,5391398721	-13,7363876314
6,82	1,67551608191	3,49065850399	-9,42693268825
6,83	1,71042266695	3,44217713588	-13,8710580984
6,84	1,74532925199	3,29673303154	-25,9914001262
6,85	1,78023583703	2,81191935043	-28,8194799326
6,86	1,79768912955	2,61799387799	-21,143263315
6,87	1,83259571459	2,47254977366	-18,8538653765
6,88	1,85004900711	2,13318019688	-10,2349554901
6,89	1,86750229963	2,37558703744	-12,6590238956
6,9	1,90240888467	2,18166156499	-38,3810830879
6,91	1,91986217719	1,308996939	-39,1891058898
6,92	1,91986217719	1,11507146655	-17,2378197728
6,93	1,93731546971	1,30899693899	-22,0859565839
6,94	1,95476876223	0,824183257885	-39,1891058896
6,95	1,95476876223	0,242406840554	-33,5329462767
6,96	1,95476876223	0,0484813681109	-17,5071607067
6,97	1,95476876223	0	-10,2349554901
6,98	1,95476876223	-0,0484813681109	-14,0057285654
6,99	1,95476876223	-0,193925472444	-26,1260705931
7	1,95476876223	-0,678739153552	-29,7621732014
7,01	1,93731546971	-0,872664625996	-25,5873887252
7,02	1,93731546971	-1,06659009844	-29,8968436684
7,03	1,91986217719	-1,55140377955	-26,934093395
7,04	1,90240888467	-1,69684788388	-17,6418311738
7,05	1,88495559215	-1,79381062011	-17,6418311738
7,06	1,86750229963	-1,93925472444	-26,9340933949
7,07	1,85004900711	-2,42406840555	-29,8968436684
7,08	1,81514242207	-2,61799387799	-25,5873887252
7,09	1,79768912955	-2,81191935044	-29,7621732014
7,1	1,76278254451	-3,29673303154	-25,9914001261
7,11	1,72787595947	-3,44217713588	-13,0630352966
7,12	1,69296937443	-3,49065850399	-5,65615961299
7,13	1,65806278939	-3,49065850399	-5,65615961296
7,14	1,62315620435	-3,5391398721	-12,9283648296
7,15	1,58824961931	-3,68458397643	-25,0487068573
7,16	1,55334303427	-4,16939765754	-25,1833773243
7,17	1,50098315672	-4,31484176188	-13,7363876315
7,18	1,46607657168	-4,36332312999	-9,29226222125
7,19	1,41371669412	-4,4118044981	-12,7936943625
7,2	1,37881010908	-4,55724860243	-20,6045814471
7,21	1,32645023152	-4,99358091543	-13,1977057635
7,22	1,27409035396	-4,99358091543	7,5415461505
7,23	1,2217304764	-4,60572997054	7,54154615056
7,24	1,18682389136	-4,60572997054	-13,1977057635
7,25	1,1344640138	-5,04206228354	-20,4699109802
7,26	1,08210413624	-5,18750638787	-11,7163306268
7,27	1,02974425868	-5,23598775598	-3,63610260828
7,28	0,977384381117	-5,23598775598	3,63610260829
7,29	0,925024503557	-5,18750638787	11,7163306268
7,3	0,872664625997	-5,04206228354	20,4699109802
7,31	0,820304748437	-4,60572997054	13,1977057635
7,32	0,785398163397	-4,60572997054	-7,54154615061
7,33	0,733038285838	-4,99358091543	-7,40687568368
7,34	0,680678408278	-4,99358091543	14,0057285654
7,35	0,628318530718	-4,55724860243	24,2406840555
7,36	0,593411945678	-4,36332312999	20,0658995793
7,37	0,541052068118	-4,21787902565	17,7765016406
7,38	0,506145483078	-3,87850944888	5,65615961286
7,39	0,471238898038	-4,16939765754	0,67335233488
7,4	0,418879020479	-4,12091628943	17,1031493059
7,41	0,383972435439	-3,68458397643	22,2206270509
7,42	0,349065850399	-3,5391398721	16,699137905
7,43	0,314159265359	-3,44217713588	17,5071607067
7,44	0,279252680319	-3,29673303154	26,9340933949
7,45	0,244346095279	-2,81191935044	29,8968436684
7,46	0,226892802759	-2,61799387799	25,5873887252
7,47	0,191986217719	-2,42406840555	29,7621732016
7,48	0,174532925199	-1,93925472444	26,1260705932
7,49	0,157079632679	-1,7938106201	13,8710580984
7,5	0,13962634016	-1,74532925199	9,42693268813
7,51	0,12217304764	-1,69684788388	13,8710580983
7,52	0,10471975512	-1,55140377955	26,1260705932
7,53	0,0872664625997	-1,06659009844	29,7621732015
7,54	0,0872664625997	-0,872664625996	25,7220591922
7,55	0,0698131700798	-0,678739153552	30,7048664703
7,56	0,0698131700798	-0,193925472444	30,7048664702
7,57	0,0698131700798	0	25,7220591922
7,58	0,0698131700798	0,193925472444	29,7621732014
7,59	0,0698131700798	0,678739153552	26,1260705931
7,6	0,0872664625997	0,824183257885	13,8710580984
7,61	0,0872664625997	0,872664625996	9,56160315528
7,62	0,10471975512	0,921145994108	14,6790809004
7,63	0,10471975512	1,06659009844	29,8968436685
7,64	0,12217304764	1,59988514766	37,8424012198
7,65	0,13962634016	1,89077335633	37,8424012198
7,66	0,157079632679	2,42406840555	29,8968436684
7,67	0,191986217719	2,56951250988	14,6790809003
7,68	0,209439510239	2,61799387799	9,5616031552
7,69	0,244346095279	2,6664752461	13,7363876314
7,7	0,261799387799	2,81191935044	25,3180477913
7,71	0,296705972839	3,29673303155	25,9914001262
7,72	0,331612557879	3,44217713588	17,5071607067
7,73	0,366519142919	3,5391398721	17,5071607067
7,74	0,401425727959	3,68458397643	25,9914001261
7,75	0,436332312999	4,16939765754	25,1833773243
7,76	0,488692190558	4,31484176187	12,7936943626
7,77	0,523598775598	4,36332312999	4,84813681114
7,78	0,575958653158	4,36332312999	1,88538653773
7,79	0,610865238198	4,36332312999	4,84813681109
7,8	0,663225115758	4,4118044981	12,7936943625
7,81	0,698131700798	4,55724860243	24,9140363903
7,82	0,750491578358	5,04206228354	24,1060135885
7,83	0,802851455917	5,18750638787	8,21489848554
7,84	0,855211333477	5,18750638787	-7,13753474963
7,85	0,907571211037	5,04206228354	-19,3925472444
7,86	0,959931088597	4,60572997054	-12,1203420277
7,87	0,994837673637	4,60572997054	12,1203420277
7,88	1,0471975512	5,04206228354	19,3925472443
7,89	1,09955742876	5,18750638787	7,27220521666
7,9	1,15191730632	5,18750638787	-7,40687568363
7,91	1,20427718388	5,04206228354	-20,3352405133
7,92	1,25663706144	4,60572997054	-16,8338083719
7,93	1,29154364648	4,55724860243	-0,538681867871
7,94	1,34390352404	4,84813681109	-4,71346634404
7,95	1,3962634016	4,50876723432	-13,3323762305
7,96	1,43116998664	4,4118044981	-9,15759175436
7,97	1,4835298642	4,36332312999	-8,48423941946
7,98	1,51843644924	4,31484176187	-13,6017171645
7,99	1,57079632679	4,16939765754	-25,1833773243
8	1,60570291183	3,68458397643	-25,1833773243
8,01	1,64060949687	3,5391398721	-13,7363876314
8,02	1,67551608191	3,49065850399	-9,42693268825
8,03	1,71042266695	3,44217713588	-13,8710580984
8,04	1,74532925199	3,29673303154	-26,1260705932
8,05	1,78023583703	2,81191935043	-29,7621732014
8,06	1,79768912955	2,61799387799	-25,5873887252
8,07	1,83259571459	2,42406840555	-29,7621732014
8,08	1,85004900711	1,93925472444	-26,1260705931
8,09	1,86750229963	1,79381062011	-13,8710580984
8,1	1,88495559215	1,745329252	-9,42693268834
8,11	1,90240888467	1,69684788388	-13,8710580985
8,12	1,91986217719	1,55140377955	-26,1260705932
8,13	1,93731546971	1,06659009844	-29,7621732014
8,14	1,93731546971	0,872664625996	-25,7220591922
8,15	1,95476876223	0,678739153552	-30,7048664702
8,16	1,95476876223	0,193925472444	-30,7048664702
8,17	1,95476876223	0	-25,8567296591
8,18	1,95476876223	-0,193925472444	-30,5701960033
8,19	1,95476876223	-0,678739153552	-29,7621732014
8,2	1,93731546971	-0,872664625996	-21,277933782
8,21	1,93731546971	-1,01810873033	-18,8538653765
8,22	1,91986217719	-1,3574783071	-10,2349554901
8,23	1,90240888467	-1,11507146655	-12,6590238957
8,24	1,90240888467	-1,308996939	-38,3810830879
8,25	1,88495559215	-2,18166156499	-39,0544354228
8,26	1,85004900711	-2,37558703744	-16,2951265039
8,27	1,83259571459	-2,18166156499	-17,5071607067
8,28	1,81514242207	-2,61799387799	-27,3381047959
8,29	1,78023583703	-3,05432619099	-13,0630352965
8,3	1,74532925199	-2,81191935043	-4,44412541019
8,31	1,72787595947	-2,86040071855	-18,7191949096
8,32	1,69296937443	-3,29673303155	-26,1260705931
8,33	1,65806278939	-3,49065850399	-24,7793659234
8,34	1,62315620435	-3,68458397643	-29,6275027344
8,35	1,58824961931	-4,16939765754	-26,1260705931
8,36	1,53588974175	-4,31484176187	-13,7363876315
8,37	1,50098315672	-4,36332312999	-8,48423941948
8,38	1,44862327916	-4,4118044981	-9,15759175428
8,39	1,41371669412	-4,50876723432	-13,3323762304
8,4	1,36135681656	-4,84813681109	-4,71346634409
8,41	1,308996939	-4,55724860243	-0,404011400953
8,42	1,27409035396	-4,60572997054	-16,0257855701
8,43	1,2217304764	-5,04206228354	-16,6991379049
8,44	1,16937059884	-5,13902501976	-0,134670466948
8,45	1,11701072128	-5,04206228354	15,756444636
8,46	1,06465084372	-4,60572997054	11,3123192259
8,47	1,02974425868	-4,60572997054	-12,2550124947
8,48	0,977384381117	-5,04206228354	-19,3925472444
8,49	0,925024503557	-5,18750638787	-7,27220521661
8,5	0,872664625997	-5,18750638787	7,40687568369
8,51	0,820304748437	-5,04206228354	20,3352405132
8,52	0,767944870877	-4,60572997054	16,8338083718
8,53	0,733038285838	-4,55724860243	0,538681867824
8,54	0,680678408278	-4,8481368111	4,71346634411
8,55	0,628318530718	-4,50876723432	13,3323762306
8,56	0,593411945678	-4,4118044981	9,15759175431
8,57	0,541052068118	-4,36332312999	8,48423941938
8,58	0,506145483078	-4,31484176188	13,6017171644
8,59	0,453785605519	-4,16939765754	25,3180477912
8,6	0,418879020479	-3,68458397643	25,9914001262
8,61	0,383972435439	-3,5391398721	17,3724902398
8,62	0,349065850399	-3,44217713588	16,699137905
8,63	0,314159265359	-3,29673303154	22,3552975178
8,64	0,279252680319	-2,86040071855	18,0458425745
8,65	0,261799387799	-2,81191935044	5,25214821199
8,66	0,226892802759	-3,05432619099	17,5071607068
8,67	0,191986217719	-2,56951250988	38,3810830879
8,68	0,174532925199	-1,98773609255	34,2062986117
8,69	0,157079632679	-1,7938106201	21,277933782
8,7	0,13962634016	-1,69684788388	18,3151835085
8,71	0,12217304764	-1,55140377955	26,126070593
8,72	0,10471975512	-1,06659009844	25,3180477913
8,73	0,10471975512	-0,921145994108	13,8710580985
8,74	0,0872664625997	-0,872664625996	10,3696259571
8,75	0,0872664625997	-0,824183257885	18,3151835086
8,76	0,0698131700798	-0,630257785441	37,169048885
8,77	0,0698131700798	0	46,4613111063
8,78	0,0698131700798	0,581776417331	30,7048664702
8,79	0,0872664625997	0,678739153552	9,96561455616
8,8	0,0872664625997	0,436332312998	18,4498539756
8,81	0,0872664625997	0,921145994108	38,3810830879
8,82	0,10471975512	1,50292241144	33,3982758098
8,83	0,12217304764	1,69684788388	17,5071607066
8,84	0,13962634016	1,74532925199	10,23495549
8,85	0,157079632679	1,7938106201	14,0057285654
8,86	0,174532925199	1,93925472444	26,1260705932
8,87	0,191986217719	2,42406840555	29,7621732016
8,88	0,226892802759	2,61799387799	25,5873887252
8,89	0,244346095279	2,81191935044	29,7621732014
8,9	0,279252680319	3,29673303154	25,991400126
8,91	0,314159265359	3,44217713588	13,0630352965
8,92	0,349065850399	3,49065850399	5,65615961302
8,93	0,383972435439	3,49065850399	5,65615961299
8,94	0,418879020479	3,5391398721	12,9283648296
8,95	0,453785605519	3,68458397643	25,0487068573
8,96	0,488692190558	4,16939765754	25,1833773243
8,97	0,541052068118	4,31484176187	13,7363876315
8,98	0,575958653158	4,36332312999	9,29226222134
8,99	0,628318530718	4,4118044981	12,7936943626
9	0,663225115758	4,55724860243	20,6045814471
9,01	0,715584993318	4,99358091543	13,1977057635
9,02	0,767944870877	4,99358091543	-7,54154615061
9,03	0,820304748437	4,60572997054	-7,54154615066
9,04	0,855211333477	4,60572997054	13,1977057635
9,05	0,907571211037	5,04206228354	20,3352405132
9,06	0,959931088597	5,18750638787	10,9083078251
9,07	1,01229096616	5,23598775599	7,89442585377E-011
9,08	1,06465084372	5,18750638787	-10,908307825
9,09	1,11701072128	5,04206228354	-20,3352405133
9,1	1,16937059884	4,60572997054	-13,1977057636
9,11	1,20427718388	4,60572997054	7,5415461506
9,12	1,25663706144	4,99358091543	7,54154615066
9,13	1,308996939	4,99358091543	-13,1977057635
9,14	1,36135681656	4,55724860243	-20,6045814472
9,15	1,3962634016	4,4118044981	-12,7936943626
9,16	1,44862327916	4,36332312999	-9,29226222128
9,17	1,4835298642	4,31484176187	-13,7363876314
9,18	1,53588974175	4,16939765754	-25,1833773243
9,19	1,57079632679	3,68458397643	-25,0487068573
9,2	1,60570291183	3,5391398721	-12,9283648296
9,21	1,64060949687	3,49065850399	-5,65615961294
9,22	1,67551608191	3,49065850399	-5,65615961296
9,23	1,71042266695	3,44217713588	-13,0630352966
9,24	1,74532925199	3,29673303154	-25,9914001262
9,25	1,78023583703	2,81191935043	-29,7621732014
9,26	1,79768912955	2,61799387799	-25,5873887252
9,27	1,83259571459	2,42406840555	-29,8968436684
9,28	1,85004900711	1,93925472444	-26,9340933949
9,29	1,86750229963	1,79381062011	-17,6418311737
9,3	1,88495559215	1,69684788388	-17,6418311738
9,31	1,90240888467	1,55140377955	-26,7994229281
9,32	1,91986217719	1,06659009844	-29,0888208666
9,33	1,91986217719	0,872664625996	-21,9512861169
9,34	1,93731546971	0,727220521663	-22,4899679848
9,35	1,93731546971	0,339369576776	-17,6418311737
9,36	1,93731546971	0,484813681109	-21,9512861169
9,37	1,95476876223	0	-33,9369576776
9,38	1,93731546971	-0,484813681109	-21,9512861169
9,39	1,93731546971	-0,339369576776	-17,6418311737
9,4	1,93731546971	-0,727220521663	-22,4899679848
9,41	1,91986217719	-0,872664625996	-22,0859565839
9,42	1,91986217719	-1,06659009844	-29,8968436685
9,43	1,90240888467	-1,55140377955	-30,5701960034
9,44	1,88495559215	-1,745329252	-25,7220591923
9,45	1,86750229963	-1,93925472444	-29,7621732014
9,46	1,85004900711	-2,42406840555	-26,1260705931
9,47	1,81514242207	-2,56951250988	-13,8710580984
9,48	1,79768912955	-2,61799387799	-9,4269326882
9,49	1,76278254451	-2,6664752461	-13,7363876314
9,5	1,74532925199	-2,81191935044	-25,3180477913
9,51	1,71042266695	-3,29673303155	-25,9914001262
9,52	1,67551608191	-3,44217713588	-17,5071607067
9,53	1,64060949687	-3,5391398721	-17,5071607067
9,54	1,60570291183	-3,68458397643	-25,9914001261
9,55	1,57079632679	-4,16939765754	-25,1833773243
9,56	1,51843644924	-4,31484176187	-12,7936943626
9,57	1,4835298642	-4,36332312999	-4,84813681114
9,58	1,43116998664	-4,36332312999	-1,88538653773
9,59	1,3962634016	-4,36332312999	-4,84813681109
9,6	1,34390352404	-4,4118044981	-12,6590238955
9,61	1,308996939	-4,55724860243	-24,1060135884
9,62	1,25663706144	-5,04206228354	-20,4699109802
9,63	1,20427718388	-5,13902501976	-0,942693268903
9,64	1,15191730632	-5,04206228354	15,621774169
9,65	1,09955742876	-4,60572997054	11,3123192259
9,66	1,06465084372	-4,60572997054	-12,2550124947
9,67	1,01229096616	-5,04206228354	-19,3925472444
9,68	0,959931088597	-5,18750638787	-7,2722052166
9,69	0,907571211037	-5,18750638787	7,40687568358
9,7	0,855211333477	-5,04206228354	20,3352405132
9,71	0,802851455917	-4,60572997054	16,8338083719
9,72	0,767944870877	-4,55724860243	0,538681867928
9,73	0,715584993318	-4,84813681109	4,71346634409
9,74	0,663225115758	-4,50876723432	13,3323762304
9,75	0,628318530718	-4,4118044981	9,15759175428
9,76	0,575958653158	-4,36332312999	8,48423941948
9,77	0,541052068118	-4,31484176187	13,6017171645
9,78	0,488692190558	-4,16939765754	25,1833773243
9,79	0,453785605519	-3,68458397643	25,0487068573
9,8	0,418879020479	-3,5391398721	12,9283648296
9,81	0,383972435439	-3,49065850399	5,65615961299
9,82	0,349065850399	-3,49065850399	5,65615961302
9,83	0,314159265359	-3,44217713588	13,0630352965
9,84	0,279252680319	-3,29673303154	25,991400126
9,85	0,244346095279	-2,81191935044	29,7621732014
9,86	0,226892802759	-2,61799387799	25,5873887252
9,87	0,191986217719	-2,42406840555	29,8968436685
9,88	0,174532925199	-1,93925472444	26,9340933951
9,89	0,157079632679	-1,7938106201	17,6418311737
9,9	0,13962634016	-1,69684788388	17,6418311736
9,91	0,12217304764	-1,55140377955	26,9340933949
9,92	0,10471975512	-1,06659009844	29,8968436685
9,93	0,10471975512	-0,872664625997	25,5873887253
9,94	0,0872664625997	-0,678739153553	29,8968436685
9,95	0,0872664625997	-0,193925472444	26,934093395
9,96	0,0872664625997	-0,0484813681109	17,6418311737
9,97	0,0872664625997	0,0484813681109	17,6418311737
9,98	0,0872664625997	0,193925472444	26,799422928
9,99	0,0872664625997	0,678739153553	29,0888208666
10	0,10471975512	0,872664625997	21,951286117
10,01	0,10471975512	1,01810873033	22,4899679849
10,02	0,12217304764	1,40595967522	17,6418311736
10,03	0,13962634016	1,26051557088	21,9512861168
10,04	0,13962634016	1,74532925199	33,9369576776
10,05	0,174532925199	2,2301429331	21,951286117
10,06	0,191986217719	2,08469882877	17,6418311738
10,07	0,209439510239	2,47254977366	22,4899679848
10,08	0,244346095279	2,61799387799	21,9512861169
10,09	0,261799387799	2,81191935044	28,9541503996
10,1	0,296705972839	3,29673303155	25,8567296592
10,11	0,331612557879	3,44217713588	13,0630352966
10,12	0,366519142919	3,49065850399	5,65615961294
10,13	0,401425727959	3,49065850399	5,65615961294
10,14	0,436332312999	3,5391398721	12,9283648296
10,15	0,471238898038	3,68458397643	25,0487068573
10,16	0,506145483078	4,16939765754	25,1833773243
10,17	0,558505360638	4,31484176187	13,7363876314
10,18	0,593411945678	4,36332312999	9,29226222131
10,19	0,645771823238	4,4118044981	12,7936943627
10,2	0,680678408278	4,55724860243	20,6045814471
10,21	0,733038285838	4,99358091543	13,1977057634
10,22	0,785398163397	4,99358091543	-7,54154615061
10,23	0,837758040957	4,60572997054	-7,54154615055
10,24	0,872664625997	4,60572997054	13,0630352966
10,25	0,925024503557	5,04206228354	19,5272177114
10,26	0,977384381117	5,18750638787	7,27220521661
10,27	1,02974425868	5,18750638787	-7,2722052166
10,28	1,08210413624	5,04206228354	-19,5272177113
10,29	1,1344640138	4,60572997054	-13,0630352966
10,3	1,16937059884	4,60572997054	7,54154615061
10,31	1,2217304764	4,99358091543	7,54154615056
10,32	1,27409035396	4,99358091543	-13,1977057636
10,33	1,32645023152	4,55724860243	-20,4699109802
10,34	1,36135681656	4,4118044981	-11,8510010937
10,35	1,41371669412	4,36332312999	-4,71346634404
10,36	1,44862327916	4,36332312999	-1,88538653765
10,37	1,50098315672	4,36332312999	-4,84813681117
10,38	1,53588974175	4,31484176187	-12,9283648296
10,39	1,58824961931	4,16939765754	-25,9914001261
10,4	1,62315620435	3,68458397643	-29,7621732014
10,41	1,65806278939	3,49065850399	-25,5873887252
10,42	1,69296937443	3,29673303155	-29,7621732015
10,43	1,72787595947	2,81191935044	-26,1260705932
10,44	1,74532925199	2,6664752461	-13,8710580985
10,45	1,78023583703	2,61799387799	-9,42693268817
10,46	1,79768912955	2,56951250988	-13,7363876313
10,47	1,83259571459	2,42406840555	-25,3180477912
10,48	1,85004900711	1,93925472444	-25,9914001261
10,49	1,86750229963	1,79381062011	-17,5071607067
10,5	1,88495559215	1,69684788388	-17,6418311738
10,51	1,90240888467	1,55140377955	-26,9340933951
10,52	1,91986217719	1,06659009844	-29,8968436685
10,53	1,91986217719	0,872664625996	-25,5873887252
10,54	1,93731546971	0,678739153552	-29,8968436684
10,55	1,93731546971	0,193925472444	-26,9340933949
10,56	1,93731546971	0,0484813681109	-17,6418311737
10,57	1,93731546971	-0,0484813681109	-17,6418311737
10,58	1,93731546971	-0,193925472444	-26,9340933949
10,59	1,93731546971	-0,678739153552	-29,8968436684
10,6	1,91986217719	-0,872664625996	-25,5873887252
10,61	1,91986217719	-1,06659009844	-29,7621732015
10,62	1,90240888467	-1,55140377955	-26,1260705932
10,63	1,88495559215	-1,69684788388	-14,0057285655
10,64	1,86750229963	-1,745329252	-10,23495549
10,65	1,85004900711	-1,7938106201	-17,5071607067
10,66	1,83259571459	-1,98773609255	-33,3982758098
10,67	1,81514242207	-2,56951250988	-38,2464126209
10,68	1,78023583703	-3,05432619099	-17,5071607067
10,69	1,74532925199	-2,81191935043	-5,25214821204
10,7	1,72787595947	-2,86040071855	-18,0458425747
10,71	1,69296937443	-3,29673303155	-22,3552975178
10,72	1,65806278939	-3,44217713588	-16,6991379049
10,73	1,62315620435	-3,5391398721	-17,3724902397
10,74	1,58824961931	-3,68458397643	-25,9914001261
10,75	1,55334303427	-4,16939765754	-25,3180477913
10,76	1,50098315672	-4,31484176188	-13,6017171645
10,77	1,46607657168	-4,36332312999	-8,48423941941
10,78	1,41371669412	-4,4118044981	-9,1575917542
10,79	1,37881010908	-4,50876723432	-13,3323762305
10,8	1,32645023152	-4,84813681109	-4,57879587717
10,81	1,27409035396	-4,55724860243	0,404011400849
10,82	1,23918376892	-4,60572997054	-12,3896829617
10,83	1,18682389136	-4,99358091543	-9,42693268815
10,84	1,1344640138	-4,99358091543	8,34956895246
10,85	1,08210413624	-4,60572997054	7,67621661753
10,86	1,0471975512	-4,60572997054	-13,0630352966
10,87	0,994837673637	-5,04206228354	-19,5272177114
10,88	0,942477796077	-5,18750638787	-7,27220521661
10,89	0,890117918517	-5,18750638787	7,40687568357
10,9	0,837758040957	-5,04206228354	20,3352405132
10,91	0,785398163397	-4,60572997054	16,8338083719
10,92	0,750491578358	-4,55724860243	0,673352334847
10,93	0,698131700798	-4,8481368111	5,52148914599
10,94	0,645771823238	-4,50876723432	16,9684788389
10,95	0,610865238198	-4,36332312999	16,429796971
10,96	0,558505360638	-4,21787902565	16,9684788388
10,97	0,523598775598	-3,87850944888	5,52148914597
10,98	0,488692190558	-4,16939765754	0,80802280185
10,99	0,436332312999	-4,12091628943	17,9111721076
11	0,401425727959	-3,68458397643	25,9914001261
11,01	0,366519142919	-3,49065850399	24,7793659234
11,02	0,331612557879	-3,29673303154	29,6275027345
11,03	0,296705972839	-2,81191935043	26,1260705931
11,04	0,279252680319	-2,6664752461	13,8710580983
11,05	0,244346095279	-2,61799387799	9,42693268821
11,06	0,226892802759	-2,56951250988	13,8710580985
11,07	0,191986217719	-2,42406840555	26,1260705932
11,08	0,174532925199	-1,93925472444	29,7621732016
11,09	0,157079632679	-1,74532925199	25,5873887252
11,1	0,13962634016	-1,55140377955	29,7621732014
11,11	0,12217304764	-1,06659009844	26,126070593
11,12	0,12217304764	-0,921145994111	13,8710580983
11,13	0,10471975512	-0,872664626	9,56160315528
11,14	0,10471975512	-0,824183257886	14,6790809004
11,15	0,0872664625997	-0,678739153553	29,8968436685
11,16	0,0872664625997	-0,145444104333	37,8424012199
11,17	0,0872664625997	0,145444104333	37,8424012199
11,18	0,0872664625997	0,678739153553	29,8968436685
11,19	0,10471975512	0,824183257886	14,6790809004
11,2	0,10471975512	0,872664626	9,69627362226
11,21	0,12217304764	0,921145994111	14,6790809002
11,22	0,12217304764	1,06659009844	29,7621732013
11,23	0,13962634016	1,59988514766	37,034378418
11,24	0,157079632679	1,89077335633	34,2062986117
11,25	0,174532925199	2,37558703744	22,6246384518
11,26	0,209439510239	2,42406840555	6,19484148083
11,27	0,226892802759	2,18166156499	17,6418311737
11,28	0,244346095279	2,6664752461	38,2464126208
11,29	0,279252680319	3,24825166343	33,2636053427
11,3	0,314159265359	3,44217713588	16,6991379049
11,31	0,349065850399	3,49065850399	6,46418241487
11,32	0,383972435439	3,49065850399	5,65615961299
11,33	0,418879020479	3,5391398721	12,1203420277
11,34	0,453785605519	3,68458397643	21,412604249
11,35	0,488692190558	4,12091628943	17,7765016407
11,36	0,541052068118	4,16939765754	4,30945494324
11,37	0,575958653158	3,92699081699	12,9283648296
11,38	0,610865238198	4,36332312999	26,395411527
11,39	0,663225115758	4,79965544298	12,9283648295
11,4	0,715584993318	4,55724860243	4,17478447619
11,41	0,750491578358	4,60572997054	16,8338083719
11,42	0,802851455917	5,04206228354	16,8338083719
11,43	0,855211333477	5,13902501976	0,134670466998
11,44	0,907571211037	5,04206228354	-15,7564446361
11,45	0,959931088597	4,60572997054	-11,4469896928
11,46	0,994837673637	4,60572997054	11,4469896928
11,47	1,0471975512	5,04206228354	15,756444636
11,48	1,09955742876	5,13902501976	-0,134670466948
11,49	1,15191730632	5,04206228354	-16,6991379049
11,5	1,20427718388	4,60572997054	-16,0257855701
11,51	1,23918376892	4,55724860243	-0,404011400953
11,52	1,29154364648	4,84813681109	-4,71346634409
11,53	1,34390352404	4,50876723432	-13,3323762304
11,54	1,37881010908	4,4118044981	-9,15759175428
11,55	1,43116998664	4,36332312999	-8,48423941948
11,56	1,46607657168	4,31484176187	-13,6017171645
11,57	1,51843644924	4,16939765754	-25,1833773243
11,58	1,55334303427	3,68458397643	-25,0487068573
11,59	1,58824961931	3,5391398721	-12,9283648296
11,6	1,62315620435	3,49065850399	-5,65615961294
11,61	1,65806278939	3,49065850399	-5,65615961296
11,62	1,69296937443	3,44217713588	-13,0630352966
11,63	1,72787595947	3,29673303154	-25,9914001262
11,64	1,76278254451	2,81191935043	-29,7621732014
11,65	1,78023583703	2,61799387799	-25,5873887252
11,66	1,81514242207	2,42406840555	-29,7621732015
11,67	1,83259571459	1,93925472444	-26,1260705931
11,68	1,85004900711	1,7938106201	-14,0057285653
11,69	1,86750229963	1,745329252	-10,23495549
11,7	1,88495559215	1,69684788388	-17,5071607068
11,71	1,90240888467	1,50292241144	-33,3982758099
11,72	1,91986217719	0,921145994107	-38,3810830879
11,73	1,91986217719	0,436332312998	-18,4498539756
11,74	1,91986217719	0,678739153552	-9,83094408916
11,75	1,93731546971	0,581776417331	-29,8968436684
11,76	1,93731546971	0	-42,8252084979
11,77	1,93731546971	-0,581776417331	-29,8968436684
11,78	1,91986217719	-0,678739153552	-9,83094408916
11,79	1,91986217719	-0,436332312998	-18,4498539756
11,8	1,91986217719	-0,921145994107	-38,3810830879
11,81	1,90240888467	-1,50292241144	-33,2636053429
11,82	1,88495559215	-1,69684788388	-16,6991379049
11,83	1,86750229963	-1,745329252	-6,59885288171
11,84	1,85004900711	-1,74532925199	-6,5988528817
11,85	1,83259571459	-1,7938106201	-16,6991379049
11,86	1,81514242207	-1,98773609255	-33,2636053428
11,87	1,79768912955	-2,56951250988	-38,2464126208
11,88	1,76278254451	-3,05432619099	-17,5071607067
11,89	1,72787595947	-2,81191935044	-5,38681867907
11,9	1,71042266695	-2,86040071855	-18,8538653765
11,91	1,67551608191	-3,29673303155	-25,9914001261
11,92	1,64060949687	-3,49065850399	-23,9713431215
11,93	1,60570291183	-3,68458397643	-25,9914001261
11,94	1,57079632679	-4,12091628943	-18,7191949095
11,95	1,51843644924	-4,16939765754	-4,44412541019
11,96	1,4835298642	-3,92699081699	-12,9283648296
11,97	1,44862327916	-4,36332312999	-26,2607410601
11,98	1,3962634016	-4,79965544299	-11,9856715607
11,99	1,34390352404	-4,55724860243	0,269340934029
12	1,308996939	-4,55724860243	-5,92550054683
12,01	1,25663706144	-4,84813681109	-1,07736373578
12,02	1,20427718388	-4,55724860243	0,404011400899
12,03	1,16937059884	-4,60572997054	-15,8911151031
12,04	1,11701072128	-5,04206228354	-16,699137905
12,05	1,06465084372	-5,13902501976	-0,134670467055
12,06	1,01229096616	-5,04206228354	15,8911151031
12,07	0,959931088597	-4,60572997054	12,2550124948
12,08	0,925024503557	-4,60572997054	-7,81088708445
12,09	0,872664625997	-4,99358091543	-8,34956895241
12,1	0,820304748437	-4,99358091543	9,42693268821
12,11	0,767944870877	-4,60572997054	12,3896829616
12,12	0,733038285838	-4,55724860243	-0,269340934029
12,13	0,680678408278	-4,8481368111	5,52148914596
12,14	0,628318530718	-4,50876723432	17,9111721077
12,15	0,593411945678	-4,36332312999	21,0085928481
12,16	0,541052068118	-4,16939765754	28,8194799326
12,17	0,506145483078	-3,68458397643	25,8567296591
12,18	0,471238898038	-3,5391398721	12,9283648296
12,19	0,436332312999	-3,49065850399	4,84813681109
12,2	0,401425727959	-3,49065850399	1,88538653765
12,21	0,366519142919	-3,49065850399	4,84813681109
12,22	0,331612557879	-3,44217713588	12,9283648296
12,23	0,296705972839	-3,29673303155	25,9914001262
12,24	0,261799387799	-2,81191935044	29,7621732015
12,25	0,244346095279	-2,61799387799	25,5873887252
12,26	0,209439510239	-2,42406840555	29,8968436684
12,27	0,191986217719	-1,93925472444	26,934093395
12,28	0,174532925199	-1,7938106201	17,6418311738
12,29	0,157079632679	-1,69684788388	17,6418311737
12,3	0,13962634016	-1,55140377955	26,9340933949
12,31	0,12217304764	-1,06659009844	29,8968436683
12,32	0,12217304764	-0,872664626	25,5873887251
12,33	0,10471975512	-0,678739153556	29,7621732015
12,34	0,10471975512	-0,193925472445	26,1260705932
12,35	0,10471975512	-0,0484813681112	13,8710580985
12,36	0,10471975512	0	9,42693268829
12,37	0,10471975512	0,0484813681112	13,8710580985
12,38	0,10471975512	0,193925472445	26,1260705932
12,39	0,10471975512	0,678739153556	29,7621732015
12,4	0,12217304764	0,872664626	25,7220591921
12,41	0,12217304764	1,06659009844	30,7048664701
12,42	0,13962634016	1,55140377955	30,7048664702
12,43	0,157079632679	1,74532925199	25,7220591922
12,44	0,174532925199	1,93925472444	29,7621732016
12,45	0,191986217719	2,42406840555	26,1260705932
12,46	0,226892802759	2,56951250988	13,8710580985
12,47	0,244346095279	2,61799387799	9,42693268821
12,48	0,279252680319	2,6664752461	13,7363876313
12,49	0,296705972839	2,81191935043	25,3180477912
12,5	0,331612557879	3,29673303154	25,9914001262
12,51	0,366519142919	3,44217713588	17,3724902398
12,52	0,401425727959	3,5391398721	16,6991379049
12,53	0,436332312999	3,68458397643	22,3552975178
12,54	0,471238898038	4,12091628943	17,9111721076
12,55	0,523598775598	4,16939765754	4,30945494319
12,56	0,558505360638	3,92699081699	12,9283648296
12,57	0,593411945678	4,36332312999	26,2607410601
12,58	0,645771823238	4,79965544298	11,9856715608
12,59	0,698131700798	4,55724860243	-0,269340933948
12,6	0,733038285838	4,55724860243	5,92550054681
12,61	0,785398163397	4,84813681109	1,07736373577
12,62	0,837758040957	4,55724860243	-0,404011400895
12,63	0,872664625997	4,60572997054	15,8911151031
12,64	0,925024503557	5,04206228354	16,6991379049
12,65	0,977384381117	5,13902501976	0,134670466948
12,66	1,02974425868	5,04206228354	-15,891115103
12,67	1,08210413624	4,60572997054	-12,2550124947
12,68	1,11701072128	4,60572997054	7,8108870845
12,69	1,16937059884	4,99358091543	8,34956895246
12,7	1,2217304764	4,99358091543	-9,56160315523
12,71	1,27409035396	4,60572997054	-13,1977057636
12,72	1,308996939	4,55724860243	-3,36676167442
12,73	1,36135681656	4,79965544298	-12,7936943626
12,74	1,41371669412	4,36332312999	-26,395411527
12,75	1,44862327916	3,92699081699	-12,9283648296
12,76	1,4835298642	4,16939765754	-4,30945494319
12,77	1,53588974175	4,12091628943	-17,7765016407
12,78	1,57079632679	3,68458397643	-21,5472747159
12,79	1,60570291183	3,5391398721	-12,9283648296
12,8	1,64060949687	3,49065850399	-9,29226222126
12,81	1,67551608191	3,44217713588	-13,8710580984
12,82	1,71042266695	3,29673303155	-26,1260705931
12,83	1,74532925199	2,81191935044	-29,7621732015
12,84	1,76278254451	2,61799387799	-25,5873887252
12,85	1,79768912955	2,42406840555	-29,7621732014
12,86	1,81514242207	1,93925472444	-26,1260705932
12,87	1,83259571459	1,7938106201	-13,8710580985
12,88	1,85004900711	1,74532925199	-9,42693268817
12,89	1,86750229963	1,69684788388	-13,8710580983
12,9	1,88495559215	1,55140377955	-26,1260705932
12,91	1,90240888467	1,06659009844	-29,7621732015
12,92	1,90240888467	0,872664625996	-25,5873887253
12,93	1,91986217719	0,678739153552	-29,8968436684
12,94	1,91986217719	0,193925472444	-26,9340933949
12,95	1,91986217719	0,0484813681109	-17,6418311737
12,96	1,91986217719	-0,0484813681109	-17,6418311737
12,97	1,91986217719	-0,193925472444	-26,799422928
12,98	1,91986217719	-0,678739153552	-29,0888208666
12,99	1,90240888467	-0,872664625996	-21,9512861169
13	1,90240888467	-1,01810873033	-22,4899679849
13,01	1,88495559215	-1,40595967522	-17,6418311738
13,02	1,86750229963	-1,26051557089	-21,9512861168
13,03	1,86750229963	-1,74532925199	-33,9369576776
13,04	1,83259571459	-2,2301429331	-21,9512861169
13,05	1,81514242207	-2,08469882877	-17,6418311738
13,06	1,79768912955	-2,47254977366	-22,4899679848
13,07	1,76278254451	-2,61799387799	-21,9512861169
13,08	1,74532925199	-2,81191935044	-28,9541503996
13,09	1,71042266695	-3,29673303155	-25,8567296592
13,1	1,67551608191	-3,44217713588	-13,0630352966
13,11	1,64060949687	-3,49065850399	-5,65615961292
13,12	1,60570291183	-3,49065850399	-5,65615961289
13,13	1,57079632679	-3,5391398721	-12,9283648295
13,14	1,53588974175	-3,68458397643	-25,0487068573
13,15	1,50098315672	-4,16939765754	-25,1833773244
13,16	1,44862327916	-4,31484176188	-13,6017171645
13,17	1,41371669412	-4,36332312999	-8,48423941935
13,18	1,36135681656	-4,4118044981	-9,15759175426
13,19	1,32645023152	-4,50876723432	-13,3323762305
13,2	1,27409035396	-4,84813681109	-4,57879587722
13,21	1,2217304764	-4,55724860243	0,4040114009
13,22	1,18682389136	-4,60572997054	-12,3896829616
13,23	1,1344640138	-4,99358091543	-9,42693268825
13,24	1,08210413624	-4,99358091543	8,48423941943
13,25	1,02974425868	-4,60572997054	8,61890988646
13,26	0,994837673637	-4,60572997054	-8,61890988635
13,27	0,942477796077	-4,99358091543	-8,48423941943
13,28	0,890117918517	-4,99358091543	9,42693268815
13,29	0,837758040957	-4,60572997054	12,3896829617
13,3	0,802851455917	-4,55724860243	-0,404011400849
13,31	0,750491578358	-4,84813681109	4,57879587717
13,32	0,698131700798	-4,50876723432	13,3323762305
13,33	0,663225115758	-4,4118044981	9,1575917542
13,34	0,610865238198	-4,36332312999	8,48423941941
13,35	0,575958653158	-4,31484176188	13,6017171645
13,36	0,523598775598	-4,16939765754	25,1833773243
13,37	0,488692190558	-3,68458397643	25,0487068573
13,38	0,453785605519	-3,5391398721	12,9283648296
13,39	0,418879020479	-3,49065850399	5,65615961296
13,4	0,383972435439	-3,49065850399	5,65615961299
13,41	0,349065850399	-3,44217713588	13,0630352966
13,42	0,314159265359	-3,29673303154	25,9914001261
13,43	0,279252680319	-2,81191935044	29,7621732014
13,44	0,261799387799	-2,61799387799	25,5873887252
13,45	0,226892802759	-2,42406840555	29,7621732014
13,46	0,209439510239	-1,93925472444	26,1260705931
13,47	0,191986217719	-1,79381062011	13,8710580985
13,48	0,174532925199	-1,74532925199	9,42693268836
13,49	0,157079632679	-1,69684788388	13,8710580984
13,5	0,13962634016	-1,55140377955	26,126070593
13,51	0,12217304764	-1,06659009844	29,7621732013
13,52	0,12217304764	-0,872664626	25,5873887251
13,53	0,10471975512	-0,678739153556	29,8968436685
13,54	0,10471975512	-0,193925472445	27,068763862
13,55	0,10471975512	-0,0484813681112	18,4498539756
13,56	0,10471975512	0,0484813681112	21,2779337821
13,57	0,10471975512	0,242406840556	34,2062986117
13,58	0,10471975512	0,824183257889	38,3810830879
13,59	0,12217304764	1,308996939	17,5071607066
13,6	0,13962634016	1,06659009844	5,38681867886
13,61	0,13962634016	1,11507146655	18,8538653764
13,62	0,157079632679	1,55140377955	26,1260705931
13,63	0,174532925199	1,74532925199	24,9140363904
13,64	0,191986217719	1,93925472444	30,5701960034
13,65	0,209439510239	2,42406840555	30,7048664702
13,66	0,244346095279	2,61799387799	25,7220591922
13,67	0,261799387799	2,81191935044	29,7621732015
13,68	0,296705972839	3,29673303155	25,9914001262
13,69	0,331612557879	3,44217713588	12,9283648296
13,7	0,366519142919	3,49065850399	4,84813681109
13,71	0,401425727959	3,49065850399	1,88538653765
13,72	0,436332312999	3,49065850399	4,84813681109
13,73	0,471238898038	3,5391398721	12,7936943626
13,74	0,506145483078	3,68458397643	25,0487068573
13,75	0,541052068118	4,16939765754	25,1833773243
13,76	0,593411945678	4,31484176187	13,6017171644
13,77	0,628318530718	4,36332312999	8,48423941943
13,78	0,680678408278	4,4118044981	9,15759175433
13,79	0,715584993318	4,50876723432	13,3323762306
13,8	0,767944870877	4,8481368111	4,71346634411
13,81	0,820304748437	4,55724860243	0,404011400849
13,82	0,855211333477	4,60572997054	16,02578557
13,83	0,907571211037	5,04206228354	16,6991379049
13,84	0,959931088597	5,13902501976	7,98299697951E-011
13,85	1,01229096616	5,04206228354	-16,6991379048
13,86	1,06465084372	4,60572997054	-15,891115103
13,87	1,09955742876	4,55724860243	0,404011400951
13,88	1,15191730632	4,8481368111	-0,942693268846
13,89	1,20427718388	4,55724860243	-5,11747774512
13,9	1,23918376892	4,55724860243	4,04011400921
13,91	1,29154364648	4,84813681109	-3,77077307526
13,92	1,34390352404	4,50876723432	-13,1977057634
13,93	1,37881010908	4,4118044981	-9,15759175428
13,94	1,43116998664	4,36332312999	-8,48423941948
13,95	1,46607657168	4,31484176187	-13,6017171645
13,96	1,51843644924	4,16939765754	-25,1833773243
13,97	1,55334303427	3,68458397643	-25,1833773243
13,98	1,58824961931	3,5391398721	-13,7363876314
13,99	1,62315620435	3,49065850399	-9,42693268823
14	1,65806278939	3,44217713588	-13,8710580984
14,01	1,69296937443	3,29673303155	-25,9914001262
14,02	1,72787595947	2,81191935044	-28,8194799327
14,03	1,74532925199	2,61799387799	-21,0085928481
14,04	1,78023583703	2,47254977366	-18,0458425746
14,05	1,79768912955	2,13318019688	-6,59885288168
14,06	1,81514242207	2,42406840555	-5,386818679
14,07	1,85004900711	2,32710566932	-29,7621732014
14,08	1,86750229963	1,745329252	-46,3266406393
14,09	1,88495559215	1,11507146655	-37,1690488851
14,1	1,88495559215	0,921145994108	-18,3151835087
14,11	1,90240888467	0,872664625996	-10,3696259571
14,12	1,90240888467	0,824183257885	-14,0057285654
14,13	1,91986217719	0,678739153552	-26,1260705931
14,14	1,91986217719	0,193925472444	-29,7621732014
14,15	1,91986217719	0	-25,7220591922
14,16	1,91986217719	-0,193925472444	-30,7048664702
14,17	1,91986217719	-0,678739153552	-30,7048664703
14,18	1,90240888467	-0,872664625996	-25,7220591922
14,19	1,90240888467	-1,06659009844	-29,7621732015
14,2	1,88495559215	-1,55140377955	-25,9914001262
14,21	1,86750229963	-1,69684788388	-13,0630352965
14,22	1,85004900711	-1,74532925199	-5,79083007986
14,23	1,83259571459	-1,74532925199	-6,46418241485
14,24	1,81514242207	-1,79381062011	-16,6991379049
14,25	1,79768912955	-1,98773609255	-33,2636053427
14,26	1,78023583703	-2,56951250988	-38,2464126208
14,27	1,74532925199	-3,05432619099	-17,5071607067
14,28	1,71042266695	-2,81191935044	-5,38681867896
14,29	1,69296937443	-2,86040071854	-18,8538653765
14,3	1,65806278939	-3,29673303154	-25,9914001262
14,31	1,62315620435	-3,49065850399	-23,9713431215
14,32	1,58824961931	-3,68458397643	-25,9914001261
14,33	1,55334303427	-4,12091628943	-18,7191949095
14,34	1,50098315672	-4,16939765754	-4,44412541019
14,35	1,46607657168	-3,92699081699	-12,9283648296
14,36	1,43116998664	-4,36332312999	-26,2607410601
14,37	1,37881010908	-4,79965544299	-11,9856715608
14,38	1,32645023152	-4,55724860243	0,269340933977
14,39	1,29154364648	-4,55724860243	-5,92550054691
14,4	1,23918376892	-4,8481368111	-0,942693268799
14,41	1,18682389136	-4,55724860243	1,21203420285
14,42	1,15191730632	-4,60572997054	-12,2550124947
14,43	1,09955742876	-4,99358091543	-9,42693268826
14,44	1,0471975512	-4,99358091543	8,48423941932
14,45	0,994837673637	-4,60572997054	8,61890988636
14,46	0,959931088597	-4,60572997054	-8,48423941938
14,47	0,907571211037	-4,99358091543	-7,67621661758
14,48	0,855211333477	-4,99358091543	13,1977057635
14,49	0,802851455917	-4,55724860243	20,4699109802
14,5	0,767944870877	-4,4118044981	11,8510010938
14,51	0,715584993318	-4,36332312999	4,71346634414
14,52	0,680678408278	-4,36332312999	1,88538653765
14,53	0,628318530718	-4,36332312999	4,84813681109
14,54	0,593411945678	-4,31484176187	12,7936943626
14,55	0,541052068118	-4,16939765754	25,0487068573
14,56	0,506145483078	-3,68458397643	25,0487068573
14,57	0,471238898038	-3,5391398721	12,7936943626
14,58	0,436332312999	-3,49065850399	4,84813681109
14,59	0,401425727959	-3,49065850399	2,02005700462
14,6	0,366519142919	-3,49065850399	5,65615961294
14,61	0,331612557879	-3,44217713588	16,5644674379
14,62	0,296705972839	-3,24825166343	33,2636053428
14,63	0,261799387799	-2,6664752461	38,3810830879
14,64	0,244346095279	-2,18166156499	18,4498539756
14,65	0,226892802759	-2,42406840555	9,83094408915
14,66	0,191986217719	-2,32710566933	29,8968436685
14,67	0,174532925199	-1,74532925199	42,8252084981
14,68	0,157079632679	-1,16355283466	29,7621732015
14,69	0,157079632679	-1,06659009844	8,88825082035
14,7	0,13962634016	-1,30899693899	14,0057285653
14,71	0,12217304764	-0,872664625996	27,4727752628
14,72	0,12217304764	-0,436332312999	17,5071607066
14,73	0,12217304764	-0,630257785445	16,2951265039
14,74	0,10471975512	-0,436332313001	39,0544354229
14,75	0,10471975512	0,436332313001	38,381083088
14,76	0,12217304764	0,630257785445	12,6590238956
14,77	0,12217304764	0,387850944888	10,23495549
14,78	0,12217304764	0,727220521664	18,8538653764
14,79	0,13962634016	0,872664625996	21,277933782
14,8	0,13962634016	1,06659009844	29,7621732014
14,81	0,157079632679	1,55140377955	30,5701960033
14,82	0,174532925199	1,74532925199	25,8567296593
14,83	0,191986217719	1,93925472444	30,5701960034
14,84	0,209439510239	2,42406840555	29,7621732014
14,85	0,244346095279	2,61799387799	21,143263315
14,86	0,261799387799	2,76343798232	17,9111721077
14,87	0,296705972839	3,1028075591	5,79083007989
14,88	0,331612557879	2,81191935043	1,61604560373
14,89	0,349065850399	2,86040071855	21,5472747161
14,9	0,383972435439	3,34521439966	33,2636053428
14,91	0,418879020479	3,63610260832	33,2636053428
14,92	0,453785605519	4,12091628943	21,5472747159
14,93	0,506145483078	4,16939765754	1,48137513659
14,94	0,541052068118	3,87850944887	4,84813681109
14,95	0,575958653158	4,21787902565	13,3323762306
14,96	0,628318530718	4,31484176188	9,02292128735
14,97	0,663225115758	4,36332312999	7,54154615053
14,98	0,715584993318	4,4118044981	9,02292128728
14,99	0,750491578358	4,50876723432	13,3323762305
15	0,802851455917	4,84813681109	4,71346634419
15,01	0,855211333477	4,55724860243	0,404011400948
15,02	0,890117918517	4,60572997054	16,02578557
15,03	0,942477796077	5,04206228354	16,6991379049
15,04	0,994837673637	5,13902501976	-2,36748892096E-011
15,05	1,0471975512	5,04206228354	-16,6991379049
15,06	1,09955742876	4,60572997054	-15,891115103
15,07	1,1344640138	4,55724860243	0,404011400952
15,08	1,18682389136	4,84813681109	-1,07736373572
15,09	1,23918376892	4,55724860243	-5,92550054689
15,1	1,27409035396	4,55724860243	0,269340933875
15,11	1,32645023152	4,79965544298	-11,9856715608
15,12	1,37881010908	4,36332312999	-26,26074106
15,13	1,41371669412	3,92699081699	-12,9283648295
15,14	1,44862327916	4,16939765754	-4,30945494324
15,15	1,50098315672	4,12091628943	-17,7765016408
15,16	1,53588974175	3,68458397643	-21,412604249
15,17	1,57079632679	3,5391398721	-12,1203420277
15,18	1,60570291183	3,49065850399	-5,52148914592
15,19	1,64060949687	3,49065850399	-5,65615961292
15,2	1,67551608191	3,44217713588	-13,0630352966
15,21	1,71042266695	3,29673303155	-25,9914001262
15,22	1,74532925199	2,81191935044	-29,7621732015
15,23	1,76278254451	2,61799387799	-25,5873887252
15,24	1,79768912955	2,42406840555	-29,8968436684
15,25	1,81514242207	1,93925472444	-26,934093395
15,26	1,83259571459	1,7938106201	-17,6418311737
15,27	1,85004900711	1,69684788388	-17,6418311736
15,28	1,86750229963	1,55140377955	-26,7994229279
15,29	1,88495559215	1,06659009844	-29,0888208666
15,3	1,88495559215	0,872664625997	-21,951286117
15,31	1,90240888467	0,727220521664	-22,4899679848
15,32	1,90240888467	0,339369576776	-17,5071607067
15,33	1,90240888467	0,484813681109	-21,143263315
15,34	1,91986217719	0	-30,3008550693
15,35	1,90240888467	-0,436332312998	-14,6790809002
15,36	1,90240888467	-0,193925472444	-9,15759175431
15,37	1,90240888467	-0,290888208666	-30,5701960033
15,38	1,90240888467	-0,872664625997	-46,4613111064
15,39	1,88495559215	-1,50292241144	-37,0343784181
15,4	1,86750229963	-1,69684788388	-17,5071607067
15,41	1,85004900711	-1,74532925199	-6,73352334868
15,42	1,83259571459	-1,74532925199	-6,59885288182
15,43	1,81514242207	-1,79381062011	-16,6991379049
15,44	1,79768912955	-1,98773609255	-33,2636053427
15,45	1,78023583703	-2,56951250988	-38,2464126208
15,46	1,74532925199	-3,05432619099	-17,5071607067
15,47	1,71042266695	-2,81191935044	-5,25214821199
15,48	1,69296937443	-2,86040071854	-18,0458425746
15,49	1,65806278939	-3,29673303154	-22,3552975179
15,5	1,62315620435	-3,44217713588	-16,6991379049
15,51	1,58824961931	-3,5391398721	-17,3724902398
15,52	1,55334303427	-3,68458397643	-25,9914001261
15,53	1,51843644924	-4,16939765754	-25,1833773243
15,54	1,46607657168	-4,31484176187	-12,7936943626
15,55	1,43116998664	-4,36332312999	-4,84813681117
15,56	1,37881010908	-4,36332312999	-1,75071607067
15,57	1,34390352404	-4,36332312999	-3,90544354219
15,58	1,29154364648	-4,4118044981	-8,2148984854
15,59	1,25663706144	-4,50876723432	-13,1977057635
15,6	1,20427718388	-4,84813681109	-4,57879587716
15,61	1,15191730632	-4,55724860243	0,404011400848
15,62	1,11701072128	-4,60572997054	-12,3896829618
15,63	1,06465084372	-4,99358091543	-9,42693268831
15,64	1,01229096616	-4,99358091543	8,48423941948
15,65	0,959931088597	-4,60572997054	8,61890988651
15,66	0,925024503557	-4,60572997054	-8,48423941933
15,67	0,872664625997	-4,99358091543	-7,67621661753
15,68	0,820304748437	-4,99358091543	13,1977057635
15,69	0,767944870877	-4,55724860243	20,6045814471
15,7	0,733038285838	-4,4118044981	12,6590238955
15,71	0,680678408278	-4,36332312999	8,34956895243
15,72	0,645771823238	-4,31484176188	9,15759175436
15,73	0,593411945678	-4,21787902565	13,3323762305
15,74	0,558505360638	-3,87850944888	4,71346634414
15,75	0,523598775598	-4,16939765754	0,673352334879
15,76	0,471238898038	-4,12091628943	17,9111721076
15,77	0,436332312999	-3,68458397643	25,9914001261
15,78	0,401425727959	-3,49065850399	24,7793659234
15,79	0,366519142919	-3,29673303155	29,6275027345
15,8	0,331612557879	-2,81191935044	26,1260705932
15,81	0,314159265359	-2,6664752461	13,8710580984
15,82	0,279252680319	-2,61799387799	9,4269326882
15,83	0,261799387799	-2,56951250988	13,7363876315
15,84	0,226892802759	-2,42406840555	25,3180477912
15,85	0,209439510239	-1,93925472444	25,9914001261
15,86	0,191986217719	-1,79381062011	17,5071607068
15,87	0,174532925199	-1,69684788388	17,6418311738
15,88	0,157079632679	-1,55140377955	26,934093395
15,89	0,13962634016	-1,06659009844	29,8968436684
15,9	0,13962634016	-0,872664625996	25,5873887252
15,91	0,12217304764	-0,678739153552	29,7621732014
15,92	0,12217304764	-0,193925472444	26,1260705931
15,93	0,12217304764	-0,0484813681109	14,0057285654
15,94	0,12217304764	0	10,2349554901
15,95	0,12217304764	0,0484813681109	17,5071607067
15,96	0,12217304764	0,242406840554	33,3982758097
15,97	0,12217304764	0,824183257885	38,3810830878
15,98	0,13962634016	1,30899693899	18,4498539755
15,99	0,157079632679	1,06659009844	9,83094408918
16	0,157079632679	1,16355283466	29,8968436684
16,01	0,174532925199	1,74532925199	42,8252084981
16,02	0,191986217719	2,32710566933	29,7621732015
16,03	0,226892802759	2,42406840555	8,88825082032
16,04	0,244346095279	2,18166156499	13,8710580984
16,05	0,261799387799	2,61799387799	26,530081994
16,06	0,296705972839	3,05432619099	12,9283648295
16,07	0,331612557879	2,81191935043	4,44412541019
16,08	0,349065850399	2,86040071855	18,7191949096
16,09	0,383972435439	3,29673303154	25,9914001262
16,1	0,418879020479	3,49065850399	23,9713431215
16,11	0,453785605519	3,68458397643	25,8567296591
16,12	0,488692190558	4,12091628943	17,9111721077
16,13	0,541052068118	4,16939765754	0,8080228019
16,14	0,575958653158	3,87850944888	5,52148914604
16,15	0,610865238198	4,21787902565	16,9684788388
16,16	0,663225115758	4,36332312999	16,4297969708
16,17	0,698131700798	4,50876723432	16,9684788388
16,18	0,750491578358	4,84813681109	5,38681867901
16,19	0,802851455917	4,55724860243	-0,269340933875
16,2	0,837758040957	4,60572997054	12,3896829617
16,21	0,890117918517	4,99358091543	9,29226222117
16,22	0,942477796077	4,99358091543	-9,29226222128
16,23	0,994837673637	4,60572997054	-12,2550124947
16,24	1,02974425868	4,55724860243	1,21203420285
16,25	1,08210413624	4,8481368111	-0,808022801824
16,26	1,1344640138	4,55724860243	-5,11747774506
16,27	1,16937059884	4,55724860243	4,04011400927
16,28	1,2217304764	4,8481368111	-3,77077307531
16,29	1,27409035396	4,50876723432	-13,1977057636
16,3	1,308996939	4,4118044981	-9,02292128735
16,31	1,36135681656	4,36332312998	-7,5415461506
16,32	1,3962634016	4,31484176187	-9,02292128731
16,33	1,44862327916	4,21787902565	-13,3323762305
16,34	1,4835298642	3,87850944888	-4,84813681109
16,35	1,51843644924	4,16939765754	-1,48137513672
16,36	1,57079632679	4,12091628943	-21,5472747159
16,37	1,60570291183	3,63610260832	-33,2636053427
16,38	1,64060949687	3,34521439966	-33,3982758097
16,39	1,67551608191	2,86040071855	-22,4899679848
16,4	1,69296937443	2,81191935044	-6,06017101394
16,41	1,72787595947	3,05432619099	-16,833808372
16,42	1,76278254451	2,56951250988	-34,6103100126
16,43	1,78023583703	2,03621746066	-25,9914001261
16,44	1,79768912955	1,93925472444	-8,2148984854
16,45	1,81514242207	2,18166156499	-14,5444104333
16,46	1,85004900711	1,74532925199	-30,3008550693
16,47	1,85004900711	1,26051557088	-21,143263315
16,48	1,86750229963	1,40595967522	-17,5071607067
16,49	1,88495559215	1,01810873033	-22,4899679848
16,5	1,88495559215	0,872664625997	-21,951286117
16,51	1,90240888467	0,678739153553	-29,0888208666
16,52	1,90240888467	0,193925472443	-26,799422928
16,53	1,90240888467	0,0484813681109	-17,6418311737
16,54	1,90240888467	-0,0484813681109	-17,6418311737
16,55	1,90240888467	-0,193925472443	-26,934093395
16,56	1,90240888467	-0,678739153553	-29,8968436684
16,57	1,88495559215	-0,872664625997	-25,5873887253
16,58	1,88495559215	-1,06659009844	-29,8968436685
16,59	1,86750229963	-1,55140377955	-26,9340933949
16,6	1,85004900711	-1,69684788388	-17,6418311736
16,61	1,83259571459	-1,7938106201	-17,5071607068
16,62	1,81514242207	-1,93925472444	-25,9914001262
16,63	1,79768912955	-2,42406840555	-25,3180477912
16,64	1,76278254451	-2,56951250988	-13,7363876314
16,65	1,74532925199	-2,61799387799	-9,42693268826
16,66	1,71042266695	-2,6664752461	-13,7363876314
16,67	1,69296937443	-2,81191935043	-25,3180477913
16,68	1,65806278939	-3,29673303154	-25,9914001262
16,69	1,62315620435	-3,44217713588	-17,3724902398
16,7	1,58824961931	-3,5391398721	-16,6991379049
16,71	1,55334303427	-3,68458397643	-22,2206270508
16,72	1,51843644924	-4,12091628943	-17,1031493058
16,73	1,46607657168	-4,16939765754	-0,673352334926
16,74	1,43116998664	-3,87850944888	-5,52148914604
16,75	1,3962634016	-4,21787902565	-16,9684788388
16,76	1,34390352404	-4,36332312999	-16,4297969708
16,77	1,308996939	-4,50876723432	-16,9684788388
16,78	1,25663706144	-4,84813681109	-5,38681867897
16,79	1,20427718388	-4,55724860243	0,26934093393
16,8	1,16937059884	-4,60572997054	-12,3896829617
16,81	1,11701072128	-4,99358091543	-9,29226222133
16,82	1,06465084372	-4,99358091543	9,29226222122
16,83	1,01229096616	-4,60572997054	12,2550124947
16,84	0,977384381117	-4,55724860243	-1,2120342028
16,85	0,925024503557	-4,8481368111	0,808022801871
16,86	0,872664625997	-4,55724860243	5,11747774512
16,87	0,837758040957	-4,55724860243	-4,04011400921
16,88	0,785398163397	-4,84813681109	3,77077307526
16,89	0,733038285838	-4,50876723432	13,1977057634
16,9	0,698131700798	-4,4118044981	9,15759175428
16,91	0,645771823238	-4,36332312999	8,48423941948
16,92	0,610865238198	-4,31484176187	13,6017171645
16,93	0,558505360638	-4,16939765754	25,1833773243
16,94	0,523598775598	-3,68458397643	25,0487068573
16,95	0,488692190558	-3,5391398721	12,9283648296
16,96	0,453785605519	-3,49065850399	5,65615961294
16,97	0,418879020479	-3,49065850399	5,65615961296
16,98	0,383972435439	-3,44217713588	12,9283648296
16,99	0,349065850399	-3,29673303154	25,0487068574
17	0,314159265359	-2,81191935043	25,1833773243
17,01	0,296705972839	-2,6664752461	13,8710580984
17,02	0,261799387799	-2,61799387799	10,3696259571
17,03	0,244346095279	-2,56951250988	18,3151835086
17,04	0,209439510239	-2,37558703744	37,169048885
17,05	0,191986217719	-1,745329252	46,3266406394
17,06	0,174532925199	-1,16355283466	29,7621732015
17,07	0,174532925199	-1,06659009844	5,38681867906
17,08	0,157079632679	-1,3574783071	6,59885288179
17,09	0,13962634016	-1,01810873033	18,0458425746
17,1	0,13962634016	-0,872664625996	21,143263315
17,11	0,12217304764	-0,678739153552	29,7621732014
17,12	0,12217304764	-0,193925472443	30,5701960032
17,13	0,12217304764	0	25,8567296591
17,14	0,12217304764	0,193925472443	30,7048664702
17,15	0,12217304764	0,678739153552	30,7048664702
17,16	0,13962634016	0,872664625996	25,7220591922
17,17	0,13962634016	1,06659009844	29,7621732014
17,18	0,157079632679	1,55140377955	25,9914001262
17,19	0,174532925199	1,69684788388	13,0630352967
17,2	0,191986217719	1,745329252	5,79083008
17,21	0,209439510239	1,745329252	6,46418241473
17,22	0,226892802759	1,7938106201	16,6991379048
17,23	0,244346095279	1,98773609255	33,2636053428
17,24	0,261799387799	2,56951250988	38,2464126209
17,25	0,296705972839	3,05432619099	17,5071607067
17,26	0,331612557879	2,81191935043	5,38681867901
17,27	0,349065850399	2,86040071855	18,8538653765
17,28	0,383972435439	3,29673303154	25,9914001262
17,29	0,418879020479	3,49065850399	23,9713431215
17,3	0,453785605519	3,68458397643	25,8567296591
17,31	0,488692190558	4,12091628943	17,9111721077
17,32	0,541052068118	4,16939765754	0,8080228019
17,33	0,575958653158	3,87850944888	5,52148914604
17,34	0,610865238198	4,21787902565	16,9684788388
17,35	0,663225115758	4,36332312999	16,4297969708
17,36	0,698131700798	4,50876723432	16,8338083718
17,37	0,750491578358	4,84813681109	4,57879587717
17,38	0,802851455917	4,55724860243	-3,90544354219
17,39	0,837758040957	4,55724860243	4,98280727806
17,4	0,890117918517	4,84813681109	-7,45699798206E-011
17,41	0,942477796077	4,55724860243	-4,84813681111
17,42	0,977384381117	4,55724860243	4,84813681111
17,43	1,02974425868	4,84813681109	7,45699798206E-011
17,44	1,08210413624	4,55724860243	-4,84813681109
17,45	1,11701072128	4,55724860243	4,84813681101
17,46	1,16937059884	4,84813681109	-2,80837081985E-011
17,47	1,2217304764	4,55724860243	-4,98280727803
17,48	1,25663706144	4,55724860243	3,90544354234
17,49	1,308996939	4,8481368111	-4,71346634411
17,5	1,36135681656	4,50876723432	-17,7765016407
17,51	1,3962634016	4,36332312998	-21,0085928481
17,52	1,44862327916	4,16939765754	-28,8194799326
17,53	1,4835298642	3,68458397643	-25,8567296591
17,54	1,51843644924	3,5391398721	-12,9283648296
17,55	1,55334303427	3,49065850399	-4,84813681109
17,56	1,58824961931	3,49065850399	-1,88538653765
17,57	1,62315620435	3,49065850399	-4,84813681109
17,58	1,65806278939	3,44217713588	-12,9283648296
17,59	1,69296937443	3,29673303154	-25,9914001262
17,6	1,72787595947	2,81191935044	-29,7621732015
17,61	1,74532925199	2,61799387799	-25,5873887253
17,62	1,78023583703	2,42406840555	-29,8968436683
17,63	1,79768912955	1,93925472444	-26,9340933949
17,64	1,81514242207	1,79381062011	-17,6418311738
17,65	1,83259571459	1,69684788388	-17,5071607068
17,66	1,85004900711	1,55140377955	-25,9914001261
17,67	1,86750229963	1,06659009844	-25,3180477911
17,68	1,86750229963	0,921145994111	-13,7363876313
17,69	1,88495559215	0,872664626	-9,56160315528
17,7	1,88495559215	0,824183257886	-14,6790809004
17,71	1,90240888467	0,678739153553	-29,8968436684
17,72	1,90240888467	0,145444104333	-37,8424012199
17,73	1,90240888467	-0,145444104333	-37,8424012199
17,74	1,90240888467	-0,678739153553	-29,8968436684
17,75	1,88495559215	-0,824183257886	-14,6790809004
17,76	1,88495559215	-0,872664626	-9,69627362225
17,77	1,86750229963	-0,921145994111	-14,6790809002
17,78	1,86750229963	-1,06659009844	-29,7621732013
17,79	1,85004900711	-1,59988514766	-37,034378418
17,8	1,83259571459	-1,89077335633	-34,2062986117
17,81	1,81514242207	-2,37558703744	-22,4899679849
17,82	1,78023583703	-2,42406840555	-5,25214821201
17,83	1,76278254451	-2,18166156499	-13,0630352965
17,84	1,74532925199	-2,61799387799	-26,3954115271
17,85	1,71042266695	-3,05432619099	-12,9283648295
17,86	1,67551608191	-2,81191935043	-4,44412541019
17,87	1,65806278939	-2,86040071855	-18,7191949096
17,88	1,62315620435	-3,29673303154	-25,9914001262
17,89	1,58824961931	-3,49065850399	-23,9713431215
17,9	1,55334303427	-3,68458397643	-25,9914001261
17,91	1,51843644924	-4,12091628943	-18,7191949095
17,92	1,46607657168	-4,16939765754	-4,44412541022
17,93	1,43116998664	-3,92699081699	-12,7936943627
17,94	1,3962634016	-4,36332312999	-25,4527182582
17,95	1,34390352404	-4,79965544298	-8,34956895235
17,96	1,29154364648	-4,50876723432	7,67621661761
17,97	1,25663706144	-4,4118044981	3,50143214136
17,98	1,20427718388	-4,4118044981	-4,57879587716
17,99	1,16937059884	-4,50876723432	-12,3896829617
18	1,11701072128	-4,84813681109	-4,44412541025
18,01	1,06465084372	-4,55724860243	0,404011400899
18,02	1,02974425868	-4,60572997054	-12,3896829616
18,03	0,977384381117	-4,99358091543	-9,29226222128
18,04	0,925024503557	-4,99358091543	9,29226222127
18,05	0,872664625997	-4,60572997054	12,3896829617
18,06	0,837758040957	-4,55724860243	-0,26934093392
18,07	0,785398163397	-4,84813681109	5,38681867896
18,08	0,733038285838	-4,50876723432	16,9684788387
18,09	0,698131700798	-4,36332312999	16,4297969709
18,1	0,645771823238	-4,21787902565	16,9684788389
18,11	0,610865238198	-3,87850944888	5,52148914601
18,12	0,575958653158	-4,16939765754	0,673352334898
18,13	0,523598775598	-4,12091628943	17,1031493058
18,14	0,488692190558	-3,68458397643	22,2206270508
18,15	0,453785605519	-3,5391398721	16,5644674379
18,16	0,418879020479	-3,44217713588	16,5644674379
18,17	0,383972435439	-3,29673303154	22,3552975178
18,18	0,349065850399	-2,86040071855	18,0458425747
18,19	0,331612557879	-2,81191935043	5,25214821204
18,2	0,296705972839	-3,05432619099	17,5071607067
18,21	0,261799387799	-2,56951250988	38,2464126209
18,22	0,244346095279	-1,98773609255	33,3982758098
18,23	0,226892802759	-1,7938106201	17,5071607066
18,24	0,209439510239	-1,745329252	10,23495549
18,25	0,191986217719	-1,69684788388	14,0057285654
18,26	0,174532925199	-1,55140377955	26,1260705932
18,27	0,157079632679	-1,06659009844	29,7621732015
18,28	0,157079632679	-0,872664625996	25,5873887252
18,29	0,13962634016	-0,678739153552	29,7621732014
18,3	0,13962634016	-0,193925472443	26,1260705931
18,31	0,13962634016	-0,0484813681109	13,8710580984
18,32	0,13962634016	0	9,42693268822
18,33	0,13962634016	0,0484813681109	13,8710580984
18,34	0,13962634016	0,193925472443	26,1260705931
18,35	0,13962634016	0,678739153552	29,7621732014
18,36	0,157079632679	0,872664625996	25,5873887252
18,37	0,157079632679	1,06659009844	29,8968436684
18,38	0,174532925199	1,55140377955	26,9340933951
18,39	0,191986217719	1,69684788388	17,6418311738
18,4	0,209439510239	1,79381062011	17,6418311737
18,41	0,226892802759	1,93925472444	26,9340933949
18,42	0,244346095279	2,42406840555	29,8968436684
18,43	0,279252680319	2,61799387799	25,5873887252
18,44	0,296705972839	2,81191935043	29,7621732014
18,45	0,331612557879	3,29673303154	25,9914001262
18,46	0,366519142919	3,44217713588	12,9283648296
18,47	0,401425727959	3,49065850399	4,84813681111
18,48	0,436332312999	3,49065850399	1,88538653763
18,49	0,471238898038	3,49065850399	4,84813681104
18,5	0,506145483078	3,5391398721	12,7936943625
18,51	0,541052068118	3,68458397643	25,0487068573
18,52	0,575958653158	4,16939765754	25,0487068574
18,53	0,628318530718	4,31484176188	12,7936943626
18,54	0,663225115758	4,36332312999	4,84813681104
18,55	0,715584993318	4,36332312998	1,75071607065
18,56	0,750491578358	4,36332312998	3,90544354229
18,57	0,802851455917	4,4118044981	8,21489848553
18,58	0,837758040957	4,50876723432	13,0630352965
18,59	0,890117918517	4,84813681109	3,77077307522
18,6	0,942477796077	4,55724860243	-4,04011400927
18,61	0,977384381117	4,55724860243	4,98280727809
18,62	1,02974425868	4,84813681109	7,45699798206E-011
18,63	1,08210413624	4,55724860243	-4,98280727806
18,64	1,11701072128	4,55724860243	4,04011400916
18,65	1,16937059884	4,84813681109	-3,77077307534
18,66	1,2217304764	4,50876723432	-13,0630352966
18,67	1,25663706144	4,4118044981	-8,21489848543
18,68	1,308996939	4,36332312998	-3,90544354221
18,69	1,34390352404	4,36332312999	-1,75071607059
18,7	1,3962634016	4,36332312999	-4,84813681109
18,71	1,43116998664	4,31484176187	-12,7936943627
18,72	1,4835298642	4,16939765754	-25,0487068573
18,73	1,51843644924	3,68458397643	-25,1833773243
18,74	1,55334303427	3,5391398721	-13,7363876314
18,75	1,58824961931	3,49065850399	-9,42693268825
18,76	1,62315620435	3,44217713588	-13,7363876315
18,77	1,65806278939	3,29673303154	-25,1833773243
18,78	1,69296937443	2,81191935043	-25,1833773243
18,79	1,71042266695	2,6664752461	-13,7363876314
18,8	1,74532925199	2,61799387799	-9,56160315523
18,81	1,76278254451	2,56951250988	-14,6790809002
18,82	1,79768912955	2,42406840555	-29,7621732014
18,83	1,81514242207	1,89077335633	-37,0343784181
18,84	1,83259571459	1,59988514766	-34,2062986117
18,85	1,85004900711	1,11507146655	-22,6246384517
18,86	1,85004900711	1,06659009844	-6,19484148073
18,87	1,86750229963	1,308996939	-17,6418311736
18,88	1,88495559215	0,824183257889	-38,2464126209
18,89	1,88495559215	0,242406840556	-33,3982758098
18,9	1,88495559215	0,0484813681112	-17,5071607068
18,91	1,88495559215	0	-10,2349554901
18,92	1,88495559215	-0,0484813681112	-14,0057285654
18,93	1,88495559215	-0,193925472445	-26,1260705932
18,94	1,88495559215	-0,678739153556	-29,7621732015
18,95	1,86750229963	-0,872664626	-25,5873887251
18,96	1,86750229963	-1,06659009844	-29,7621732013
18,97	1,85004900711	-1,55140377955	-26,1260705931
18,98	1,83259571459	-1,69684788388	-13,8710580985
18,99	1,81514242207	-1,745329252	-9,4269326883
19	1,79768912955	-1,79381062011	-13,8710580983
19,01	1,78023583703	-1,93925472444	-25,9914001261
19,02	1,76278254451	-2,42406840555	-28,8194799327
19,03	1,72787595947	-2,61799387799	-21,1432633151
19,04	1,71042266695	-2,76343798233	-18,8538653765
19,05	1,67551608191	-3,1028075591	-10,23495549
19,06	1,64060949687	-2,86040071855	-12,5243534286
19,07	1,62315620435	-3,05432619099	-37,4383898189
19,08	1,58824961931	-3,92699081699	-34,4756395456
19,09	1,53588974175	-4,07243492132	-4,44412541022
19,1	1,50098315672	-3,73306534454	2,96275027339
19,11	1,46607657168	-3,73306534454	-14,1403990324
19,12	1,43116998664	-4,16939765754	-20,7392519142
19,13	1,37881010908	-4,31484176188	-12,6590238956
19,14	1,34390352404	-4,36332312999	-8,34956895235
19,15	1,29154364648	-4,4118044981	-9,15759175422
19,16	1,25663706144	-4,50876723432	-13,1977057635
19,17	1,20427718388	-4,84813681109	-3,77077307531
19,18	1,15191730632	-4,55724860243	4,04011400919
19,19	1,11701072128	-4,55724860243	-4,98280727815
19,2	1,06465084372	-4,8481368111	-2,45531989802E-011
19,21	1,01229096616	-4,55724860243	4,84813681111
19,22	0,977384381117	-4,55724860243	-4,84813681111
19,23	0,925024503557	-4,8481368111	2,36748892096E-011
19,24	0,872664625997	-4,55724860243	4,98280727814
19,25	0,837758040957	-4,55724860243	-3,90544354224
19,26	0,785398163397	-4,84813681109	4,57879587711
19,27	0,733038285838	-4,50876723432	16,8338083718
19,28	0,698131700798	-4,36332312999	16,4297969709
19,29	0,645771823238	-4,21787902565	16,9684788389
19,3	0,610865238198	-3,87850944888	5,52148914601
19,31	0,575958653158	-4,16939765754	0,673352334898
19,32	0,523598775598	-4,12091628943	17,1031493058
19,33	0,488692190558	-3,68458397643	22,2206270508
19,34	0,453785605519	-3,5391398721	16,6991379049
19,35	0,418879020479	-3,44217713588	17,3724902398
19,36	0,383972435439	-3,29673303154	25,9914001262
19,37	0,349065850399	-2,81191935044	25,3180477914
19,38	0,331612557879	-2,6664752461	13,7363876315
19,39	0,296705972839	-2,61799387799	9,42693268817
19,4	0,279252680319	-2,56951250988	13,7363876313
19,41	0,244346095279	-2,42406840555	25,3180477912
19,42	0,226892802759	-1,93925472444	25,9914001261
19,43	0,209439510239	-1,79381062011	17,5071607067
19,44	0,191986217719	-1,69684788388	17,6418311738
19,45	0,174532925199	-1,55140377955	26,9340933951
19,46	0,157079632679	-1,06659009844	29,8968436684
19,47	0,157079632679	-0,872664625996	25,5873887252
19,48	0,13962634016	-0,678739153552	29,8968436684
19,49	0,13962634016	-0,193925472443	26,9340933949
19,5	0,13962634016	-0,0484813681109	17,6418311737
19,51	0,13962634016	0,0484813681109	17,6418311737
19,52	0,13962634016	0,193925472443	26,799422928
19,53	0,13962634016	0,678739153552	28,9541503995
19,54	0,157079632679	0,872664625996	21,143263315
19,55	0,157079632679	1,01810873033	18,8538653765
19,56	0,174532925199	1,3574783071	10,2349554901
19,57	0,191986217719	1,11507146655	12,6590238958
19,58	0,191986217719	1,308996939	38,2464126209
19,59	0,209439510239	2,18166156499	38,2464126208
19,6	0,244346095279	2,37558703744	12,6590238956
19,61	0,261799387799	2,13318019688	10,2349554901
19,62	0,279252680319	2,47254977366	18,8538653764
19,63	0,314159265359	2,61799387799	21,143263315
19,64	0,331612557879	2,81191935044	28,8194799327
19,65	0,366519142919	3,29673303154	25,9914001262
19,66	0,401425727959	3,44217713588	13,8710580984
19,67	0,436332312999	3,49065850399	9,29226222125
19,68	0,471238898038	3,5391398721	12,9283648296
19,69	0,506145483078	3,68458397643	21,412604249
19,7	0,541052068118	4,12091628943	16,9684788388
19,71	0,593411945678	4,16939765754	0,673352334873
19,72	0,628318530718	3,87850944888	5,52148914596
19,73	0,663225115758	4,21787902565	16,9684788388
19,74	0,715584993318	4,36332312998	16,4297969709
19,75	0,750491578358	4,50876723432	16,8338083719
19,76	0,802851455917	4,84813681109	4,57879587722
19,77	0,855211333477	4,55724860243	-3,90544354226
19,78	0,890117918517	4,55724860243	4,98280727799
19,79	0,942477796077	4,84813681109	-2,80837081985E-011
19,8	0,994837673637	4,55724860243	-4,84813681106
19,81	1,02974425868	4,55724860243	4,84813681117
19,82	1,08210413624	4,8481368111	2,36748892096E-011
19,83	1,1344640138	4,55724860243	-4,98280727809
19,84	1,16937059884	4,55724860243	3,90544354229
19,85	1,2217304764	4,8481368111	-4,57879587716
19,86	1,27409035396	4,50876723432	-16,8338083719
19,87	1,308996939	4,36332312998	-16,429796971
19,88	1,36135681656	4,21787902565	-16,9684788388
19,89	1,3962634016	3,87850944888	-5,52148914597
19,9	1,43116998664	4,16939765754	-0,673352334874
19,91	1,4835298642	4,12091628943	-16,9684788388
19,92	1,51843644924	3,68458397643	-21,412604249
19,93	1,55334303427	3,5391398721	-12,9283648296
19,94	1,58824961931	3,49065850399	-9,29226222127
19,95	1,62315620435	3,44217713588	-13,7902558182
19,96	1,65806278939	3,29673303154	-25,6143228184
19,97	1,69296937443	2,81191935044	-27,6882480094
19,98	1,71042266695	2,64708269887	-21,3318019675
19,99	1,74532925199	2,5210311418	-25,2372455098
20	1,76278254451	2,13318019693	-31,7283620186
