Vernier Format 2
Файл.gmbl 07.12.2019 14:37:27 ,
Новый
Время	Угол	Скорость	Ускорение
t	Угол	v	a
с	rad	rad/с	rad/с²

0	0	0	0
0,01	0	0	0
0,02	0	0	0
0,03	0	0	0
0,04	0	0	0
0,05	0	0	0
0,06	0	0	0
0,07	0	0	0
0,08	0	0	0
0,09	0	0	0
0,1	0	0	0
0,11	0	0	0
0,12	0	0	0
0,13	0	0	0
0,14	0	0	0
0,15	0	0	0
0,16	0	0	0,134670466975
0,17	0	0	0,942693268823
0,18	0	0	4,57879587714
0,19	0	0,0484813681109	11,8510010938
0,2	0	0,193925472444	20,3352405132
0,21	0	0,630257785441	12,2550124947
0,22	0,0174532925199	0,630257785441	-12,2550124947
0,23	0,0174532925199	0,193925472444	-20,3352405132
0,24	0,0174532925199	0,0484813681109	-11,8510010938
0,25	0,0174532925199	0	-4,57879587714
0,26	0,0174532925199	0	-0,942693268823
0,27	0,0174532925199	0	-0,134670466975
0,28	0,0174532925199	0	0
0,29	0,0174532925199	0	0
0,3	0,0174532925199	0	0
0,31	0,0174532925199	0	0
0,32	0,0174532925199	0	0
0,33	0,0174532925199	0	0
0,34	0,0174532925199	0	0
0,35	0,0174532925199	0	0
0,36	0,0174532925199	0	0
0,37	0,0174532925199	0	0
0,38	0,0174532925199	0	0
0,39	0,0174532925199	0	0
0,4	0,0174532925199	0	0
0,41	0,0174532925199	0	0
0,42	0,0174532925199	0	0
0,43	0,0174532925199	0	0
0,44	0,0174532925199	0	0
0,45	0,0174532925199	0	0
0,46	0,0174532925199	0	0
0,47	0,0174532925199	0	0
0,48	0,0174532925199	0	0
0,49	0,0174532925199	0	0
0,5	0,0174532925199	0	0
0,51	0,0174532925199	0	0
0,52	0,0174532925199	0	0
0,53	0,0174532925199	0	0
0,54	0,0174532925199	0	0
0,55	0,0174532925199	0	0
0,56	0,0174532925199	0	0
0,57	0,0174532925199	0	0
0,58	0,0174532925199	0	0
0,59	0,0174532925199	0	0
0,6	0,0174532925199	0	0
0,61	0,0174532925199	0	0
0,62	0,0174532925199	0	0
0,63	0,0174532925199	0	0
0,64	0,0174532925199	0	0
0,65	0,0174532925199	0	0
0,66	0,0174532925199	0	0
0,67	0,0174532925199	0	0
0,68	0,0174532925199	0	0
0,69	0,0174532925199	0	0
0,7	0,0174532925199	0	0
0,71	0,0174532925199	0	0
0,72	0,0174532925199	0	0
0,73	0,0174532925199	0	0
0,74	0,0174532925199	0	0
0,75	0,0174532925199	0	0
0,76	0,0174532925199	0	0
0,77	0,0174532925199	0	0
0,78	0,0174532925199	0	0
0,79	0,0174532925199	0	0
0,8	0,0174532925199	0	0
0,81	0,0174532925199	0	0
0,82	0,0174532925199	0	0
0,83	0,0174532925199	0	0
0,84	0,0174532925199	0	0
0,85	0,0174532925199	0	0
0,86	0,0174532925199	0	0
0,87	0,0174532925199	0	0
0,88	0,0174532925199	0	0
0,89	0,0174532925199	0	0,134670466975
0,9	0,0174532925199	0	0,942693268823
0,91	0,0174532925199	0	4,57879587714
0,92	0,0174532925199	0,0484813681109	11,8510010938
0,93	0,0174532925199	0,193925472444	20,3352405132
0,94	0,0174532925199	0,630257785441	12,2550124947
0,95	0,0349065850398	0,630257785441	-12,2550124947
0,96	0,0349065850398	0,193925472444	-20,3352405132
0,97	0,0349065850398	0,0484813681109	-11,8510010938
0,98	0,0349065850398	0	-4,57879587714
0,99	0,0349065850398	0	-0,942693268823
1	0,0349065850398	0	-0,134670466975
1,01	0,0349065850398	0	0
1,02	0,0349065850398	0	0
1,03	0,0349065850398	0	0
1,04	0,0349065850398	0	0
1,05	0,0349065850398	0	0
1,06	0,0349065850398	0	0
1,07	0,0349065850398	0	0
1,08	0,0349065850398	0	0
1,09	0,0349065850398	0	0
1,1	0,0349065850398	0	0
1,11	0,0349065850398	0	0
1,12	0,0349065850398	0	0
1,13	0,0349065850398	0	0
1,14	0,0349065850398	0	0
1,15	0,0349065850398	0	0
1,16	0,0349065850398	0	0
1,17	0,0349065850398	0	0
1,18	0,0349065850398	0	0
1,19	0,0349065850398	0	0
1,2	0,0349065850398	0	0
1,21	0,0349065850398	0	0
1,22	0,0349065850398	0	0
1,23	0,0349065850398	0	0
1,24	0,0349065850398	0	0
1,25	0,0349065850398	0	0
1,26	0,0349065850398	0	0
1,27	0,0349065850398	0	0
1,28	0,0349065850398	0	0
1,29	0,0349065850398	0	0
1,3	0,0349065850398	0	0
1,31	0,0349065850398	0	0
1,32	0,0349065850398	0	0
1,33	0,0349065850398	0	0
1,34	0,0349065850398	0	0
1,35	0,0349065850398	0	0
1,36	0,0349065850398	0	0
1,37	0,0349065850398	0	0
1,38	0,0349065850398	0	0
1,39	0,0349065850398	0	0
1,4	0,0349065850398	0	0
1,41	0,0349065850398	0	0
1,42	0,0349065850398	0	0
1,43	0,0349065850398	0	0
1,44	0,0349065850398	0	0
1,45	0,0349065850398	0	0
1,46	0,0349065850398	0	0
1,47	0,0349065850398	0	0
1,48	0,0349065850398	0	0
1,49	0,0349065850398	0	0
1,5	0,0349065850398	0	0
1,51	0,0349065850398	0	0
1,52	0,0349065850398	0	0
1,53	0,0349065850398	0	0
1,54	0,0349065850398	0	0
1,55	0,0349065850398	0	0
1,56	0,0349065850398	0	0
1,57	0,0349065850398	0	0
1,58	0,0349065850398	0	0
1,59	0,0349065850398	0	0
1,6	0,0349065850398	0	0
1,61	0,0349065850398	0	0
1,62	0,0349065850398	0	0
1,63	0,0349065850398	0	0
1,64	0,0349065850398	0	0
1,65	0,0349065850398	0	0
1,66	0,0349065850398	0	0
1,67	0,0349065850398	0	0
1,68	0,0349065850398	0	0
1,69	0,0349065850398	0	0
1,7	0,0349065850398	0	0
1,71	0,0349065850398	0	0
1,72	0,0349065850398	0	0
1,73	0,0349065850398	0	0,134670466976
1,74	0,0349065850398	0	0,942693268829
1,75	0,0349065850398	0	4,71346634414
1,76	0,0349065850398	0,0484813681112	12,9283648296
1,77	0,0349065850398	0,193925472445	25,9914001262
1,78	0,0349065850398	0,678739153556	29,7621732015
1,79	0,0523598775599	0,872664626	25,5873887251
1,8	0,0523598775599	1,06659009844	29,7621732013
1,81	0,0698131700798	1,55140377955	26,1260705931
1,82	0,0872664625997	1,69684788388	13,8710580985
1,83	0,10471975512	1,745329252	9,42693268831
1,84	0,12217304764	1,79381062011	13,8710580983
1,85	0,13962634016	1,93925472444	25,9914001261
1,86	0,157079632679	2,42406840555	28,8194799327
1,87	0,191986217719	2,61799387799	21,0085928482
1,88	0,209439510239	2,76343798233	17,9111721077
1,89	0,244346095279	3,1028075591	5,65615961291
1,9	0,279252680319	2,81191935044	0,6733523348
1,91	0,296705972839	2,86040071854	17,1031493058
1,92	0,331612557879	3,29673303154	22,2206270509
1,93	0,366519142919	3,44217713588	16,6991379049
1,94	0,401425727959	3,5391398721	17,3724902398
1,95	0,436332312999	3,68458397643	25,8567296591
1,96	0,471238898038	4,16939765754	24,3753545224
1,97	0,523598775598	4,31484176187	9,02292128731
1,98	0,558505360638	4,31484176187	-3,36676167434
1,99	0,610865238198	4,21787902565	-11,1776487588
2	0,645771823238	3,87850944888	0,942693268905
2,01	0,680678408278	4,21787902566	16,02578557
2,02	0,733038285838	4,36332312999	16,1604560369
2,03	0,767944870877	4,50876723432	16,02578557
2,04	0,820304748437	4,84813681109	0,808022801876
2,05	0,872664625997	4,50876723432	-12,2550124946
2,06	0,907571211037	4,4118044981	-8,88825082033
2,07	0,959931088597	4,36332312999	-7,54154615066
2,08	0,994837673637	4,31484176187	-9,02292128736
2,09	1,0471975512	4,21787902565	-13,1977057635
2,1	1,08210413624	3,87850944888	-3,7707730753
2,11	1,11701072128	4,16939765754	4,04011400924
2,12	1,16937059884	4,16939765754	-5,11747774504
2,13	1,20427718388	3,87850944888	-0,942693268823
2,14	1,23918376892	4,16939765754	0,134670466975
2,15	1,29154364648	4,12091628943	-17,7765016407
2,16	1,32645023152	3,68458397643	-25,9914001261
2,17	1,36135681656	3,49065850399	-24,7793659234
2,18	1,3962634016	3,29673303155	-29,6275027345
2,19	1,43116998664	2,81191935044	-26,1260705932
2,2	1,44862327916	2,6664752461	-13,7363876314
2,21	1,4835298642	2,61799387799	-8,48423941938
2,22	1,50098315672	2,56951250988	-9,29226222129
2,23	1,53588974175	2,47254977366	-14,2750694993
2,24	1,55334303427	2,13318019688	-9,29226222125
2,25	1,57079632679	2,37558703744	-12,5243534287
2,26	1,60570291183	2,18166156499	-38,2464126209
2,27	1,62315620435	1,30899693899	-38,2464126208
2,28	1,62315620435	1,11507146655	-12,6590238955
2,29	1,64060949687	1,35747830711	-10,23495549
2,3	1,65806278939	1,01810873033	-18,8538653765
2,31	1,65806278939	0,872664625997	-21,1432633152
2,32	1,67551608191	0,678739153553	-28,9541503996
2,33	1,67551608191	0,193925472444	-26,799422928
2,34	1,67551608191	0,0484813681109	-17,6418311737
2,35	1,67551608191	-0,0484813681109	-17,6418311737
2,36	1,67551608191	-0,193925472444	-26,934093395
2,37	1,67551608191	-0,678739153553	-29,8968436685
2,38	1,65806278939	-0,872664625997	-25,5873887253
2,39	1,65806278939	-1,06659009844	-29,7621732015
2,4	1,64060949687	-1,55140377955	-25,991400126
2,41	1,62315620435	-1,69684788388	-13,0630352964
2,42	1,60570291183	-1,74532925199	-5,65615961294
2,43	1,58824961931	-1,74532925199	-5,65615961305
2,44	1,57079632679	-1,79381062011	-13,0630352966
2,45	1,55334303427	-1,93925472444	-25,9914001261
2,46	1,53588974175	-2,42406840555	-29,7621732014
2,47	1,50098315672	-2,61799387799	-25,5873887253
2,48	1,4835298642	-2,81191935044	-29,7621732014
2,49	1,44862327916	-3,29673303155	-25,9914001261
2,5	1,41371669412	-3,44217713588	-12,9283648295
2,51	1,37881010908	-3,49065850399	-4,84813681109
2,52	1,34390352404	-3,49065850399	-1,88538653773
2,53	1,308996939	-3,49065850399	-4,84813681114
2,54	1,27409035396	-3,5391398721	-12,7936943626
2,55	1,23918376892	-3,68458397643	-25,0487068573
2,56	1,20427718388	-4,16939765754	-25,0487068573
2,57	1,15191730632	-4,31484176187	-12,7936943626
2,58	1,11701072128	-4,36332312999	-4,71346634419
2,59	1,06465084372	-4,36332312999	-0,942693268824
2,6	1,02974425868	-4,36332312999	-0,1346704669
2,61	0,977384381117	-4,36332312999	2,80689052248E-011
2,62	0,942477796077	-4,36332312999	-2,80689052248E-011
2,63	0,890117918517	-4,36332312999	-7,45625783338E-011
2,64	0,855211333477	-4,36332312999	8,75842608315E-013
2,65	0,802851455917	-4,36332312999	0,134670467054
2,66	0,767944870877	-4,36332312999	0,808022801901
2,67	0,715584993318	-4,36332312999	3,77077307532
2,68	0,680678408278	-4,31484176187	8,21489848546
2,69	0,628318530718	-4,21787902565	13,1977057635
2,7	0,593411945678	-3,87850944888	4,71346634411
2,71	0,558505360638	-4,16939765754	0,538681867899
2,72	0,506145483078	-4,12091628943	16,9684788388
2,73	0,471238898038	-3,68458397643	21,277933782
2,74	0,436332312999	-3,5391398721	12,1203420277
2,75	0,401425727959	-3,49065850399	5,52148914596
2,76	0,366519142919	-3,49065850399	5,65615961294
2,77	0,331612557879	-3,44217713588	12,9283648296
2,78	0,296705972839	-3,29673303155	25,0487068573
2,79	0,261799387799	-2,81191935044	25,1833773244
2,8	0,244346095279	-2,6664752461	13,7363876314
2,81	0,209439510239	-2,61799387799	9,42693268822
2,82	0,191986217719	-2,56951250988	13,7363876315
2,83	0,157079632679	-2,42406840555	25,3180477913
2,84	0,13962634016	-1,93925472444	25,9914001261
2,85	0,12217304764	-1,79381062011	17,5071607067
2,86	0,10471975512	-1,69684788388	17,5071607068
2,87	0,0872664625997	-1,55140377955	25,9914001262
2,88	0,0698131700798	-1,06659009844	25,3180477913
2,89	0,0698131700798	-0,921145994107	13,7363876314
2,9	0,0523598775599	-0,872664625997	9,56160315508
2,91	0,0523598775599	-0,824183257889	14,6790809002
2,92	0,0349065850398	-0,678739153556	29,8968436685
2,93	0,0349065850398	-0,145444104334	37,8424012201
2,94	0,0349065850398	0,145444104334	37,8424012201
2,95	0,0349065850398	0,678739153556	29,8968436685
2,96	0,0523598775599	0,824183257889	14,6790809002
2,97	0,0523598775599	0,872664625997	9,56160315508
2,98	0,0698131700798	0,921145994107	13,7363876314
2,99	0,0698131700798	1,06659009844	25,3180477913
3	0,0872664625997	1,55140377955	25,9914001262
3,01	0,10471975512	1,69684788388	17,5071607068
3,02	0,12217304764	1,79381062011	17,5071607067
3,03	0,13962634016	1,93925472444	25,9914001261
3,04	0,157079632679	2,42406840555	25,3180477913
3,05	0,191986217719	2,56951250988	13,7363876315
3,06	0,209439510239	2,61799387799	9,42693268822
3,07	0,244346095279	2,6664752461	13,7363876314
3,08	0,261799387799	2,81191935044	25,1833773244
3,09	0,296705972839	3,29673303155	25,1833773243
3,1	0,331612557879	3,44217713588	13,7363876314
3,11	0,366519142919	3,49065850399	9,29226222126
3,12	0,401425727959	3,5391398721	12,9283648296
3,13	0,436332312999	3,68458397643	21,412604249
3,14	0,471238898038	4,12091628943	16,9684788388
3,15	0,523598775598	4,16939765754	0,538681867904
3,16	0,558505360638	3,87850944888	4,71346634414
3,17	0,593411945678	4,21787902565	13,1977057636
3,18	0,645771823238	4,31484176188	8,21489848554
3,19	0,680678408278	4,36332312999	3,77077307529
3,2	0,733038285838	4,36332312999	0,808022801768
3,21	0,767944870877	4,36332312999	0,134670466922
3,22	0,820304748437	4,36332312999	-2,4543330331E-011
3,23	0,855211333477	4,36332312999	-4,38168020385E-012
3,24	0,907571211037	4,36332312999	-0,13467046697
3,25	0,942477796077	4,36332312999	-0,808022801824
3,26	0,994837673637	4,36332312999	-3,77077307524
3,27	1,02974425868	4,31484176188	-8,21489848538
3,28	1,08210413624	4,21787902566	-13,1977057635
3,29	1,11701072128	3,87850944888	-4,71346634419
3,3	1,15191730632	4,16939765754	-0,538681867951
3,31	1,20427718388	4,12091628943	-16,9684788388
3,32	1,23918376892	3,68458397643	-21,277933782
3,33	1,27409035396	3,5391398721	-12,1203420277
3,34	1,308996939	3,49065850399	-5,52148914601
3,35	1,34390352404	3,49065850399	-5,65615961302
3,36	1,37881010908	3,44217713588	-12,9283648296
3,37	1,41371669412	3,29673303154	-25,0487068572
3,38	1,44862327916	2,81191935044	-25,1833773242
3,39	1,46607657168	2,6664752461	-13,7363876314
3,4	1,50098315672	2,61799387799	-9,42693268831
3,41	1,51843644924	2,56951250988	-13,7363876314
3,42	1,55334303427	2,42406840555	-25,3180477912
3,43	1,57079632679	1,93925472444	-25,9914001262
3,44	1,58824961931	1,7938106201	-17,5071607068
3,45	1,60570291183	1,69684788388	-17,5071607068
3,46	1,62315620435	1,55140377955	-25,9914001261
3,47	1,64060949687	1,06659009844	-25,3180477911
3,48	1,64060949687	0,921145994111	-13,7363876313
3,49	1,65806278939	0,872664626	-9,56160315528
3,5	1,65806278939	0,824183257886	-14,6790809004
3,51	1,67551608191	0,678739153553	-29,8968436685
3,52	1,67551608191	0,145444104333	-37,8424012199
3,53	1,67551608191	-0,145444104333	-37,8424012199
3,54	1,67551608191	-0,678739153553	-29,8968436685
3,55	1,65806278939	-0,824183257886	-14,6790809004
3,56	1,65806278939	-0,872664626	-9,56160315528
3,57	1,64060949687	-0,921145994111	-13,7363876313
3,58	1,64060949687	-1,06659009844	-25,1833773241
3,59	1,62315620435	-1,55140377955	-25,1833773242
3,6	1,60570291183	-1,69684788388	-13,7363876315
3,61	1,58824961931	-1,74532925199	-9,42693268836
3,62	1,57079632679	-1,79381062011	-13,8710580985
3,63	1,55334303427	-1,93925472444	-26,1260705931
3,64	1,53588974175	-2,42406840555	-29,7621732014
3,65	1,50098315672	-2,61799387799	-25,5873887253
3,66	1,4835298642	-2,81191935044	-29,7621732014
3,67	1,44862327916	-3,29673303155	-25,9914001261
3,68	1,41371669412	-3,44217713588	-12,9283648295
3,69	1,37881010908	-3,49065850399	-4,84813681109
3,7	1,34390352404	-3,49065850399	-1,88538653773
3,71	1,308996939	-3,49065850399	-4,71346634417
3,72	1,27409035396	-3,5391398721	-11,9856715608
3,73	1,23918376892	-3,68458397643	-21,277933782
3,74	1,20427718388	-4,12091628943	-16,9684788388
3,75	1,15191730632	-4,16939765754	-0,538681867951
3,76	1,11701072128	-3,87850944888	-4,71346634419
3,77	1,08210413624	-4,21787902566	-13,1977057635
3,78	1,02974425868	-4,31484176188	-8,21489848538
3,79	0,994837673637	-4,36332312999	-3,77077307524
3,8	0,942477796077	-4,36332312999	-0,808022801824
3,81	0,907571211037	-4,36332312999	-0,13467046697
3,82	0,855211333477	-4,36332312999	-4,38168020385E-012
3,83	0,820304748437	-4,36332312999	-2,4543330331E-011
3,84	0,767944870877	-4,36332312999	0,134670466922
3,85	0,733038285838	-4,36332312999	0,942693268743
3,86	0,680678408278	-4,36332312999	4,57879587714
3,87	0,645771823238	-4,31484176188	11,8510010939
3,88	0,593411945678	-4,16939765754	20,4699109802
3,89	0,558505360638	-3,73306534454	13,1977057635
3,9	0,523598775598	-3,73306534454	-7,54154615058
3,91	0,488692190558	-4,12091628943	-7,40687568361
3,92	0,436332312999	-4,12091628943	14,1403990323
3,93	0,401425727959	-3,68458397643	25,0487068573
3,94	0,366519142919	-3,49065850399	23,8366726546
3,95	0,331612557879	-3,29673303154	25,9914001262
3,96	0,296705972839	-2,86040071854	18,7191949095
3,97	0,279252680319	-2,81191935044	4,44412541009
3,98	0,244346095279	-3,05432619099	12,9283648295
3,99	0,209439510239	-2,61799387799	26,3954115271
4	0,191986217719	-2,18166156499	13,0630352967
4,01	0,174532925199	-2,42406840555	5,2521482121
4,02	0,13962634016	-2,37558703743	22,3552975177
4,03	0,12217304764	-1,89077335633	33,3982758097
4,04	0,10471975512	-1,59988514766	33,3982758098
4,05	0,0872664625997	-1,11507146655	22,4899679849
4,06	0,0872664625997	-1,06659009844	6,19484148091
4,07	0,0698131700798	-1,30899693899	17,6418311737
4,08	0,0523598775599	-0,824183257885	38,2464126208
4,09	0,0523598775599	-0,242406840554	33,2636053427
4,1	0,0523598775599	-0,0484813681109	16,6991379049
4,11	0,0523598775599	0	6,46418241478
4,12	0,0523598775599	0	5,79083007991
4,13	0,0523598775599	0,0484813681109	13,0630352965
4,14	0,0523598775599	0,193925472444	25,9914001261
4,15	0,0523598775599	0,678739153552	29,7621732014
4,16	0,0698131700798	0,872664625996	25,5873887252
4,17	0,0698131700798	1,06659009844	29,8968436685
4,18	0,0872664625997	1,55140377955	26,9340933951
4,19	0,10471975512	1,69684788388	17,6418311738
4,2	0,12217304764	1,79381062011	17,5071607067
4,21	0,13962634016	1,93925472444	25,9914001261
4,22	0,157079632679	2,42406840555	25,3180477913
4,23	0,191986217719	2,56951250988	13,7363876315
4,24	0,209439510239	2,61799387799	9,42693268822
4,25	0,244346095279	2,6664752461	13,7363876314
4,26	0,261799387799	2,81191935044	25,1833773244
4,27	0,296705972839	3,29673303155	25,0487068573
4,28	0,331612557879	3,44217713588	12,9283648296
4,29	0,366519142919	3,49065850399	5,65615961294
4,3	0,401425727959	3,49065850399	5,52148914596
4,31	0,436332312999	3,5391398721	12,1203420277
4,32	0,471238898038	3,68458397643	21,277933782
4,33	0,506145483078	4,12091628943	16,9684788388
4,34	0,558505360638	4,16939765754	0,538681867899
4,35	0,593411945678	3,87850944888	4,71346634411
4,36	0,628318530718	4,21787902565	13,1977057635
4,37	0,680678408278	4,31484176187	8,21489848546
4,38	0,715584993318	4,36332312999	3,77077307532
4,39	0,767944870877	4,36332312999	0,808022801901
4,4	0,802851455917	4,36332312999	0,134670467054
4,41	0,855211333477	4,36332312999	8,75842608315E-013
4,42	0,890117918517	4,36332312999	-7,45625783338E-011
4,43	0,942477796077	4,36332312999	-0,134670467004
4,44	0,977384381117	4,36332312999	-0,808022801825
4,45	1,02974425868	4,36332312999	-3,77077307524
4,46	1,06465084372	4,31484176188	-8,2148984855
4,47	1,11701072128	4,21787902565	-13,1977057637
4,48	1,15191730632	3,87850944887	-4,71346634411
4,49	1,18682389136	4,16939765754	-0,538681867764
4,5	1,23918376892	4,12091628943	-17,1031493057
4,51	1,27409035396	3,68458397643	-22,2206270509
4,52	1,308996939	3,5391398721	-16,564467438
4,53	1,34390352404	3,44217713588	-16,564467438
4,54	1,37881010908	3,29673303154	-22,3552975178
4,55	1,41371669412	2,86040071855	-17,9111721076
4,56	1,43116998664	2,81191935044	-4,30945494316
4,57	1,46607657168	3,05432619099	-12,9283648296
4,58	1,50098315672	2,61799387799	-26,3954115271
4,59	1,51843644924	2,18166156499	-13,0630352966
4,6	1,53588974175	2,42406840555	-5,25214821202
4,61	1,57079632679	2,37558703744	-22,3552975179
4,62	1,58824961931	1,89077335633	-33,3982758099
4,63	1,60570291183	1,59988514766	-33,3982758098
4,64	1,62315620435	1,11507146655	-22,4899679847
4,65	1,62315620435	1,06659009844	-6,19484148071
4,66	1,64060949687	1,308996939	-17,6418311736
4,67	1,65806278939	0,824183257889	-38,2464126209
4,68	1,65806278939	0,242406840556	-33,2636053429
4,69	1,65806278939	0,0484813681112	-16,6991379049
4,7	1,65806278939	0	-6,46418241482
4,71	1,65806278939	0	-5,79083007995
4,72	1,65806278939	-0,0484813681112	-13,0630352966
4,73	1,65806278939	-0,193925472445	-25,9914001262
4,74	1,65806278939	-0,678739153556	-29,7621732015
4,75	1,64060949687	-0,872664626	-25,5873887251
4,76	1,64060949687	-1,06659009844	-29,8968436683
4,77	1,62315620435	-1,55140377955	-26,9340933949
4,78	1,60570291183	-1,69684788388	-17,6418311737
4,79	1,58824961931	-1,7938106201	-17,5071607068
4,8	1,57079632679	-1,93925472444	-25,9914001262
4,81	1,55334303427	-2,42406840555	-25,3180477912
4,82	1,51843644924	-2,56951250988	-13,7363876314
4,83	1,50098315672	-2,61799387799	-9,42693268831
4,84	1,46607657168	-2,6664752461	-13,7363876314
4,85	1,44862327916	-2,81191935044	-25,1833773242
4,86	1,41371669412	-3,29673303154	-25,0487068572
4,87	1,37881010908	-3,44217713588	-12,9283648296
4,88	1,34390352404	-3,49065850399	-5,65615961302
4,89	1,308996939	-3,49065850399	-5,52148914601
4,9	1,27409035396	-3,5391398721	-12,1203420277
4,91	1,23918376892	-3,68458397643	-21,277933782
4,92	1,20427718388	-4,12091628943	-16,9684788388
4,93	1,15191730632	-4,16939765754	-0,538681867951
4,94	1,11701072128	-3,87850944888	-4,71346634419
4,95	1,08210413624	-4,21787902566	-13,1977057635
4,96	1,02974425868	-4,31484176188	-8,21489848538
4,97	0,994837673637	-4,36332312999	-3,77077307524
4,98	0,942477796077	-4,36332312999	-0,808022801824
4,99	0,907571211037	-4,36332312999	-0,13467046697
5	0,855211333477	-4,36332312999	0,13467046697
5,01	0,820304748437	-4,36332312999	0,808022801824
5,02	0,767944870877	-4,36332312999	3,77077307524
5,03	0,733038285838	-4,31484176188	8,21489848538
5,04	0,680678408278	-4,21787902566	13,1977057635
5,05	0,645771823238	-3,87850944888	4,71346634419
5,06	0,610865238198	-4,16939765754	0,404011400977
5,07	0,558505360638	-4,12091628943	16,160456037
5,08	0,523598775598	-3,68458397643	17,6418311737
5,09	0,488692190558	-3,58762124021	4,71346634414
5,1	0,453785605519	-3,63610260832	-3,90544354221
5,11	0,418879020479	-3,92699081699	9,15759175436
5,12	0,366519142919	-3,49065850399	25,5873887252
5,13	0,349065850399	-3,05432619099	12,7936943625
5,14	0,314159265359	-3,29673303155	4,44412541011
5,15	0,279252680319	-3,24825166343	18,7191949095
5,16	0,244346095279	-2,81191935044	26,1260705931
5,17	0,226892802759	-2,61799387799	24,7793659234
5,18	0,191986217719	-2,42406840555	29,6275027346
5,19	0,174532925199	-1,93925472444	25,9914001262
5,2	0,157079632679	-1,7938106201	13,0630352965
5,21	0,13962634016	-1,74532925199	5,65615961283
5,22	0,12217304764	-1,745329252	5,65615961286
5,23	0,10471975512	-1,69684788388	13,0630352966
5,24	0,0872664625997	-1,55140377955	25,9914001262
5,25	0,0698131700798	-1,06659009844	29,7621732015
5,26	0,0698131700798	-0,872664625996	25,5873887252
5,27	0,0523598775599	-0,678739153552	29,8968436684
5,28	0,0523598775599	-0,193925472444	26,9340933949
5,29	0,0523598775599	-0,0484813681109	17,6418311737
5,3	0,0523598775599	0,0484813681109	17,5071607067
5,31	0,0523598775599	0,193925472444	25,9914001261
5,32	0,0523598775599	0,678739153552	25,3180477912
5,33	0,0698131700798	0,824183257885	13,7363876314
5,34	0,0698131700798	0,872664625996	9,56160315523
5,35	0,0872664625997	0,921145994107	14,6790809003
5,36	0,0872664625997	1,06659009844	29,7621732015
5,37	0,10471975512	1,59988514766	37,0343784181
5,38	0,12217304764	1,89077335633	34,2062986115
5,39	0,13962634016	2,37558703743	22,4899679847
5,4	0,174532925199	2,42406840555	5,2521482121
5,41	0,191986217719	2,18166156499	13,0630352967
5,42	0,209439510239	2,61799387799	26,3954115271
5,43	0,244346095279	3,05432619099	12,9283648295
5,44	0,279252680319	2,81191935044	4,30945494312
5,45	0,296705972839	2,86040071854	17,7765016407
5,46	0,331612557879	3,29673303154	21,547274716
5,47	0,366519142919	3,44217713588	12,9283648296
5,48	0,401425727959	3,49065850399	9,1575917543
5,49	0,436332312999	3,5391398721	12,9283648296
5,5	0,471238898038	3,68458397643	21,412604249
5,51	0,506145483078	4,12091628943	16,9684788388
5,52	0,558505360638	4,16939765754	0,538681867899
5,53	0,593411945678	3,87850944888	4,71346634411
5,54	0,628318530718	4,21787902565	13,1977057635
5,55	0,680678408278	4,31484176187	8,21489848546
5,56	0,715584993318	4,36332312999	3,77077307532
5,57	0,767944870877	4,36332312999	0,808022801901
5,58	0,802851455917	4,36332312999	0,134670467054
5,59	0,855211333477	4,36332312999	-0,134670466975
5,6	0,890117918517	4,36332312999	-0,808022801928
5,61	0,942477796077	4,36332312999	-3,77077307534
5,62	0,977384381117	4,31484176187	-8,21489848548
5,63	1,02974425868	4,21787902565	-13,0630352965
5,64	1,06465084372	3,87850944888	-3,77077307529
5,65	1,09955742876	4,16939765754	4,04011400926
5,66	1,15191730632	4,16939765754	-5,11747774499
5,67	1,18682389136	3,87850944888	-1,07736373572
5,68	1,2217304764	4,16939765754	-0,673352334879
5,69	1,27409035396	4,12091628943	-21,4126042491
5,7	1,308996939	3,63610260832	-33,2636053429
5,71	1,34390352404	3,34521439966	-33,2636053429
5,72	1,37881010908	2,86040071854	-21,547274716
5,73	1,3962634016	2,81191935044	-1,61604560367
5,74	1,43116998664	3,1028075591	-5,65615961297
5,75	1,46607657168	2,76343798232	-16,9684788388
5,76	1,4835298642	2,61799387799	-16,5644674379
5,77	1,51843644924	2,47254977366	-17,9111721077
5,78	1,53588974175	2,13318019688	-10,1002850231
5,79	1,55334303427	2,37558703744	-12,6590238956
5,8	1,58824961931	2,18166156499	-38,2464126209
5,81	1,60570291183	1,308996939	-38,2464126209
5,82	1,60570291183	1,11507146655	-12,6590238957
5,83	1,62315620435	1,35747830711	-10,23495549
5,84	1,64060949687	1,01810873033	-18,8538653763
5,85	1,64060949687	0,872664626	-21,1432633149
5,86	1,65806278939	0,678739153556	-28,9541503996
5,87	1,65806278939	0,193925472445	-26,7994229281
5,88	1,65806278939	0,0484813681112	-17,6418311738
5,89	1,65806278939	-0,0484813681112	-17,5071607068
5,9	1,65806278939	-0,193925472445	-25,9914001263
5,91	1,65806278939	-0,678739153556	-25,3180477913
5,92	1,64060949687	-0,824183257889	-13,7363876313
5,93	1,64060949687	-0,872664625997	-9,56160315507
5,94	1,62315620435	-0,921145994107	-14,6790809002
5,95	1,62315620435	-1,06659009844	-29,7621732014
5,96	1,60570291183	-1,59988514766	-37,0343784181
5,97	1,58824961931	-1,89077335633	-34,0716281447
5,98	1,57079632679	-2,37558703744	-21,681945183
5,99	1,53588974175	-2,42406840555	-1,6160456037
6	1,51843644924	-2,13318019688	-5,79083007994
6,01	1,50098315672	-2,47254977366	-17,9111721077
6,02	1,46607657168	-2,61799387799	-21,0085928481
6,03	1,44862327916	-2,81191935044	-28,8194799326
6,04	1,41371669412	-3,29673303154	-25,8567296591
6,05	1,37881010908	-3,44217713588	-13,0630352965
6,06	1,34390352404	-3,49065850399	-5,65615961302
6,07	1,308996939	-3,49065850399	-5,52148914601
6,08	1,27409035396	-3,5391398721	-12,1203420277
6,09	1,23918376892	-3,68458397643	-21,277933782
6,1	1,20427718388	-4,12091628943	-16,9684788388
6,11	1,15191730632	-4,16939765754	-0,538681867951
6,12	1,11701072128	-3,87850944888	-4,71346634419
6,13	1,08210413624	-4,21787902566	-13,1977057635
6,14	1,02974425868	-4,31484176188	-8,21489848538
6,15	0,994837673637	-4,36332312999	-3,77077307524
6,16	0,942477796077	-4,36332312999	-0,673352334849
6,17	0,907571211037	-4,36332312999	0,673352334878
6,18	0,855211333477	-4,36332312999	3,77077307529
6,19	0,820304748437	-4,31484176187	8,08022801846
6,2	0,767944870877	-4,21787902565	12,2550124946
6,21	0,733038285838	-3,87850944888	0,134670466895
6,22	0,698131700798	-4,21787902566	-11,3123192259
6,23	0,645771823238	-4,31484176188	-3,36676167429
6,24	0,610865238198	-4,31484176187	9,02292128736
6,25	0,558505360638	-4,16939765754	24,2406840555
6,26	0,523598775598	-3,68458397643	24,9140363903
6,27	0,488692190558	-3,5391398721	12,7936943626
6,28	0,453785605519	-3,49065850399	4,84813681114
6,29	0,418879020479	-3,49065850399	1,88538653773
6,3	0,383972435439	-3,49065850399	4,84813681109
6,31	0,349065850399	-3,44217713588	12,7936943625
6,32	0,314159265359	-3,29673303155	25,0487068573
6,33	0,279252680319	-2,81191935044	25,1833773243
6,34	0,261799387799	-2,6664752461	13,7363876315
6,35	0,226892802759	-2,61799387799	9,42693268826
6,36	0,209439510239	-2,56951250988	13,7363876314
6,37	0,174532925199	-2,42406840555	25,1833773243
6,38	0,157079632679	-1,93925472444	25,1833773243
6,39	0,13962634016	-1,7938106201	13,8710580983
6,4	0,12217304764	-1,745329252	10,23495549
6,41	0,10471975512	-1,69684788388	17,5071607068
6,42	0,0872664625997	-1,50292241144	33,3982758099
6,43	0,0698131700798	-0,921145994107	38,2464126209
6,44	0,0698131700798	-0,436332312998	17,5071607067
6,45	0,0698131700798	-0,678739153552	5,38681867899
6,46	0,0523598775599	-0,630257785441	18,8538653765
6,47	0,0523598775599	-0,193925472444	26,1260705931
6,48	0,0523598775599	0	24,9140363903
6,49	0,0523598775599	0,193925472444	30,5701960033
6,5	0,0523598775599	0,678739153552	30,7048664702
6,51	0,0698131700798	0,872664625996	25,7220591922
6,52	0,0698131700798	1,06659009844	29,7621732015
6,53	0,0872664625997	1,55140377955	25,9914001262
6,54	0,10471975512	1,69684788388	13,0630352966
6,55	0,12217304764	1,745329252	5,65615961286
6,56	0,13962634016	1,74532925199	5,65615961283
6,57	0,157079632679	1,7938106201	13,0630352965
6,58	0,174532925199	1,93925472444	25,8567296593
6,59	0,191986217719	2,42406840555	28,8194799327
6,6	0,226892802759	2,61799387799	21,0085928481
6,61	0,244346095279	2,76343798233	17,9111721076
6,62	0,279252680319	3,1028075591	5,65615961286
6,63	0,314159265359	2,81191935043	0,808022801849
6,64	0,331612557879	2,86040071855	17,9111721077
6,65	0,366519142919	3,29673303155	25,8567296592
6,66	0,401425727959	3,49065850399	23,9713431215
6,67	0,436332312999	3,68458397643	25,8567296591
6,68	0,471238898038	4,12091628943	17,7765016407
6,69	0,523598775598	4,16939765754	-0,134670466975
6,7	0,558505360638	3,87850944888	0,942693268823
6,71	0,593411945678	4,16939765754	5,11747774504
6,72	0,645771823238	4,16939765754	-4,04011400924
6,73	0,680678408278	3,87850944888	3,7707730753
6,74	0,715584993318	4,21787902565	13,0630352966
6,75	0,767944870877	4,31484176187	8,21489848551
6,76	0,802851455917	4,36332312999	3,77077307537
6,77	0,855211333477	4,36332312999	0,673352334873
6,78	0,890117918517	4,36332312999	-0,673352334953
6,79	0,942477796077	4,36332312999	-3,77077307534
6,8	0,977384381117	4,31484176187	-8,21489848548
6,81	1,02974425868	4,21787902565	-13,1977057635
6,82	1,06465084372	3,87850944888	-4,57879587714
6,83	1,09955742876	4,16939765754	0,404011400925
6,84	1,15191730632	4,12091628943	-12,5243534286
6,85	1,18682389136	3,73306534454	-10,369625957
6,86	1,2217304764	3,73306534454	3,77077307534
6,87	1,25663706144	4,07243492132	-4,17478447616
6,88	1,308996939	3,92699081699	-33,6676167437
6,89	1,34390352404	3,05432619099	-33,6676167438
6,9	1,36135681656	2,90888208666	-4,30945494327
6,91	1,3962634016	3,24825166343	2,82807980647
6,92	1,43116998664	3,24825166343	-15,0830923012
6,93	1,46607657168	2,81191935043	-25,3180477912
6,94	1,4835298642	2,61799387799	-24,6446954563
6,95	1,51843644924	2,42406840555	-29,6275027345
6,96	1,53588974175	1,93925472444	-25,9914001261
6,97	1,55334303427	1,79381062011	-13,0630352965
6,98	1,57079632679	1,745329252	-5,79083008002
6,99	1,58824961931	1,74532925199	-6,46418241492
7	1,60570291183	1,69684788388	-16,6991379049
7,01	1,62315620435	1,50292241144	-33,2636053427
7,02	1,64060949687	0,921145994107	-38,2464126207
7,03	1,64060949687	0,436332312999	-17,6418311736
7,04	1,64060949687	0,678739153556	-6,19484148076
7,05	1,65806278939	0,630257785446	-22,4899679849
7,06	1,65806278939	0,145444104334	-33,3982758099
7,07	1,65806278939	-0,145444104334	-33,3982758099
7,08	1,65806278939	-0,630257785446	-22,4899679849
7,09	1,64060949687	-0,678739153556	-6,19484148076
7,1	1,64060949687	-0,436332312999	-17,6418311736
7,11	1,64060949687	-0,921145994107	-38,2464126207
7,12	1,62315620435	-1,50292241144	-33,2636053427
7,13	1,60570291183	-1,69684788388	-16,6991379049
7,14	1,58824961931	-1,74532925199	-6,46418241492
7,15	1,57079632679	-1,745329252	-5,79083008002
7,16	1,55334303427	-1,79381062011	-13,0630352965
7,17	1,53588974175	-1,93925472444	-25,8567296591
7,18	1,51843644924	-2,42406840555	-28,8194799326
7,19	1,4835298642	-2,61799387799	-21,008592848
7,2	1,46607657168	-2,76343798232	-17,9111721076
7,21	1,43116998664	-3,1028075591	-5,65615961297
7,22	1,3962634016	-2,81191935044	-0,808022801823
7,23	1,37881010908	-2,86040071854	-17,9111721077
7,24	1,34390352404	-3,29673303154	-25,8567296592
7,25	1,308996939	-3,49065850399	-23,9713431216
7,26	1,27409035396	-3,68458397643	-25,8567296592
7,27	1,23918376892	-4,12091628943	-17,7765016406
7,28	1,18682389136	-4,16939765754	0,134670467109
7,29	1,15191730632	-3,87850944887	-0,942693268823
7,3	1,11701072128	-4,16939765754	-5,11747774517
7,31	1,06465084372	-4,16939765754	4,04011400919
7,32	1,02974425868	-3,87850944888	-3,77077307523
7,33	0,994837673637	-4,21787902565	-13,0630352965
7,34	0,942477796077	-4,31484176187	-8,21489848543
7,35	0,907571211037	-4,36332312999	-3,77077307529
7,36	0,855211333477	-4,36332312999	-0,673352334878
7,37	0,820304748437	-4,36332312999	0,673352334849
7,38	0,767944870877	-4,36332312999	3,77077307524
7,39	0,733038285838	-4,31484176188	8,21489848538
7,4	0,680678408278	-4,21787902566	13,1977057635
7,41	0,645771823238	-3,87850944888	4,71346634419
7,42	0,610865238198	-4,16939765754	0,538681867951
7,43	0,558505360638	-4,12091628943	16,9684788388
7,44	0,523598775598	-3,68458397643	21,277933782
7,45	0,488692190558	-3,5391398721	11,9856715608
7,46	0,453785605519	-3,49065850399	4,71346634417
7,47	0,418879020479	-3,49065850399	1,88538653773
7,48	0,383972435439	-3,49065850399	4,84813681109
7,49	0,349065850399	-3,44217713588	12,7936943625
7,5	0,314159265359	-3,29673303155	25,0487068573
7,51	0,279252680319	-2,81191935044	25,1833773243
7,52	0,261799387799	-2,6664752461	13,7363876315
7,53	0,226892802759	-2,61799387799	9,42693268826
7,54	0,209439510239	-2,56951250988	13,7363876314
7,55	0,174532925199	-2,42406840555	25,3180477913
7,56	0,157079632679	-1,93925472444	25,9914001262
7,57	0,13962634016	-1,7938106201	17,5071607067
7,58	0,12217304764	-1,69684788388	17,6418311736
7,59	0,10471975512	-1,55140377955	26,799422928
7,6	0,0872664625997	-1,06659009844	28,9541503997
7,61	0,0872664625997	-0,872664625996	21,1432633151
7,62	0,0698131700798	-0,727220521663	18,8538653765
7,63	0,0698131700798	-0,387850944887	10,2349554901
7,64	0,0698131700798	-0,630257785441	12,6590238956
7,65	0,0523598775599	-0,436332312998	38,2464126208
7,66	0,0523598775599	0,436332312998	38,2464126208
7,67	0,0698131700798	0,630257785441	12,6590238956
7,68	0,0698131700798	0,387850944887	10,2349554901
7,69	0,0698131700798	0,727220521663	18,8538653765
7,7	0,0872664625997	0,872664625996	21,1432633151
7,71	0,0872664625997	1,06659009844	28,9541503997
7,72	0,10471975512	1,55140377955	26,799422928
7,73	0,12217304764	1,69684788388	17,6418311736
7,74	0,13962634016	1,7938106201	17,5071607067
7,75	0,157079632679	1,93925472444	25,9914001262
7,76	0,174532925199	2,42406840555	25,3180477913
7,77	0,209439510239	2,56951250988	13,7363876314
7,78	0,226892802759	2,61799387799	9,42693268826
7,79	0,261799387799	2,6664752461	13,7363876315
7,8	0,279252680319	2,81191935044	25,1833773243
7,81	0,314159265359	3,29673303155	25,0487068573
7,82	0,349065850399	3,44217713588	12,7936943625
7,83	0,383972435439	3,49065850399	4,84813681109
7,84	0,418879020479	3,49065850399	1,88538653773
7,85	0,453785605519	3,49065850399	4,71346634417
7,86	0,488692190558	3,5391398721	11,9856715608
7,87	0,523598775598	3,68458397643	21,277933782
7,88	0,558505360638	4,12091628943	16,9684788388
7,89	0,610865238198	4,16939765754	0,538681867951
7,9	0,645771823238	3,87850944888	4,71346634419
7,91	0,680678408278	4,21787902566	13,1977057635
7,92	0,733038285838	4,31484176188	8,21489848538
7,93	0,767944870877	4,36332312999	3,77077307524
7,94	0,820304748437	4,36332312999	0,673352334849
7,95	0,855211333477	4,36332312999	-0,673352334878
7,96	0,907571211037	4,36332312999	-3,77077307529
7,97	0,942477796077	4,31484176187	-8,21489848543
7,98	0,994837673637	4,21787902565	-13,1977057635
7,99	1,02974425868	3,87850944888	-4,57879587708
8	1,06465084372	4,16939765754	0,404011400877
8,01	1,11701072128	4,12091628943	-12,3896829618
8,02	1,15191730632	3,73306534454	-9,5616031552
8,03	1,18682389136	3,73306534454	7,40687568374
8,04	1,2217304764	4,12091628943	3,09742074046
8,05	1,27409035396	4,07243492132	-25,0487068574
8,06	1,308996939	3,49065850399	-40,9398219604
8,07	1,34390352404	2,90888208666	-25,0487068574
8,08	1,36135681656	2,86040071854	2,96275027341
8,09	1,3962634016	3,24825166343	6,46418241481
8,1	1,43116998664	3,24825166343	-14,2750694993
8,11	1,46607657168	2,81191935043	-25,1833773243
8,12	1,4835298642	2,61799387799	-24,6446954563
8,13	1,51843644924	2,42406840555	-29,6275027345
8,14	1,53588974175	1,93925472444	-26,1260705931
8,15	1,55334303427	1,79381062011	-13,8710580984
8,16	1,57079632679	1,745329252	-9,42693268834
8,17	1,58824961931	1,69684788388	-13,8710580985
8,18	1,60570291183	1,55140377955	-25,9914001262
8,19	1,62315620435	1,06659009844	-28,8194799326
8,2	1,62315620435	0,872664625996	-21,143263315
8,21	1,64060949687	0,727220521664	-18,8538653764
8,22	1,64060949687	0,387850944888	-10,23495549
8,23	1,64060949687	0,630257785445	-12,6590238956
8,24	1,65806278939	0,436332313001	-38,246412621
8,25	1,65806278939	-0,436332313001	-38,246412621
8,26	1,64060949687	-0,630257785445	-12,6590238956
8,27	1,64060949687	-0,387850944888	-10,23495549
8,28	1,64060949687	-0,727220521664	-18,8538653764
8,29	1,62315620435	-0,872664625996	-21,143263315
8,3	1,62315620435	-1,06659009844	-28,9541503996
8,31	1,60570291183	-1,55140377955	-26,799422928
8,32	1,58824961931	-1,69684788388	-17,6418311738
8,33	1,57079632679	-1,79381062011	-17,5071607068
8,34	1,55334303427	-1,93925472444	-25,9914001261
8,35	1,53588974175	-2,42406840555	-25,3180477912
8,36	1,50098315672	-2,56951250988	-13,7363876315
8,37	1,4835298642	-2,61799387799	-9,4269326882
8,38	1,44862327916	-2,6664752461	-13,7363876314
8,39	1,43116998664	-2,81191935044	-25,1833773243
8,4	1,3962634016	-3,29673303155	-25,0487068573
8,41	1,36135681656	-3,44217713588	-12,7936943626
8,42	1,32645023152	-3,49065850399	-4,84813681109
8,43	1,29154364648	-3,49065850399	-1,88538653765
8,44	1,25663706144	-3,49065850399	-4,71346634411
8,45	1,2217304764	-3,5391398721	-11,9856715607
8,46	1,18682389136	-3,68458397643	-21,277933782
8,47	1,15191730632	-4,12091628943	-16,9684788388
8,48	1,09955742876	-4,16939765754	-0,538681867899
8,49	1,06465084372	-3,87850944888	-4,71346634411
8,5	1,02974425868	-4,21787902565	-13,1977057635
8,51	0,977384381117	-4,31484176187	-8,21489848548
8,52	0,942477796077	-4,36332312999	-3,77077307534
8,53	0,890117918517	-4,36332312999	-0,673352334953
8,54	0,855211333477	-4,36332312999	0,673352334873
8,55	0,802851455917	-4,36332312999	3,77077307537
8,56	0,767944870877	-4,31484176187	8,21489848551
8,57	0,715584993318	-4,21787902565	13,1977057635
8,58	0,680678408278	-3,87850944888	4,71346634412
8,59	0,645771823238	-4,16939765754	0,5386818679
8,6	0,593411945678	-4,12091628943	16,9684788388
8,61	0,558505360638	-3,68458397643	21,277933782
8,62	0,523598775598	-3,5391398721	11,9856715608
8,63	0,488692190558	-3,49065850399	4,57879587716
8,64	0,453785605519	-3,49065850399	1,07736373585
8,65	0,418879020479	-3,49065850399	1,07736373588
8,66	0,383972435439	-3,49065850399	4,71346634411
8,67	0,349065850399	-3,44217713588	12,7936943625
8,68	0,314159265359	-3,29673303155	25,0487068573
8,69	0,279252680319	-2,81191935044	25,1833773243
8,7	0,261799387799	-2,6664752461	13,7363876315
8,71	0,226892802759	-2,61799387799	9,42693268826
8,72	0,209439510239	-2,56951250988	13,8710580984
8,73	0,174532925199	-2,42406840555	26,1260705932
8,74	0,157079632679	-1,93925472444	29,6275027345
8,75	0,13962634016	-1,74532925199	24,7793659233
8,76	0,12217304764	-1,55140377955	26,126070593
8,77	0,10471975512	-1,11507146655	18,8538653765
8,78	0,10471975512	-1,06659009844	5,38681867912
8,79	0,0872664625997	-1,30899693899	17,5071607068
8,8	0,0698131700798	-0,824183257885	38,2464126208
8,81	0,0698131700798	-0,242406840554	33,3982758097
8,82	0,0698131700798	-0,0484813681109	17,5071607067
8,83	0,0698131700798	0	10,2349554901
8,84	0,0698131700798	0,0484813681109	14,0057285654
8,85	0,0698131700798	0,193925472444	25,9914001261
8,86	0,0698131700798	0,678739153552	28,8194799326
8,87	0,0872664625997	0,872664625996	21,1432633151
8,88	0,0872664625997	1,01810873033	18,8538653766
8,89	0,10471975512	1,35747830711	10,2349554902
8,9	0,12217304764	1,11507146655	12,6590238955
8,91	0,12217304764	1,308996939	38,2464126207
8,92	0,13962634016	2,18166156499	38,2464126208
8,93	0,174532925199	2,37558703743	12,5243534288
8,94	0,191986217719	2,13318019688	9,29226222136
8,95	0,209439510239	2,47254977366	14,2750694993
8,96	0,244346095279	2,56951250988	9,29226222128
8,97	0,261799387799	2,61799387799	8,48423941949
8,98	0,296705972839	2,6664752461	13,6017171645
8,99	0,314159265359	2,81191935044	25,3180477912
9	0,349065850399	3,29673303154	25,991400126
9,01	0,383972435439	3,44217713588	17,3724902397
9,02	0,418879020479	3,5391398721	16,564467438
9,03	0,453785605519	3,68458397643	21,4126042491
9,04	0,488692190558	4,12091628943	13,3323762306
9,05	0,541052068118	4,12091628943	-7,54154615062
9,06	0,575958653158	3,73306534454	-7,54154615072
9,07	0,610865238198	3,73306534454	13,1977057635
9,08	0,645771823238	4,16939765754	20,4699109803
9,09	0,698131700798	4,31484176188	11,7163306268
9,1	0,733038285838	4,36332312999	3,77077307523
9,11	0,785398163397	4,36332312999	-2,82807980652
9,12	0,820304748437	4,31484176187	-7,94555755153
9,13	0,872664625997	4,21787902565	-12,2550124947
9,14	0,907571211037	3,87850944888	-0,13467046697
9,15	0,942477796077	4,21787902565	11,3123192259
9,16	0,994837673637	4,31484176187	3,50143214139
9,17	1,02974425868	4,31484176188	-8,08022801842
9,18	1,08210413624	4,16939765754	-19,6618881784
9,19	1,11701072128	3,73306534454	-13,0630352967
9,2	1,15191730632	3,73306534454	7,54154615058
9,21	1,18682389136	4,12091628943	7,40687568374
9,22	1,23918376892	4,12091628943	-14,1403990323
9,23	1,27409035396	3,68458397643	-25,0487068574
9,24	1,308996939	3,49065850399	-23,8366726546
9,25	1,34390352404	3,29673303154	-25,8567296592
9,26	1,37881010908	2,86040071854	-17,9111721077
9,27	1,3962634016	2,81191935044	-0,808022801823
9,28	1,43116998664	3,1028075591	-5,65615961297
9,29	1,46607657168	2,76343798232	-17,9111721076
9,3	1,4835298642	2,61799387799	-21,008592848
9,31	1,51843644924	2,42406840555	-28,8194799326
9,32	1,53588974175	1,93925472444	-25,9914001261
9,33	1,55334303427	1,79381062011	-13,8710580984
9,34	1,57079632679	1,745329252	-9,42693268834
9,35	1,58824961931	1,69684788388	-13,8710580985
9,36	1,60570291183	1,55140377955	-26,1260705932
9,37	1,62315620435	1,06659009844	-29,7621732014
9,38	1,62315620435	0,872664625996	-25,5873887252
9,39	1,64060949687	0,678739153552	-29,7621732014
9,4	1,64060949687	0,193925472444	-26,1260705931
9,41	1,64060949687	0,0484813681109	-13,8710580984
9,42	1,64060949687	0	-9,42693268823
9,43	1,64060949687	-0,0484813681109	-13,8710580984
9,44	1,64060949687	-0,193925472444	-26,1260705931
9,45	1,64060949687	-0,678739153552	-29,7621732014
9,46	1,62315620435	-0,872664625996	-25,5873887252
9,47	1,62315620435	-1,06659009844	-29,7621732014
9,48	1,60570291183	-1,55140377955	-25,9914001262
9,49	1,58824961931	-1,69684788388	-13,0630352967
9,5	1,57079632679	-1,745329252	-5,65615961302
9,51	1,55334303427	-1,745329252	-5,65615961289
9,52	1,53588974175	-1,7938106201	-13,0630352965
9,53	1,51843644924	-1,93925472444	-25,8567296592
9,54	1,50098315672	-2,42406840555	-28,8194799327
9,55	1,46607657168	-2,61799387799	-21,0085928481
9,56	1,44862327916	-2,76343798233	-17,9111721076
9,57	1,41371669412	-3,1028075591	-5,79083007984
9,58	1,37881010908	-2,81191935043	-1,6160456037
9,59	1,36135681656	-2,86040071855	-21,547274716
9,6	1,32645023152	-3,34521439966	-33,1289348758
9,61	1,29154364648	-3,63610260832	-32,4555825409
9,62	1,25663706144	-4,12091628943	-17,7765016407
9,63	1,20427718388	-4,12091628943	6,73352334873
9,64	1,16937059884	-3,73306534454	8,21489848546
9,65	1,1344640138	-3,73306534454	-9,42693268823
9,66	1,09955742876	-4,12091628943	-12,3896829617
9,67	1,0471975512	-4,16939765754	0,404011400923
9,68	1,01229096616	-3,87850944888	-4,57879587714
9,69	0,977384381117	-4,21787902565	-13,1977057635
9,7	0,925024503557	-4,31484176187	-8,08022801853
9,71	0,890117918517	-4,36332312999	-2,96275027352
9,72	0,837758040957	-4,36332312999	2,96275027344
9,73	0,802851455917	-4,31484176188	8,08022801856
9,74	0,750491578358	-4,21787902565	13,1977057636
9,75	0,715584993318	-3,87850944888	4,57879587716
9,76	0,680678408278	-4,16939765754	-0,404011400919
9,77	0,628318530718	-4,12091628943	12,3896829617
9,78	0,593411945678	-3,73306534454	9,42693268823
9,79	0,558505360638	-3,73306534454	-8,34956895243
9,8	0,523598775598	-4,12091628943	-7,54154615058
9,81	0,471238898038	-4,12091628943	14,1403990323
9,82	0,436332312999	-3,68458397643	25,1833773243
9,83	0,401425727959	-3,49065850399	24,6446954564
9,84	0,366519142919	-3,29673303155	29,6275027345
9,85	0,331612557879	-2,81191935044	25,9914001262
9,86	0,314159265359	-2,6664752461	12,9283648296
9,87	0,279252680319	-2,61799387799	4,84813681106
9,88	0,261799387799	-2,61799387799	1,88538653768
9,89	0,226892802759	-2,61799387799	4,84813681109
9,9	0,209439510239	-2,56951250988	12,9283648296
9,91	0,174532925199	-2,42406840555	25,9914001262
9,92	0,157079632679	-1,93925472444	29,7621732015
9,93	0,13962634016	-1,74532925199	25,5873887251
9,94	0,12217304764	-1,55140377955	29,7621732014
9,95	0,10471975512	-1,06659009844	26,1260705932
9,96	0,10471975512	-0,921145994108	13,8710580985
9,97	0,0872664625997	-0,872664625996	9,4269326883
9,98	0,0872664625997	-0,824183257885	13,8710580984
9,99	0,0698131700798	-0,678739153552	26,1260705931
10	0,0698131700798	-0,193925472444	29,7621732014
10,01	0,0698131700798	0	25,5873887252
10,02	0,0698131700798	0,193925472444	29,7621732014
10,03	0,0698131700798	0,678739153552	26,1260705931
10,04	0,0872664625997	0,824183257885	13,8710580984
10,05	0,0872664625997	0,872664625996	9,4269326883
10,06	0,10471975512	0,921145994108	13,7363876315
10,07	0,10471975512	1,06659009844	25,3180477913
10,08	0,12217304764	1,55140377955	25,991400126
10,09	0,13962634016	1,69684788388	17,5071607066
10,1	0,157079632679	1,7938106201	17,5071607067
10,11	0,174532925199	1,93925472444	25,9914001262
10,12	0,191986217719	2,42406840555	25,3180477914
10,13	0,226892802759	2,56951250988	13,7363876315
10,14	0,244346095279	2,61799387799	9,42693268821
10,15	0,279252680319	2,6664752461	13,7363876313
10,16	0,296705972839	2,81191935043	25,1833773243
10,17	0,331612557879	3,29673303154	25,0487068574
10,18	0,366519142919	3,44217713588	12,9283648296
10,19	0,401425727959	3,49065850399	5,65615961296
10,2	0,436332312999	3,49065850399	5,52148914597
10,21	0,471238898038	3,5391398721	11,9856715607
10,22	0,506145483078	3,68458397643	20,4699109802
10,23	0,541052068118	4,12091628943	13,1977057635
10,24	0,593411945678	4,12091628943	-7,54154615058
10,25	0,628318530718	3,73306534454	-7,54154615058
10,26	0,663225115758	3,73306534454	13,1977057635
10,27	0,698131700798	4,16939765754	20,4699109802
10,28	0,750491578358	4,31484176187	11,7163306268
10,29	0,785398163397	4,36332312999	3,77077307532
10,3	0,837758040957	4,36332312999	-2,82807980642
10,31	0,872664625997	4,31484176188	-8,0802280184
10,32	0,925024503557	4,21787902566	-13,0630352965
10,33	0,959931088597	3,87850944888	-3,77077307537
10,34	0,994837673637	4,16939765754	4,04011400919
10,35	1,0471975512	4,16939765754	-5,11747774506
10,36	1,08210413624	3,87850944888	-0,942693268828
10,37	1,11701072128	4,16939765754	0,269340933948
10,38	1,16937059884	4,12091628943	-16,8338083718
10,39	1,20427718388	3,68458397643	-21,277933782
10,4	1,23918376892	3,5391398721	-12,1203420277
10,41	1,27409035396	3,49065850399	-5,52148914599
10,42	1,308996939	3,49065850399	-5,65615961299
10,43	1,34390352404	3,44217713588	-12,9283648297
10,44	1,37881010908	3,29673303154	-25,0487068573
10,45	1,41371669412	2,81191935044	-25,1833773242
10,46	1,43116998664	2,6664752461	-13,7363876314
10,47	1,46607657168	2,61799387799	-9,42693268823
10,48	1,4835298642	2,56951250988	-13,7363876314
10,49	1,51843644924	2,42406840555	-25,3180477913
10,5	1,53588974175	1,93925472444	-25,9914001261
10,51	1,55334303427	1,79381062011	-17,5071607067
10,52	1,57079632679	1,69684788388	-17,5071607068
10,53	1,58824961931	1,55140377955	-25,9914001263
10,54	1,60570291183	1,06659009844	-25,3180477913
10,55	1,60570291183	0,921145994107	-13,7363876314
10,56	1,62315620435	0,872664625996	-9,42693268823
10,57	1,62315620435	0,824183257885	-13,8710580984
10,58	1,64060949687	0,678739153552	-26,1260705931
10,59	1,64060949687	0,193925472444	-29,7621732014
10,6	1,64060949687	0	-25,5873887252
10,61	1,64060949687	-0,193925472444	-29,7621732014
10,62	1,64060949687	-0,678739153552	-26,1260705931
10,63	1,62315620435	-0,824183257885	-13,8710580984
10,64	1,62315620435	-0,872664625996	-9,42693268823
10,65	1,60570291183	-0,921145994107	-13,7363876314
10,66	1,60570291183	-1,06659009844	-25,3180477913
10,67	1,58824961931	-1,55140377955	-25,9914001263
10,68	1,57079632679	-1,69684788388	-17,5071607068
10,69	1,55334303427	-1,79381062011	-17,6418311737
10,7	1,53588974175	-1,93925472444	-26,799422928
10,71	1,51843644924	-2,42406840555	-28,9541503996
10,72	1,4835298642	-2,61799387799	-21,008592848
10,73	1,46607657168	-2,76343798232	-17,9111721076
10,74	1,43116998664	-3,1028075591	-5,65615961297
10,75	1,3962634016	-2,81191935044	-0,673352334847
10,76	1,37881010908	-2,86040071854	-17,1031493058
10,77	1,34390352404	-3,29673303154	-22,2206270509
10,78	1,308996939	-3,44217713588	-16,5644674379
10,79	1,27409035396	-3,5391398721	-16,4297969709
10,8	1,23918376892	-3,68458397643	-21,412604249
10,81	1,20427718388	-4,12091628943	-13,3323762305
10,82	1,15191730632	-4,12091628943	7,54154615058
10,83	1,11701072128	-3,73306534454	7,54154615058
10,84	1,08210413624	-3,73306534454	-13,0630352965
10,85	1,0471975512	-4,16939765754	-19,6618881783
10,86	0,994837673637	-4,31484176187	-8,08022801853
10,87	0,959931088597	-4,31484176188	3,50143214126
10,88	0,907571211037	-4,21787902566	11,3123192259
10,89	0,872664625997	-3,87850944888	7,98299697951E-011
10,9	0,837758040957	-4,21787902565	-11,4469896928
10,91	0,785398163397	-4,31484176187	-4,30945494317
10,92	0,750491578358	-4,31484176187	4,44412541017
10,93	0,698131700798	-4,21787902565	12,3896829617
10,94	0,663225115758	-3,87850944888	4,57879587714
10,95	0,628318530718	-4,16939765754	0,538681867899
10,96	0,575958653158	-4,12091628943	16,9684788388
10,97	0,541052068118	-3,68458397643	21,277933782
10,98	0,506145483078	-3,5391398721	11,9856715607
10,99	0,471238898038	-3,49065850399	4,71346634411
11	0,436332312999	-3,49065850399	1,88538653765
11,01	0,401425727959	-3,49065850399	4,84813681111
11,02	0,366519142919	-3,44217713588	12,9283648296
11,03	0,331612557879	-3,29673303154	25,8567296592
11,04	0,296705972839	-2,81191935043	28,8194799326
11,05	0,279252680319	-2,61799387799	21,008592848
11,06	0,244346095279	-2,47254977366	17,9111721077
11,07	0,226892802759	-2,13318019688	5,65615961294
11,08	0,209439510239	-2,42406840555	0,80802280184
11,09	0,174532925199	-2,37558703744	17,9111721077
11,1	0,157079632679	-1,93925472444	25,9914001262
11,11	0,13962634016	-1,74532925199	24,9140363903
11,12	0,12217304764	-1,55140377955	30,4355255362
11,13	0,10471975512	-1,06659009844	29,7621732015
11,14	0,10471975512	-0,872664625997	21,1432633152
11,15	0,0872664625997	-0,727220521664	18,0458425747
11,16	0,0872664625997	-0,387850944887	6,59885288179
11,17	0,0872664625997	-0,678739153552	5,25214821202
11,18	0,0698131700798	-0,581776417331	28,9541503996
11,19	0,0698131700798	0	42,690538031
11,2	0,0698131700798	0,581776417331	29,8968436684
11,21	0,0872664625997	0,678739153552	9,83094408918
11,22	0,0872664625997	0,436332312998	18,4498539756
11,23	0,0872664625997	0,921145994108	38,3810830879
11,24	0,10471975512	1,50292241144	33,2636053428
11,25	0,12217304764	1,69684788388	16,5644674378
11,26	0,13962634016	1,74532925199	5,65615961283
11,27	0,157079632679	1,74532925199	2,02005700462
11,28	0,174532925199	1,74532925199	4,8481368112
11,29	0,191986217719	1,79381062011	12,9283648297
11,3	0,209439510239	1,93925472444	25,9914001261
11,31	0,226892802759	2,42406840555	29,7621732014
11,32	0,261799387799	2,61799387799	25,5873887253
11,33	0,279252680319	2,81191935044	29,7621732014
11,34	0,314159265359	3,29673303155	25,9914001261
11,35	0,349065850399	3,44217713588	12,9283648295
11,36	0,383972435439	3,49065850399	4,71346634411
11,37	0,418879020479	3,49065850399	1,07736373588
11,38	0,453785605519	3,49065850399	1,07736373585
11,39	0,488692190558	3,49065850399	4,57879587716
11,4	0,523598775598	3,5391398721	11,9856715608
11,41	0,558505360638	3,68458397643	21,277933782
11,42	0,593411945678	4,12091628943	16,9684788388
11,43	0,645771823238	4,16939765754	0,5386818679
11,44	0,680678408278	3,87850944888	4,57879587714
11,45	0,715584993318	4,21787902565	12,3896829617
11,46	0,767944870877	4,31484176187	4,44412541022
11,47	0,802851455917	4,31484176188	-4,30945494311
11,48	0,855211333477	4,21787902566	-11,4469896928
11,49	0,890117918517	3,87850944888	-7,98299697951E-011
11,5	0,925024503557	4,21787902565	11,3123192258
11,51	0,977384381117	4,31484176187	3,36676167434
11,52	1,01229096616	4,31484176187	-8,88825082033
11,53	1,06465084372	4,16939765754	-23,2979907866
11,54	1,09955742876	3,68458397643	-20,3352405132
11,55	1,1344640138	3,58762124021	-1,0773637358
11,56	1,16937059884	3,68458397643	14,6790809002
11,57	1,20427718388	4,12091628943	6,73352334873
11,58	1,25663706144	4,07243492132	-24,2406840554
11,59	1,29154364648	3,49065850399	-40,8051514934
11,6	1,32645023152	2,90888208666	-25,0487068573
11,61	1,34390352404	2,86040071855	2,96275027336
11,62	1,37881010908	3,24825166343	6,46418241478
11,63	1,41371669412	3,24825166343	-14,2750694992
11,64	1,44862327916	2,81191935044	-25,1833773242
11,65	1,46607657168	2,61799387799	-24,6446954564
11,66	1,50098315672	2,42406840555	-29,6275027346
11,67	1,51843644924	1,93925472444	-26,1260705932
11,68	1,53588974175	1,7938106201	-13,8710580983
11,69	1,55334303427	1,745329252	-9,42693268818
11,7	1,57079632679	1,69684788388	-13,8710580985
11,71	1,58824961931	1,55140377955	-25,9914001262
11,72	1,60570291183	1,06659009844	-28,8194799327
11,73	1,60570291183	0,872664625996	-21,1432633151
11,74	1,62315620435	0,727220521663	-18,8538653765
11,75	1,62315620435	0,387850944887	-10,2349554901
11,76	1,62315620435	0,630257785441	-12,6590238956
11,77	1,64060949687	0,436332312998	-38,2464126208
11,78	1,64060949687	-0,436332312998	-38,2464126208
11,79	1,62315620435	-0,630257785441	-12,6590238956
11,8	1,62315620435	-0,387850944887	-10,2349554901
11,81	1,62315620435	-0,727220521663	-18,8538653765
11,82	1,60570291183	-0,872664625996	-21,1432633151
11,83	1,60570291183	-1,06659009844	-28,8194799327
11,84	1,58824961931	-1,55140377955	-25,9914001262
11,85	1,57079632679	-1,69684788388	-13,8710580985
11,86	1,55334303427	-1,745329252	-9,42693268818
11,87	1,53588974175	-1,7938106201	-13,7363876314
11,88	1,51843644924	-1,93925472444	-25,1833773243
11,89	1,50098315672	-2,42406840555	-25,1833773244
11,9	1,46607657168	-2,56951250988	-13,7363876315
11,91	1,44862327916	-2,61799387799	-9,4269326882
11,92	1,41371669412	-2,6664752461	-13,7363876313
11,93	1,3962634016	-2,81191935043	-25,1833773243
11,94	1,36135681656	-3,29673303154	-25,0487068574
11,95	1,32645023152	-3,44217713588	-12,9283648296
11,96	1,29154364648	-3,49065850399	-5,65615961296
11,97	1,25663706144	-3,49065850399	-5,52148914597
11,98	1,2217304764	-3,5391398721	-12,1203420277
11,99	1,18682389136	-3,68458397643	-21,277933782
12	1,15191730632	-4,12091628943	-16,8338083718
12,01	1,09955742876	-4,16939765754	0,269340933949
12,02	1,06465084372	-3,87850944888	-0,942693268823
12,03	1,02974425868	-4,16939765754	-5,11747774504
12,04	0,977384381117	-4,16939765754	4,04011400924
12,05	0,942477796077	-3,87850944888	-3,63610260832
12,06	0,907571211037	-4,21787902565	-12,2550124947
12,07	0,855211333477	-4,31484176187	-4,44412541017
12,08	0,820304748437	-4,31484176187	4,44412541014
12,09	0,767944870877	-4,21787902565	12,3896829616
12,1	0,733038285838	-3,87850944888	4,44412541011
12,11	0,698131700798	-4,16939765754	-0,404011400877
12,12	0,645771823238	-4,12091628943	12,3896829618
12,13	0,610865238198	-3,73306534454	9,42693268823
12,14	0,575958653158	-3,73306534454	-8,21489848559
12,15	0,541052068118	-4,12091628943	-6,73352334878
12,16	0,488692190558	-4,12091628943	17,7765016407
12,17	0,453785605519	-3,63610260832	32,455582541
12,18	0,418879020479	-3,34521439966	33,1289348759
12,19	0,383972435439	-2,86040071854	21,547274716
12,2	0,366519142919	-2,81191935044	1,4813751367
12,21	0,331612557879	-3,1028075591	4,84813681112
12,22	0,296705972839	-2,76343798232	13,3323762305
12,23	0,279252680319	-2,6664752461	9,1575917542
12,24	0,244346095279	-2,61799387799	8,48423941938
12,25	0,226892802759	-2,56951250988	13,7363876315
12,26	0,191986217719	-2,42406840555	26,1260705932
12,27	0,174532925199	-1,93925472444	29,6275027346
12,28	0,157079632679	-1,74532925199	24,7793659234
12,29	0,13962634016	-1,55140377955	26,126070593
12,3	0,12217304764	-1,11507146655	18,8538653763
12,31	0,12217304764	-1,06659009844	5,38681867891
12,32	0,10471975512	-1,308996939	17,5071607068
12,33	0,0872664625997	-0,824183257886	38,2464126209
12,34	0,0872664625997	-0,242406840555	33,2636053428
12,35	0,0872664625997	-0,0484813681109	16,6991379049
12,36	0,0872664625997	0	6,59885288177
12,37	0,0872664625997	0	6,59885288177
12,38	0,0872664625997	0,0484813681109	16,6991379049
12,39	0,0872664625997	0,242406840555	33,2636053428
12,4	0,0872664625997	0,824183257886	38,2464126209
12,41	0,10471975512	1,308996939	17,6418311738
12,42	0,12217304764	1,06659009844	6,19484148076
12,43	0,12217304764	1,11507146655	22,4899679847
12,44	0,13962634016	1,59988514766	33,3982758097
12,45	0,157079632679	1,89077335633	33,2636053429
12,46	0,174532925199	2,37558703744	21,5472747161
12,47	0,209439510239	2,42406840555	1,61604560369
12,48	0,226892802759	2,13318019688	5,79083007992
12,49	0,244346095279	2,47254977366	17,9111721077
12,5	0,279252680319	2,61799387799	21,008592848
12,51	0,296705972839	2,81191935043	28,8194799326
12,52	0,331612557879	3,29673303154	25,8567296592
12,53	0,366519142919	3,44217713588	12,9283648296
12,54	0,401425727959	3,49065850399	4,71346634414
12,55	0,436332312999	3,49065850399	1,0773637358
12,56	0,471238898038	3,49065850399	1,0773637358
12,57	0,506145483078	3,49065850399	4,57879587714
12,58	0,541052068118	3,5391398721	11,9856715607
12,59	0,575958653158	3,68458397643	21,277933782
12,6	0,610865238198	4,12091628943	16,9684788388
12,61	0,663225115758	4,16939765754	0,538681867899
12,62	0,698131700798	3,87850944888	4,57879587714
12,63	0,733038285838	4,21787902565	12,3896829617
12,64	0,785398163397	4,31484176187	4,44412541016
12,65	0,820304748437	4,31484176187	-4,44412541016
12,66	0,872664625997	4,21787902565	-12,2550124947
12,67	0,907571211037	3,87850944888	-3,63610260831
12,68	0,942477796077	4,16939765754	4,04011400926
12,69	0,994837673637	4,16939765754	-5,11747774499
12,7	1,02974425868	3,87850944888	-0,942693268767
12,71	1,06465084372	4,16939765754	0,269340933897
12,72	1,11701072128	4,12091628943	-16,833808372
12,73	1,15191730632	3,68458397643	-21,2779337821
12,74	1,18682389136	3,5391398721	-11,9856715607
12,75	1,2217304764	3,49065850399	-4,71346634407
12,76	1,25663706144	3,49065850399	-1,88538653763
12,77	1,29154364648	3,49065850399	-4,84813681111
12,78	1,32645023152	3,44217713588	-12,7936943626
12,79	1,36135681656	3,29673303154	-25,0487068574
12,8	1,3962634016	2,81191935043	-25,1833773243
12,81	1,41371669412	2,6664752461	-13,7363876313
12,82	1,44862327916	2,61799387799	-9,4269326882
12,83	1,46607657168	2,56951250988	-13,7363876315
12,84	1,50098315672	2,42406840555	-25,1833773244
12,85	1,51843644924	1,93925472444	-25,1833773243
12,86	1,53588974175	1,7938106201	-13,7363876314
12,87	1,55334303427	1,745329252	-9,42693268818
12,88	1,57079632679	1,69684788388	-13,8710580985
12,89	1,58824961931	1,55140377955	-26,1260705932
12,9	1,60570291183	1,06659009844	-29,7621732015
12,91	1,60570291183	0,872664625996	-25,5873887252
12,92	1,62315620435	0,678739153552	-29,7621732014
12,93	1,62315620435	0,193925472444	-26,1260705931
12,94	1,62315620435	0,0484813681109	-13,8710580984
12,95	1,62315620435	0	-9,42693268823
12,96	1,62315620435	-0,0484813681109	-13,8710580984
12,97	1,62315620435	-0,193925472444	-25,9914001261
12,98	1,62315620435	-0,678739153552	-28,8194799326
12,99	1,60570291183	-0,872664625996	-21,0085928481
13	1,60570291183	-1,01810873033	-18,0458425746
13,01	1,58824961931	-1,35747830711	-6,59885288184
13,02	1,57079632679	-1,06659009844	-5,25214821215
13,03	1,57079632679	-1,16355283467	-28,9541503997
13,04	1,55334303427	-1,745329252	-42,690538031
13,05	1,53588974175	-2,32710566932	-29,7621732014
13,06	1,50098315672	-2,42406840555	-8,88825082036
13,07	1,4835298642	-2,18166156499	-13,8710580984
13,08	1,46607657168	-2,61799387799	-26,530081994
13,09	1,43116998664	-3,05432619099	-12,9283648296
13,1	1,3962634016	-2,81191935044	-4,30945494316
13,11	1,37881010908	-2,86040071854	-17,7765016407
13,12	1,34390352404	-3,29673303154	-21,4126042491
13,13	1,308996939	-3,44217713588	-12,1203420278
13,14	1,27409035396	-3,49065850399	-5,52148914599
13,15	1,23918376892	-3,49065850399	-5,52148914597
13,16	1,20427718388	-3,5391398721	-12,1203420277
13,17	1,16937059884	-3,68458397643	-21,277933782
13,18	1,1344640138	-4,12091628943	-16,8338083718
13,19	1,08210413624	-4,16939765754	0,269340933949
13,2	1,0471975512	-3,87850944888	-0,942693268824
13,21	1,01229096616	-4,16939765754	-5,11747774504
13,22	0,959931088597	-4,16939765754	4,04011400922
13,23	0,925024503557	-3,87850944888	-3,63610260837
13,24	0,890117918517	-4,21787902565	-12,2550124948
13,25	0,837758040957	-4,31484176188	-4,44412541016
13,26	0,802851455917	-4,31484176188	4,44412541024
13,27	0,750491578358	-4,21787902565	12,3896829617
13,28	0,715584993318	-3,87850944888	4,57879587716
13,29	0,680678408278	-4,16939765754	0,538681867904
13,3	0,628318530718	-4,12091628943	16,9684788388
13,31	0,593411945678	-3,68458397643	21,277933782
13,32	0,558505360638	-3,5391398721	11,9856715607
13,33	0,523598775598	-3,49065850399	4,57879587714
13,34	0,488692190558	-3,49065850399	1,07736373582
13,35	0,453785605519	-3,49065850399	1,07736373585
13,36	0,418879020479	-3,49065850399	4,71346634419
13,37	0,383972435439	-3,44217713588	12,7936943626
13,38	0,349065850399	-3,29673303154	25,0487068572
13,39	0,314159265359	-2,81191935044	25,1833773242
13,4	0,296705972839	-2,6664752461	13,7363876314
13,41	0,261799387799	-2,61799387799	9,42693268831
13,42	0,244346095279	-2,56951250988	13,7363876314
13,43	0,209439510239	-2,42406840555	25,3180477912
13,44	0,191986217719	-1,93925472444	25,9914001262
13,45	0,174532925199	-1,7938106201	17,5071607068
13,46	0,157079632679	-1,69684788388	17,5071607068
13,47	0,13962634016	-1,55140377955	25,9914001261
13,48	0,12217304764	-1,06659009844	25,3180477911
13,49	0,12217304764	-0,921145994111	13,7363876313
13,5	0,10471975512	-0,872664626	9,42693268831
13,51	0,10471975512	-0,824183257886	13,8710580985
13,52	0,0872664625997	-0,678739153553	26,1260705932
13,53	0,0872664625997	-0,193925472444	29,7621732014
13,54	0,0872664625997	0	25,5873887252
13,55	0,0872664625997	0,193925472444	29,7621732014
13,56	0,0872664625997	0,678739153553	26,1260705932
13,57	0,10471975512	0,824183257886	13,8710580985
13,58	0,10471975512	0,872664626	9,42693268831
13,59	0,12217304764	0,921145994111	13,7363876313
13,6	0,12217304764	1,06659009844	25,3180477911
13,61	0,13962634016	1,55140377955	25,9914001261
13,62	0,157079632679	1,69684788388	17,5071607068
13,63	0,174532925199	1,7938106201	17,5071607068
13,64	0,191986217719	1,93925472444	25,9914001262
13,65	0,209439510239	2,42406840555	25,3180477912
13,66	0,244346095279	2,56951250988	13,7363876314
13,67	0,261799387799	2,61799387799	9,42693268831
13,68	0,296705972839	2,6664752461	13,7363876314
13,69	0,314159265359	2,81191935044	25,1833773242
13,7	0,349065850399	3,29673303154	25,0487068572
13,71	0,383972435439	3,44217713588	12,7936943626
13,72	0,418879020479	3,49065850399	4,71346634419
13,73	0,453785605519	3,49065850399	1,07736373585
13,74	0,488692190558	3,49065850399	1,07736373582
13,75	0,523598775598	3,49065850399	4,57879587714
13,76	0,558505360638	3,5391398721	11,9856715607
13,77	0,593411945678	3,68458397643	21,277933782
13,78	0,628318530718	4,12091628943	16,9684788388
13,79	0,680678408278	4,16939765754	0,538681867904
13,8	0,715584993318	3,87850944888	4,57879587716
13,81	0,750491578358	4,21787902565	12,3896829617
13,82	0,802851455917	4,31484176188	4,44412541024
13,83	0,837758040957	4,31484176188	-4,44412541016
13,84	0,890117918517	4,21787902565	-12,3896829618
13,85	0,925024503557	3,87850944888	-4,44412541022
13,86	0,959931088597	4,16939765754	0,404011400899
13,87	1,01229096616	4,12091628943	-12,3896829617
13,88	1,0471975512	3,73306534454	-9,42693268823
13,89	1,08210413624	3,73306534454	8,34956895243
13,9	1,11701072128	4,12091628943	7,67621661756
13,91	1,16937059884	4,12091628943	-13,1977057635
13,92	1,20427718388	3,68458397643	-20,6045814471
13,93	1,23918376892	3,5391398721	-12,7936943626
13,94	1,27409035396	3,49065850399	-9,29226222128
13,95	1,308996939	3,44217713588	-13,7363876315
13,96	1,34390352404	3,29673303154	-25,1833773243
13,97	1,37881010908	2,81191935043	-25,1833773243
13,98	1,3962634016	2,6664752461	-13,7363876314
13,99	1,43116998664	2,61799387799	-9,42693268826
14	1,44862327916	2,56951250988	-13,7363876314
14,01	1,4835298642	2,42406840555	-25,1833773243
14,02	1,50098315672	1,93925472444	-25,0487068574
14,03	1,51843644924	1,7938106201	-12,9283648296
14,04	1,53588974175	1,74532925199	-5,79083007986
14,05	1,55334303427	1,745329252	-6,46418241473
14,06	1,57079632679	1,69684788388	-16,6991379049
14,07	1,58824961931	1,50292241144	-33,2636053429
14,08	1,60570291183	0,921145994107	-38,2464126209
14,09	1,60570291183	0,436332312998	-17,5071607067
14,1	1,60570291183	0,678739153552	-5,38681867899
14,11	1,62315620435	0,630257785441	-18,8538653765
14,12	1,62315620435	0,193925472444	-26,1260705931
14,13	1,62315620435	0	-24,7793659233
14,14	1,62315620435	-0,193925472444	-29,6275027344
14,15	1,62315620435	-0,678739153552	-26,1260705931
14,16	1,60570291183	-0,824183257885	-13,8710580984
14,17	1,60570291183	-0,872664625996	-9,42693268826
14,18	1,58824961931	-0,921145994107	-13,8710580985
14,19	1,58824961931	-1,06659009844	-26,1260705932
14,2	1,57079632679	-1,55140377955	-29,6275027345
14,21	1,55334303427	-1,745329252	-24,7793659233
14,22	1,53588974175	-1,93925472444	-26,1260705931
14,23	1,51843644924	-2,37558703744	-18,7191949095
14,24	1,4835298642	-2,42406840555	-4,44412541013
14,25	1,46607657168	-2,18166156499	-12,9283648296
14,26	1,44862327916	-2,61799387799	-26,3954115271
14,27	1,41371669412	-3,05432619099	-12,9283648295
14,28	1,37881010908	-2,81191935043	-4,30945494321
14,29	1,36135681656	-2,86040071855	-17,7765016407
14,3	1,32645023152	-3,29673303155	-21,547274716
14,31	1,29154364648	-3,44217713588	-12,9283648296
14,32	1,25663706144	-3,49065850399	-9,15759175428
14,33	1,2217304764	-3,5391398721	-12,7936943626
14,34	1,18682389136	-3,68458397643	-20,6045814471
14,35	1,15191730632	-4,12091628943	-13,1977057635
14,36	1,09955742876	-4,12091628943	7,54154615058
14,37	1,06465084372	-3,73306534454	7,54154615058
14,38	1,02974425868	-3,73306534454	-13,0630352965
14,39	0,994837673637	-4,16939765754	-19,6618881783
14,4	0,942477796077	-4,31484176187	-8,08022801848
14,41	0,907571211037	-4,31484176187	3,63610260832
14,42	0,855211333477	-4,21787902565	12,1203420277
14,43	0,820304748437	-3,87850944888	3,63610260832
14,44	0,785398163397	-4,16939765754	-4,04011400924
14,45	0,733038285838	-4,16939765754	5,11747774504
14,46	0,698131700798	-3,87850944888	0,942693268823
14,47	0,663225115758	-4,16939765754	-0,269340933949
14,48	0,610865238198	-4,12091628943	16,8338083718
14,49	0,575958653158	-3,68458397643	21,277933782
14,5	0,541052068118	-3,5391398721	11,9856715607
14,51	0,506145483078	-3,49065850399	4,71346634411
14,52	0,471238898038	-3,49065850399	1,88538653765
14,53	0,436332312999	-3,49065850399	4,84813681109
14,54	0,401425727959	-3,44217713588	12,7936943626
14,55	0,366519142919	-3,29673303155	25,0487068573
14,56	0,331612557879	-2,81191935044	25,1833773243
14,57	0,314159265359	-2,6664752461	13,7363876314
14,58	0,279252680319	-2,61799387799	9,4269326882
14,59	0,261799387799	-2,56951250988	13,7363876315
14,6	0,226892802759	-2,42406840555	25,1833773243
14,61	0,209439510239	-1,93925472444	25,1833773243
14,62	0,191986217719	-1,79381062011	13,7363876315
14,63	0,174532925199	-1,74532925199	9,42693268836
14,64	0,157079632679	-1,69684788388	13,7363876315
14,65	0,13962634016	-1,55140377955	25,1833773242
14,66	0,12217304764	-1,06659009844	25,1833773241
14,67	0,12217304764	-0,921145994111	13,7363876313
14,68	0,10471975512	-0,872664626	9,56160315528
14,69	0,10471975512	-0,824183257886	14,6790809004
14,7	0,0872664625997	-0,678739153553	29,8968436685
14,71	0,0872664625997	-0,145444104333	37,8424012199
14,72	0,0872664625997	0,145444104333	37,8424012199
14,73	0,0872664625997	0,678739153553	29,8968436685
14,74	0,10471975512	0,824183257886	14,6790809004
14,75	0,10471975512	0,872664626	9,56160315528
14,76	0,12217304764	0,921145994111	13,7363876313
14,77	0,12217304764	1,06659009844	25,1833773241
14,78	0,13962634016	1,55140377955	25,1833773242
14,79	0,157079632679	1,69684788388	13,7363876315
14,8	0,174532925199	1,74532925199	9,42693268836
14,81	0,191986217719	1,79381062011	13,7363876315
14,82	0,209439510239	1,93925472444	25,1833773243
14,83	0,226892802759	2,42406840555	25,1833773243
14,84	0,261799387799	2,56951250988	13,7363876315
14,85	0,279252680319	2,61799387799	9,4269326882
14,86	0,314159265359	2,6664752461	13,7363876314
14,87	0,331612557879	2,81191935044	25,1833773243
14,88	0,366519142919	3,29673303155	25,0487068573
14,89	0,401425727959	3,44217713588	12,7936943626
14,9	0,436332312999	3,49065850399	4,84813681109
14,91	0,471238898038	3,49065850399	1,88538653765
14,92	0,506145483078	3,49065850399	4,71346634411
14,93	0,541052068118	3,5391398721	11,9856715607
14,94	0,575958653158	3,68458397643	21,277933782
14,95	0,610865238198	4,12091628943	16,8338083718
14,96	0,663225115758	4,16939765754	-0,269340933949
14,97	0,698131700798	3,87850944888	0,942693268823
14,98	0,733038285838	4,16939765754	4,98280727806
14,99	0,785398163397	4,16939765754	-4,84813681109
15	0,820304748437	3,87850944888	0
15,01	0,855211333477	4,16939765754	4,84813681109
15,02	0,907571211037	4,16939765754	-4,98280727806
15,03	0,942477796077	3,87850944888	-0,808022801848
15,04	0,977384381117	4,16939765754	1,21203420277
15,05	1,02974425868	4,12091628943	-12,2550124947
15,06	1,06465084372	3,73306534454	-9,42693268823
15,07	1,09955742876	3,73306534454	8,34956895243
15,08	1,1344640138	4,12091628943	7,54154615058
15,09	1,18682389136	4,12091628943	-14,1403990323
15,1	1,2217304764	3,68458397643	-25,0487068573
15,11	1,25663706144	3,49065850399	-23,8366726545
15,12	1,29154364648	3,29673303155	-25,8567296592
15,13	1,32645023152	2,86040071855	-17,9111721077
15,14	1,34390352404	2,81191935044	-0,808022801933
15,15	1,37881010908	3,1028075591	-5,52148914599
15,16	1,41371669412	2,76343798232	-16,9684788388
15,17	1,43116998664	2,61799387799	-16,4297969709
15,18	1,46607657168	2,47254977366	-17,1031493058
15,19	1,4835298642	2,13318019688	-6,46418241475
15,2	1,50098315672	2,42406840555	-5,25214821204
15,21	1,53588974175	2,32710566932	-28,9541503996
15,22	1,55334303427	1,745329252	-42,690538031
15,23	1,57079632679	1,16355283467	-29,7621732015
15,24	1,57079632679	1,06659009844	-8,88825082047
15,25	1,58824961931	1,30899693899	-13,8710580985
15,26	1,60570291183	0,872664625996	-26,664752461
15,27	1,60570291183	0,436332312998	-13,8710580984
15,28	1,60570291183	0,678739153552	-8,88825082033
15,29	1,62315620435	0,581776417331	-29,7621732014
15,3	1,62315620435	0	-42,690538031
15,31	1,62315620435	-0,581776417331	-28,9541503996
15,32	1,60570291183	-0,678739153552	-5,25214821201
15,33	1,60570291183	-0,387850944887	-6,59885288177
15,34	1,60570291183	-0,727220521663	-18,0458425746
15,35	1,58824961931	-0,872664625996	-21,0085928481
15,36	1,58824961931	-1,06659009844	-28,8194799327
15,37	1,57079632679	-1,55140377955	-25,9914001262
15,38	1,55334303427	-1,69684788388	-13,8710580983
15,39	1,53588974175	-1,74532925199	-9,42693268817
15,4	1,51843644924	-1,7938106201	-13,8710580985
15,41	1,50098315672	-1,93925472444	-25,9914001262
15,42	1,4835298642	-2,42406840555	-28,8194799326
15,43	1,44862327916	-2,61799387799	-21,0085928481
15,44	1,43116998664	-2,76343798232	-17,9111721077
15,45	1,3962634016	-3,1028075591	-5,65615961291
15,46	1,36135681656	-2,81191935043	-0,808022801873
15,47	1,34390352404	-2,86040071855	-17,9111721077
15,48	1,308996939	-3,29673303155	-25,8567296592
15,49	1,27409035396	-3,49065850399	-23,8366726545
15,5	1,23918376892	-3,68458397643	-24,9140363903
15,51	1,20427718388	-4,12091628943	-13,3323762305
15,52	1,15191730632	-4,12091628943	11,1776487589
15,53	1,11701072128	-3,68458397643	15,756444636
15,54	1,08210413624	-3,58762124021	-0,134670466975
15,55	1,0471975512	-3,68458397643	-16,6991379049
15,56	1,01229096616	-4,12091628943	-16,02578557
15,57	0,959931088597	-4,16939765754	-0,404011400949
15,58	0,925024503557	-3,87850944888	-4,57879587719
15,59	0,890117918517	-4,21787902565	-12,2550124948
15,6	0,837758040957	-4,31484176188	-3,63610260832
15,61	0,802851455917	-4,31484176188	8,08022801856
15,62	0,750491578358	-4,16939765754	19,6618881784
15,63	0,715584993318	-3,73306534454	13,0630352966
15,64	0,680678408278	-3,73306534454	-7,54154615058
15,65	0,645771823238	-4,12091628943	-7,54154615058
15,66	0,593411945678	-4,12091628943	13,1977057635
15,67	0,558505360638	-3,68458397643	20,4699109802
15,68	0,523598775598	-3,5391398721	11,9856715608
15,69	0,488692190558	-3,49065850399	5,52148914599
15,7	0,453785605519	-3,49065850399	5,65615961299
15,71	0,418879020479	-3,44217713588	12,9283648297
15,72	0,383972435439	-3,29673303154	25,0487068573
15,73	0,349065850399	-2,81191935044	25,1833773242
15,74	0,331612557879	-2,6664752461	13,6017171645
15,75	0,296705972839	-2,61799387799	8,4842394194
15,76	0,279252680319	-2,56951250988	9,29226222122
15,77	0,244346095279	-2,47254977366	14,2750694993
15,78	0,226892802759	-2,13318019688	9,29226222126
15,79	0,209439510239	-2,37558703744	12,5243534286
15,8	0,174532925199	-2,18166156499	38,2464126209
15,81	0,157079632679	-1,308996939	38,2464126209
15,82	0,157079632679	-1,11507146655	12,6590238957
15,83	0,13962634016	-1,35747830711	10,23495549
15,84	0,12217304764	-1,01810873033	18,8538653763
15,85	0,12217304764	-0,872664626	21,1432633149
15,86	0,10471975512	-0,678739153556	28,8194799327
15,87	0,10471975512	-0,193925472445	25,9914001262
15,88	0,10471975512	-0,0484813681112	13,8710580985
15,89	0,10471975512	0	9,42693268829
15,9	0,10471975512	0,0484813681112	13,8710580985
15,91	0,10471975512	0,193925472445	26,1260705932
15,92	0,10471975512	0,678739153556	29,7621732015
15,93	0,12217304764	0,872664626	25,5873887251
15,94	0,12217304764	1,06659009844	29,7621732013
15,95	0,13962634016	1,55140377955	25,9914001261
15,96	0,157079632679	1,69684788388	13,0630352966
15,97	0,174532925199	1,74532925199	5,65615961307
15,98	0,191986217719	1,745329252	5,65615961304
15,99	0,209439510239	1,79381062011	12,9283648296
16	0,226892802759	1,93925472444	25,0487068573
16,01	0,244346095279	2,42406840555	25,1833773243
16,02	0,279252680319	2,56951250988	13,7363876314
16,03	0,296705972839	2,61799387799	9,42693268822
16,04	0,331612557879	2,6664752461	13,7363876314
16,05	0,349065850399	2,81191935044	25,1833773242
16,06	0,383972435439	3,29673303154	25,1833773243
16,07	0,418879020479	3,44217713588	13,7363876315
16,08	0,453785605519	3,49065850399	9,2922622213
16,09	0,488692190558	3,5391398721	12,7936943626
16,1	0,523598775598	3,68458397643	20,6045814471
16,11	0,558505360638	4,12091628943	13,1977057635
16,12	0,610865238198	4,12091628943	-7,67621661755
16,13	0,645771823238	3,73306534454	-8,34956895243
16,14	0,680678408278	3,73306534454	9,42693268823
16,15	0,715584993318	4,12091628943	12,2550124947
16,16	0,767944870877	4,16939765754	-1,21203420272
16,17	0,802851455917	3,87850944888	0,808022801928
16,18	0,837758040957	4,16939765754	4,98280727806
16,19	0,890117918517	4,16939765754	-4,98280727814
16,2	0,925024503557	3,87850944888	-0,8080228019
16,21	0,959931088597	4,16939765754	1,21203420275
16,22	1,01229096616	4,12091628943	-12,2550124947
16,23	1,0471975512	3,73306534454	-9,42693268822
16,24	1,08210413624	3,73306534454	8,34956895243
16,25	1,11701072128	4,12091628943	7,67621661755
16,26	1,16937059884	4,12091628943	-13,3323762305
16,27	1,20427718388	3,68458397643	-21,412604249
16,28	1,23918376892	3,5391398721	-16,4297969709
16,29	1,27409035396	3,44217713588	-16,5644674379
16,3	1,308996939	3,29673303154	-22,3552975178
16,31	1,34390352404	2,86040071855	-17,9111721077
16,32	1,36135681656	2,81191935043	-4,30945494321
16,33	1,3962634016	3,05432619099	-12,9283648295
16,34	1,43116998664	2,61799387799	-26,3954115271
16,35	1,44862327916	2,18166156499	-12,9283648296
16,36	1,46607657168	2,42406840555	-4,44412541015
16,37	1,50098315672	2,37558703744	-18,7191949096
16,38	1,51843644924	1,93925472444	-25,9914001262
16,39	1,53588974175	1,74532925199	-23,9713431214
16,4	1,55334303427	1,55140377955	-25,9914001261
16,41	1,57079632679	1,11507146655	-18,8538653765
16,42	1,57079632679	1,06659009844	-5,38681867912
16,43	1,58824961931	1,30899693899	-17,5071607068
16,44	1,60570291183	0,824183257885	-38,2464126208
16,45	1,60570291183	0,242406840554	-33,2636053427
16,46	1,60570291183	0,0484813681109	-16,6991379049
16,47	1,60570291183	0	-6,46418241478
16,48	1,60570291183	0	-5,79083007991
16,49	1,60570291183	-0,0484813681109	-13,0630352965
16,5	1,60570291183	-0,193925472443	-25,9914001261
16,51	1,60570291183	-0,678739153552	-29,7621732014
16,52	1,58824961931	-0,872664625996	-25,5873887253
16,53	1,58824961931	-1,06659009844	-29,7621732015
16,54	1,57079632679	-1,55140377955	-26,1260705932
16,55	1,55334303427	-1,69684788388	-13,8710580983
16,56	1,53588974175	-1,74532925199	-9,42693268817
16,57	1,51843644924	-1,7938106201	-13,7363876315
16,58	1,50098315672	-1,93925472444	-25,1833773243
16,59	1,4835298642	-2,42406840555	-25,1833773242
16,6	1,44862327916	-2,56951250988	-13,7363876314
16,61	1,43116998664	-2,61799387799	-9,42693268826
16,62	1,3962634016	-2,6664752461	-13,7363876314
16,63	1,37881010908	-2,81191935043	-25,1833773243
16,64	1,34390352404	-3,29673303154	-25,0487068574
16,65	1,308996939	-3,44217713588	-12,7936943626
16,66	1,27409035396	-3,49065850399	-4,71346634414
16,67	1,23918376892	-3,49065850399	-1,0773637358
16,68	1,20427718388	-3,49065850399	-1,0773637358
16,69	1,16937059884	-3,49065850399	-4,57879587714
16,7	1,1344640138	-3,5391398721	-11,9856715607
16,71	1,09955742876	-3,68458397643	-21,277933782
16,72	1,06465084372	-4,12091628943	-16,8338083718
16,73	1,01229096616	-4,16939765754	0,269340933949
16,74	0,977384381117	-3,87850944888	-0,942693268822
16,75	0,942477796077	-4,16939765754	-4,98280727806
16,76	0,890117918517	-4,16939765754	4,98280727806
16,77	0,855211333477	-3,87850944888	0,808022801848
16,78	0,820304748437	-4,16939765754	-1,21203420277
16,79	0,767944870877	-4,12091628943	12,2550124947
16,8	0,733038285838	-3,73306534454	9,42693268822
16,81	0,698131700798	-3,73306534454	-8,34956895243
16,82	0,663225115758	-4,12091628943	-7,67621661755
16,83	0,610865238198	-4,12091628943	13,1977057635
16,84	0,575958653158	-3,68458397643	20,4699109801
16,85	0,541052068118	-3,5391398721	11,9856715607
16,86	0,506145483078	-3,49065850399	5,52148914597
16,87	0,471238898038	-3,49065850399	5,52148914598
16,88	0,436332312999	-3,44217713588	12,1203420278
16,89	0,401425727959	-3,29673303154	21,412604249
16,9	0,366519142919	-2,86040071854	17,7765016407
16,91	0,349065850399	-2,81191935044	4,30945494311
16,92	0,314159265359	-3,05432619099	12,9283648295
16,93	0,279252680319	-2,61799387799	26,3954115271
16,94	0,261799387799	-2,18166156499	12,9283648296
16,95	0,244346095279	-2,42406840555	4,44412541019
16,96	0,209439510239	-2,37558703744	18,7191949095
16,97	0,191986217719	-1,93925472444	26,1260705932
16,98	0,174532925199	-1,74532925199	24,7793659235
16,99	0,157079632679	-1,55140377955	29,6275027345
17	0,13962634016	-1,06659009844	26,1260705931
17,01	0,13962634016	-0,921145994107	13,8710580983
17,02	0,12217304764	-0,872664625997	9,42693268809
17,03	0,12217304764	-0,824183257889	13,7363876313
17,04	0,10471975512	-0,678739153556	25,3180477913
17,05	0,10471975512	-0,193925472445	25,9914001262
17,06	0,10471975512	-0,0484813681112	17,5071607068
17,07	0,10471975512	0,0484813681112	17,6418311738
17,08	0,10471975512	0,193925472445	26,7994229281
17,09	0,10471975512	0,678739153556	28,9541503996
17,1	0,12217304764	0,872664626	21,008592848
17,11	0,12217304764	1,01810873033	18,0458425745
17,12	0,13962634016	1,3574783071	6,59885288169
17,13	0,157079632679	1,06659009844	5,25214821201
17,14	0,157079632679	1,16355283466	28,9541503996
17,15	0,174532925199	1,74532925199	42,5558675641
17,16	0,191986217719	2,32710566933	28,9541503997
17,17	0,226892802759	2,42406840555	5,25214821201
17,18	0,244346095279	2,13318019688	6,59885288179
17,19	0,261799387799	2,47254977366	18,0458425747
17,2	0,296705972839	2,61799387799	20,8739223811
17,21	0,314159265359	2,81191935044	28,0114571307
17,22	0,349065850399	3,29673303154	22,2206270507
17,23	0,383972435439	3,39369576776	5,65615961294
17,24	0,418879020479	3,34521439966	-3,77077307521
17,25	0,453785605519	3,05432619099	9,02292128735
17,26	0,471238898038	3,49065850399	24,6446954564
17,27	0,523598775598	3,92699081699	8,21489848546
17,28	0,558505360638	3,63610260832	-7,54154615058
17,29	0,593411945678	3,5391398721	-2,55873887252
17,3	0,628318530718	3,5391398721	9,15759175427
17,31	0,663225115758	3,68458397643	24,1060135885
17,32	0,698131700798	4,16939765754	23,9713431215
17,33	0,750491578358	4,31484176187	8,21489848545
17,34	0,785398163397	4,31484176187	-7,13753474966
17,35	0,837758040957	4,16939765754	-19,5272177113
17,36	0,872664625997	3,73306534454	-12,9283648296
17,37	0,907571211037	3,73306534454	8,48423941941
17,38	0,942477796077	4,12091628943	12,1203420277
17,39	0,994837673637	4,16939765754	-1,3467046697
17,4	1,02974425868	3,87850944888	-0,134670466919
17,41	1,06465084372	4,16939765754	0,404011400871
17,42	1,11701072128	4,12091628943	-16,833808372
17,43	1,15191730632	3,68458397643	-21,412604249
17,44	1,18682389136	3,5391398721	-12,9283648295
17,45	1,2217304764	3,49065850399	-9,15759175423
17,46	1,25663706144	3,44217713588	-12,9283648295
17,47	1,29154364648	3,29673303155	-21,412604249
17,48	1,32645023152	2,86040071855	-16,9684788389
17,49	1,34390352404	2,81191935044	-0,673352334958
17,5	1,37881010908	3,1028075591	-5,65615961296
17,51	1,41371669412	2,76343798232	-17,9111721076
17,52	1,43116998664	2,61799387799	-21,0085928481
17,53	1,46607657168	2,42406840555	-28,8194799326
17,54	1,4835298642	1,93925472444	-25,8567296591
17,55	1,50098315672	1,79381062011	-13,0630352966
17,56	1,51843644924	1,74532925199	-5,656159613
17,57	1,53588974175	1,74532925199	-5,65615961288
17,58	1,55334303427	1,69684788388	-13,0630352965
17,59	1,57079632679	1,55140377955	-25,9914001262
17,6	1,58824961931	1,06659009844	-29,7621732015
17,61	1,58824961931	0,872664625996	-25,5873887253
17,62	1,60570291183	0,678739153552	-29,7621732014
17,63	1,60570291183	0,193925472443	-26,1260705931
17,64	1,60570291183	0,0484813681109	-13,8710580984
17,65	1,60570291183	0	-9,42693268822
17,66	1,60570291183	-0,0484813681109	-13,8710580984
17,67	1,60570291183	-0,193925472443	-26,1260705931
17,68	1,60570291183	-0,678739153552	-29,7621732014
17,69	1,58824961931	-0,872664625996	-25,5873887253
17,7	1,58824961931	-1,06659009844	-29,7621732015
17,71	1,57079632679	-1,55140377955	-25,9914001262
17,72	1,55334303427	-1,69684788388	-13,0630352965
17,73	1,53588974175	-1,74532925199	-5,65615961288
17,74	1,51843644924	-1,74532925199	-5,656159613
17,75	1,50098315672	-1,79381062011	-13,0630352966
17,76	1,4835298642	-1,93925472444	-25,8567296591
17,77	1,46607657168	-2,42406840555	-28,8194799326
17,78	1,43116998664	-2,61799387799	-21,0085928481
17,79	1,41371669412	-2,76343798232	-17,9111721076
17,8	1,37881010908	-3,1028075591	-5,65615961296
17,81	1,34390352404	-2,81191935044	-0,673352334958
17,82	1,32645023152	-2,86040071855	-16,9684788389
17,83	1,29154364648	-3,29673303155	-21,412604249
17,84	1,25663706144	-3,44217713588	-12,9283648295
17,85	1,2217304764	-3,49065850399	-9,15759175423
17,86	1,18682389136	-3,5391398721	-12,7936943625
17,87	1,15191730632	-3,68458397643	-20,6045814472
17,88	1,11701072128	-4,12091628943	-13,1977057636
17,89	1,06465084372	-4,12091628943	7,67621661755
17,9	1,02974425868	-3,73306534454	8,34956895254
17,91	0,994837673637	-3,73306534454	-9,42693268823
17,92	0,959931088597	-4,12091628943	-12,2550124948
17,93	0,907571211037	-4,16939765754	1,21203420272
17,94	0,872664625997	-3,87850944888	-0,808022801792
17,95	0,837758040957	-4,16939765754	-4,98280727801
17,96	0,785398163397	-4,16939765754	4,98280727808
17,97	0,750491578358	-3,87850944888	0,942693268828
17,98	0,715584993318	-4,16939765754	-0,269340933948
17,99	0,663225115758	-4,12091628943	16,8338083718
18	0,628318530718	-3,68458397643	21,277933782
18,01	0,593411945678	-3,5391398721	11,9856715607
18,02	0,558505360638	-3,49065850399	4,57879587714
18,03	0,523598775598	-3,49065850399	1,0773637358
18,04	0,488692190558	-3,49065850399	1,07736373582
18,05	0,453785605519	-3,49065850399	4,71346634417
18,06	0,418879020479	-3,44217713588	12,7936943627
18,07	0,383972435439	-3,29673303154	25,0487068573
18,08	0,349065850399	-2,81191935044	25,1833773242
18,09	0,331612557879	-2,6664752461	13,7363876314
18,1	0,296705972839	-2,61799387799	9,42693268822
18,11	0,279252680319	-2,56951250988	13,7363876314
18,12	0,244346095279	-2,42406840555	25,1833773243
18,13	0,226892802759	-1,93925472444	25,1833773243
18,14	0,209439510239	-1,79381062011	13,7363876314
18,15	0,191986217719	-1,745329252	9,42693268833
18,16	0,174532925199	-1,69684788388	13,7363876315
18,17	0,157079632679	-1,55140377955	25,1833773243
18,18	0,13962634016	-1,06659009844	25,1833773243
18,19	0,13962634016	-0,921145994107	13,7363876313
18,2	0,12217304764	-0,872664625997	9,56160315507
18,21	0,12217304764	-0,824183257889	14,6790809002
18,22	0,10471975512	-0,678739153556	29,7621732015
18,23	0,10471975512	-0,145444104334	37,0343784182
18,24	0,10471975512	0,145444104334	34,2062986118
18,25	0,10471975512	0,630257785445	22,4899679849
18,26	0,12217304764	0,678739153556	5,25214821194
18,27	0,12217304764	0,436332312999	13,0630352964
18,28	0,12217304764	0,872664625996	26,5300819939
18,29	0,13962634016	1,30899693899	13,8710580984
18,3	0,157079632679	1,06659009844	8,88825082035
18,31	0,157079632679	1,16355283466	29,7621732015
18,32	0,174532925199	1,74532925199	42,6905380311
18,33	0,191986217719	2,32710566933	28,9541503997
18,34	0,226892802759	2,42406840555	5,11747774504
18,35	0,244346095279	2,13318019688	5,65615961296
18,36	0,261799387799	2,47254977366	13,4670466975
18,37	0,296705972839	2,56951250988	9,1575917543
18,38	0,314159265359	2,61799387799	8,48423941937
18,39	0,349065850399	2,6664752461	13,6017171644
18,4	0,366519142919	2,81191935043	25,1833773243
18,41	0,401425727959	3,29673303154	25,0487068574
18,42	0,436332312999	3,44217713588	12,9283648296
18,43	0,471238898038	3,49065850399	5,65615961296
18,44	0,506145483078	3,49065850399	5,52148914597
18,45	0,541052068118	3,5391398721	11,9856715607
18,46	0,575958653158	3,68458397643	20,4699109801
18,47	0,610865238198	4,12091628943	13,1977057635
18,48	0,663225115758	4,12091628943	-7,67621661755
18,49	0,698131700798	3,73306534454	-8,34956895243
18,5	0,733038285838	3,73306534454	9,42693268822
18,51	0,767944870877	4,12091628943	12,2550124947
18,52	0,820304748437	4,16939765754	-1,21203420277
18,53	0,855211333477	3,87850944888	0,808022801848
18,54	0,890117918517	4,16939765754	4,98280727806
18,55	0,942477796077	4,16939765754	-4,98280727806
18,56	0,977384381117	3,87850944888	-0,942693268822
18,57	1,01229096616	4,16939765754	0,269340933949
18,58	1,06465084372	4,12091628943	-16,8338083718
18,59	1,09955742876	3,68458397643	-21,277933782
18,6	1,1344640138	3,5391398721	-11,9856715607
18,61	1,16937059884	3,49065850399	-4,71346634411
18,62	1,20427718388	3,49065850399	-1,88538653765
18,63	1,23918376892	3,49065850399	-4,71346634412
18,64	1,27409035396	3,44217713588	-11,9856715608
18,65	1,308996939	3,29673303154	-21,412604249
18,66	1,34390352404	2,86040071855	-17,7765016407
18,67	1,36135681656	2,81191935043	-4,30945494321
18,68	1,3962634016	3,05432619099	-12,9283648295
18,69	1,43116998664	2,61799387799	-26,3954115271
18,7	1,44862327916	2,18166156499	-13,0630352965
18,71	1,46607657168	2,42406840555	-5,25214821201
18,72	1,50098315672	2,37558703744	-22,3552975179
18,73	1,51843644924	1,89077335633	-33,3982758098
18,74	1,53588974175	1,59988514766	-33,3982758097
18,75	1,55334303427	1,11507146655	-22,3552975177
18,76	1,55334303427	1,06659009844	-5,25214821194
18,77	1,57079632679	1,308996939	-13,0630352966
18,78	1,58824961931	0,872664625997	-26,3954115272
18,79	1,58824961931	0,436332312998	-13,0630352966
18,8	1,58824961931	0,678739153552	-5,25214821204
18,81	1,60570291183	0,630257785441	-22,4899679848
18,82	1,60570291183	0,145444104333	-34,2062986116
18,83	1,60570291183	-0,145444104333	-37,034378418
18,84	1,60570291183	-0,678739153552	-29,7621732014
18,85	1,58824961931	-0,824183257885	-14,6790809003
18,86	1,58824961931	-0,872664625996	-9,56160315528
18,87	1,57079632679	-0,921145994108	-13,7363876315
18,88	1,57079632679	-1,06659009844	-25,1833773243
18,89	1,55334303427	-1,55140377955	-25,0487068572
18,9	1,53588974175	-1,69684788388	-12,9283648295
18,91	1,51843644924	-1,74532925199	-5,79083007997
18,92	1,50098315672	-1,745329252	-6,46418241486
18,93	1,4835298642	-1,79381062011	-16,6991379048
18,94	1,46607657168	-1,98773609255	-33,2636053427
18,95	1,44862327916	-2,56951250988	-38,2464126208
18,96	1,41371669412	-3,05432619099	-17,5071607067
18,97	1,37881010908	-2,81191935043	-5,25214821204
18,98	1,36135681656	-2,86040071855	-17,9111721077
18,99	1,32645023152	-3,29673303154	-21,412604249
19	1,29154364648	-3,44217713588	-11,9856715608
19,01	1,25663706144	-3,49065850399	-4,57879587712
19,02	1,2217304764	-3,49065850399	-1,07736373575
19,03	1,18682389136	-3,49065850399	-1,07736373572
19,04	1,15191730632	-3,49065850399	-4,57879587714
19,05	1,11701072128	-3,5391398721	-11,8510010938
19,06	1,08210413624	-3,68458397643	-20,4699109802
19,07	1,0471975512	-4,12091628943	-13,1977057635
19,08	0,994837673637	-4,12091628943	7,67621661754
19,09	0,959931088597	-3,73306534454	8,3495689524
19,1	0,925024503557	-3,73306534454	-9,42693268828
19,11	0,890117918517	-4,12091628943	-12,2550124948
19,12	0,837758040957	-4,16939765754	1,34670466975
19,13	0,802851455917	-3,87850944888	0,134670467055
19,14	0,767944870877	-4,16939765754	-0,538681867841
19,15	0,715584993318	-4,12091628943	15,8911151031
19,16	0,680678408278	-3,68458397643	16,6991379049
19,17	0,645771823238	-3,58762124021	0,269340934006
19,18	0,610865238198	-3,68458397643	-14,8137513673
19,19	0,575958653158	-4,12091628943	-6,73352334887
19,2	0,523598775598	-4,07243492132	24,2406840554
19,21	0,488692190558	-3,49065850399	40,8051514934
19,22	0,453785605519	-2,90888208666	25,0487068573
19,23	0,436332312999	-2,86040071855	-2,96275027349
19,24	0,401425727959	-3,24825166343	-6,4641824148
19,25	0,366519142919	-3,24825166343	14,1403990324
19,26	0,331612557879	-2,81191935044	24,2406840555
19,27	0,314159265359	-2,61799387799	20,0658995792
19,28	0,279252680319	-2,47254977366	17,7765016406
19,29	0,261799387799	-2,13318019688	5,79083007994
19,3	0,244346095279	-2,42406840555	1,6160456037
19,31	0,209439510239	-2,37558703744	21,5472747159
19,32	0,191986217719	-1,89077335633	33,2636053428
19,33	0,174532925199	-1,59988514766	33,3982758098
19,34	0,157079632679	-1,11507146655	22,4899679848
19,35	0,157079632679	-1,06659009844	6,19484148086
19,36	0,13962634016	-1,30899693899	17,6418311737
19,37	0,12217304764	-0,824183257885	38,2464126208
19,38	0,12217304764	-0,242406840554	33,2636053427
19,39	0,12217304764	-0,0484813681109	16,6991379049
19,4	0,12217304764	0	6,46418241478
19,41	0,12217304764	0	5,79083007991
19,42	0,12217304764	0,0484813681109	12,9283648296
19,43	0,12217304764	0,193925472443	25,0487068573
19,44	0,12217304764	0,678739153552	25,1833773243
19,45	0,13962634016	0,824183257885	13,7363876314
19,46	0,13962634016	0,872664625996	9,5616031552
19,47	0,157079632679	0,921145994107	14,6790809003
19,48	0,157079632679	1,06659009844	29,7621732015
19,49	0,174532925199	1,59988514766	37,0343784182
19,5	0,191986217719	1,89077335633	34,0716281447
19,51	0,209439510239	2,37558703744	21,6819451829
19,52	0,244346095279	2,42406840555	1,6160456037
19,53	0,261799387799	2,13318019688	5,79083007994
19,54	0,279252680319	2,47254977366	17,9111721076
19,55	0,314159265359	2,61799387799	21,0085928481
19,56	0,331612557879	2,81191935044	28,8194799327
19,57	0,366519142919	3,29673303154	25,8567296592
19,58	0,401425727959	3,44217713588	12,9283648296
19,59	0,436332312999	3,49065850399	4,71346634412
19,6	0,471238898038	3,49065850399	0,942693268818
19,61	0,506145483078	3,49065850399	0,269340933926
19,62	0,541052068118	3,49065850399	0,942693268775
19,63	0,575958653158	3,49065850399	4,57879587708
19,64	0,610865238198	3,5391398721	11,9856715608
19,65	0,645771823238	3,68458397643	21,2779337821
19,66	0,680678408278	4,12091628943	16,8338083718
19,67	0,733038285838	4,16939765754	-0,404011401034
19,68	0,767944870877	3,87850944887	0,13467046698
19,69	0,802851455917	4,16939765754	1,34670466988
19,7	0,855211333477	4,12091628943	-12,2550124946
19,71	0,890117918517	3,73306534454	-9,42693268828
19,72	0,925024503557	3,73306534454	8,34956895238
19,73	0,959931088597	4,12091628943	7,67621661753
19,74	1,01229096616	4,12091628943	-13,1977057635
19,75	1,0471975512	3,68458397643	-20,4699109802
19,76	1,08210413624	3,5391398721	-11,8510010938
19,77	1,11701072128	3,49065850399	-4,57879587722
19,78	1,15191730632	3,49065850399	-0,942693268822
19,79	1,18682389136	3,49065850399	-0,269340933869
19,8	1,2217304764	3,49065850399	-0,942693268771
19,81	1,25663706144	3,49065850399	-4,71346634409
19,82	1,29154364648	3,44217713588	-12,7936943626
19,83	1,32645023152	3,29673303154	-25,0487068573
19,84	1,36135681656	2,81191935044	-25,1833773243
19,85	1,37881010908	2,6664752461	-13,7363876314
19,86	1,41371669412	2,61799387799	-9,4269326882
19,87	1,43116998664	2,56951250988	-13,7363876314
19,88	1,46607657168	2,42406840555	-25,1833773243
19,89	1,4835298642	1,93925472444	-25,1833773242
19,9	1,50098315672	1,79381062011	-13,7363876315
19,91	1,51843644924	1,74532925199	-9,42693268829
19,92	1,53588974175	1,69684788388	-13,8710580983
19,93	1,55334303427	1,55140377955	-26,126070593
19,94	1,57079632679	1,06659009844	-29,7621732015
19,95	1,57079632679	0,872664625997	-25,5604546319
19,96	1,58824961931	0,678739153553	-29,6813709213
19,97	1,58824961931	0,193925472444	-25,7489932856
19,98	1,58824961931	0,0581776417334	-13,4131785108
19,99	1,58824961931	0	-6,43724832147
20	1,58824961931	0	-2,04699109805
