Vernier Format 2
Файл.gmbl 07.12.2019 14:38:09 ,
Новый
Время	Угол	Скорость	Ускорение
t	Угол	v	a
с	rad	rad/с	rad/с²

0	0	0	0,269340933949
0,01	0	0	1,34670466975
0,02	0	0	4,92893909127
0,03	0	0,0484813681109	11,8510010938
0,04	0	0,193925472444	20,3352405132
0,05	0	0,630257785441	12,2550124947
0,06	0,0174532925199	0,630257785441	-12,2550124947
0,07	0,0174532925199	0,193925472444	-20,3352405132
0,08	0,0174532925199	0,0484813681109	-11,8510010938
0,09	0,0174532925199	0	-4,71346634411
0,1	0,0174532925199	0	-1,88538653765
0,11	0,0174532925199	0	-4,71346634411
0,12	0,0174532925199	-0,0484813681109	-11,8510010938
0,13	0,0174532925199	-0,193925472444	-20,3352405132
0,14	0,0174532925199	-0,630257785441	-12,2550124947
0,15	0	-0,630257785441	12,2550124947
0,16	0	-0,193925472444	20,3352405132
0,17	0	-0,0484813681109	11,8510010938
0,18	0	0	4,57879587714
0,19	0	0	0,942693268823
0,2	0	0	0,134670466975
0,21	0	0	0
0,22	0	0	0
0,23	0	0	0
0,24	0	0	0
0,25	0	0	0
0,26	0	0	0
0,27	0	0	0
0,28	0	0	0
0,29	0	0	0
0,3	0	0	0
0,31	0	0	0
0,32	0	0	0
0,33	0	0	0
0,34	0	0	0
0,35	0	0	0
0,36	0	0	0
0,37	0	0	0
0,38	0	0	0
0,39	0	0	0
0,4	0	0	0
0,41	0	0	0
0,42	0	0	0
0,43	0	0	0
0,44	0	0	0
0,45	0	0	0
0,46	0	0	0
0,47	0	0	0
0,48	0	0	0
0,49	0	0	0
0,5	0	0	0
0,51	0	0	0
0,52	0	0	0
0,53	0	0	0
0,54	0	0	0
0,55	0	0	0
0,56	0	0	0
0,57	0	0	0
0,58	0	0	0
0,59	0	0	0
0,6	0	0	0
0,61	0	0	0
0,62	0	0	0
0,63	0	0	0
0,64	0	0	0
0,65	0	0	0
0,66	0	0	0
0,67	0	0	0
0,68	0	0	0
0,69	0	0	0
0,7	0	0	0
0,71	0	0	0
0,72	0	0	0
0,73	0	0	0
0,74	0	0	0
0,75	0	0	0
0,76	0	0	0
0,77	0	0	0
0,78	0	0	0
0,79	0	0	0
0,8	0	0	0
0,81	0	0	0
0,82	0	0	0
0,83	0	0	0
0,84	0	0	0
0,85	0	0	0
0,86	0	0	0
0,87	0	0	0
0,88	0	0	0
0,89	0	0	0
0,9	0	0	0
0,91	0	0	0
0,92	0	0	0
0,93	0	0	0
0,94	0	0	0
0,95	0	0	0
0,96	0	0	0
0,97	0	0	0
0,98	0	0	0
0,99	0	0	0,134670466975
1	0	0	0,942693268823
1,01	0	0	4,57879587714
1,02	0	0,0484813681109	11,8510010938
1,03	0	0,193925472444	20,3352405132
1,04	0	0,630257785441	12,2550124947
1,05	0,0174532925199	0,630257785441	-12,2550124947
1,06	0,0174532925199	0,193925472444	-20,3352405132
1,07	0,0174532925199	0,0484813681109	-11,8510010938
1,08	0,0174532925199	0	-4,57879587714
1,09	0,0174532925199	0	-0,942693268823
1,1	0,0174532925199	0	-0,134670466975
1,11	0,0174532925199	0	0
1,12	0,0174532925199	0	0
1,13	0,0174532925199	0	0
1,14	0,0174532925199	0	0
1,15	0,0174532925199	0	0
1,16	0,0174532925199	0	0
1,17	0,0174532925199	0	0
1,18	0,0174532925199	0	0
1,19	0,0174532925199	0	0
1,2	0,0174532925199	0	0
1,21	0,0174532925199	0	0
1,22	0,0174532925199	0	0
1,23	0,0174532925199	0	0
1,24	0,0174532925199	0	0
1,25	0,0174532925199	0	0
1,26	0,0174532925199	0	0
1,27	0,0174532925199	0	0
1,28	0,0174532925199	0	0
1,29	0,0174532925199	0	0
1,3	0,0174532925199	0	0
1,31	0,0174532925199	0	0
1,32	0,0174532925199	0	0
1,33	0,0174532925199	0	0
1,34	0,0174532925199	0	0
1,35	0,0174532925199	0	0
1,36	0,0174532925199	0	0
1,37	0,0174532925199	0	0
1,38	0,0174532925199	0	0
1,39	0,0174532925199	0	0
1,4	0,0174532925199	0	0
1,41	0,0174532925199	0	0
1,42	0,0174532925199	0	0
1,43	0,0174532925199	0	0
1,44	0,0174532925199	0	0
1,45	0,0174532925199	0	0
1,46	0,0174532925199	0	0
1,47	0,0174532925199	0	0
1,48	0,0174532925199	0	0
1,49	0,0174532925199	0	0
1,5	0,0174532925199	0	0
1,51	0,0174532925199	0	0
1,52	0,0174532925199	0	0
1,53	0,0174532925199	0	0
1,54	0,0174532925199	0	0
1,55	0,0174532925199	0	0
1,56	0,0174532925199	0	0
1,57	0,0174532925199	0	0
1,58	0,0174532925199	0	0
1,59	0,0174532925199	0	0
1,6	0,0174532925199	0	0
1,61	0,0174532925199	0	0
1,62	0,0174532925199	0	0
1,63	0,0174532925199	0	0
1,64	0,0174532925199	0	0
1,65	0,0174532925199	0	0
1,66	0,0174532925199	0	0
1,67	0,0174532925199	0	0
1,68	0,0174532925199	0	0
1,69	0,0174532925199	0	0
1,7	0,0174532925199	0	0
1,71	0,0174532925199	0	0
1,72	0,0174532925199	0	0
1,73	0,0174532925199	0	0
1,74	0,0174532925199	0	0
1,75	0,0174532925199	0	0
1,76	0,0174532925199	0	0
1,77	0,0174532925199	0	0
1,78	0,0174532925199	0	0
1,79	0,0174532925199	0	0
1,8	0,0174532925199	0	0
1,81	0,0174532925199	0	0
1,82	0,0174532925199	0	0
1,83	0,0174532925199	0	0
1,84	0,0174532925199	0	0
1,85	0,0174532925199	0	0
1,86	0,0174532925199	0	0
1,87	0,0174532925199	0	0
1,88	0,0174532925199	0	0
1,89	0,0174532925199	0	0
1,9	0,0174532925199	0	0
1,91	0,0174532925199	0	0,134670466975
1,92	0,0174532925199	0	0,942693268823
1,93	0,0174532925199	0	4,71346634411
1,94	0,0174532925199	0,0484813681109	12,7936943626
1,95	0,0174532925199	0,193925472444	25,0487068573
1,96	0,0174532925199	0,678739153552	25,1833773243
1,97	0,0349065850398	0,824183257885	13,7363876314
1,98	0,0349065850398	0,872664625996	9,56160315523
1,99	0,0523598775598	0,921145994107	14,6790809003
2	0,0523598775598	1,06659009844	29,7621732015
2,01	0,0698131700797	1,59988514766	37,0343784181
2,02	0,0872664625997	1,89077335633	34,2062986116
2,03	0,10471975512	2,37558703744	22,4899679848
2,04	0,139626340159	2,42406840555	5,25214821204
2,05	0,157079632679	2,18166156499	13,0630352965
2,06	0,174532925199	2,61799387799	26,395411527
2,07	0,209439510239	3,05432619099	13,0630352966
2,08	0,244346095279	2,81191935044	5,25214821199
2,09	0,261799387799	2,86040071854	22,3552975178
2,1	0,296705972839	3,34521439966	33,3982758098
2,11	0,331612557879	3,63610260832	33,2636053428
2,12	0,366519142919	4,12091628943	21,547274716
2,13	0,418879020479	4,16939765754	1,48137513678
2,14	0,453785605518	3,87850944888	4,84813681117
2,15	0,488692190558	4,21787902566	13,1977057635
2,16	0,541052068118	4,31484176188	8,21489848538
2,17	0,575958653158	4,36332312999	3,90544354221
2,18	0,628318530718	4,36332312999	1,61604560368
2,19	0,663225115758	4,36332312999	3,90544354228
2,2	0,715584993318	4,4118044981	8,21489848551
2,21	0,750491578357	4,50876723432	13,0630352966
2,22	0,802851455917	4,8481368111	3,77077307532
2,23	0,855211333477	4,55724860243	-4,04011400927
2,24	0,890117918517	4,55724860243	4,98280727809
2,25	0,942477796077	4,8481368111	-2,45680019538E-011
2,26	0,994837673637	4,55724860243	-4,98280727815
2,27	1,02974425868	4,55724860243	3,90544354221
2,28	1,08210413624	4,84813681109	-4,57879587716
2,29	1,1344640138	4,50876723432	-16,8338083718
2,3	1,16937059884	4,36332312999	-16,4297969709
2,31	1,2217304764	4,21787902565	-16,9684788388
2,32	1,25663706144	3,87850944888	-5,52148914591
2,33	1,29154364648	4,16939765754	-0,673352334818
2,34	1,34390352404	4,12091628943	-16,9684788389
2,35	1,37881010908	3,68458397643	-21,4126042491
2,36	1,41371669412	3,5391398721	-12,9283648296
2,37	1,44862327916	3,49065850399	-9,2922622212
2,38	1,4835298642	3,44217713588	-13,7363876314
2,39	1,51843644923	3,29673303155	-25,1833773242
2,4	1,55334303427	2,81191935044	-25,1833773243
2,41	1,57079632679	2,6664752461	-13,7363876315
2,42	1,60570291183	2,61799387799	-9,42693268836
2,43	1,62315620435	2,56951250988	-13,8710580985
2,44	1,65806278939	2,42406840555	-26,126070593
2,45	1,67551608191	1,93925472444	-29,7621732014
2,46	1,69296937443	1,745329252	-25,5873887253
2,47	1,71042266695	1,55140377955	-29,7621732015
2,48	1,72787595947	1,06659009844	-26,1260705931
2,49	1,72787595947	0,921145994107	-13,8710580983
2,5	1,74532925199	0,872664625997	-9,56160315508
2,51	1,74532925199	0,824183257889	-14,6790809002
2,52	1,76278254451	0,678739153556	-29,8968436685
2,53	1,76278254451	0,145444104334	-37,8424012201
2,54	1,76278254451	-0,145444104334	-37,8424012201
2,55	1,76278254451	-0,678739153556	-29,8968436685
2,56	1,74532925199	-0,824183257889	-14,6790809002
2,57	1,74532925199	-0,872664625997	-9,56160315508
2,58	1,72787595947	-0,921145994107	-13,8710580983
2,59	1,72787595947	-1,06659009844	-26,1260705931
2,6	1,71042266695	-1,55140377955	-29,6275027346
2,61	1,69296937443	-1,745329252	-24,7793659234
2,62	1,67551608191	-1,93925472444	-26,126070593
2,63	1,65806278939	-2,37558703743	-18,8538653764
2,64	1,62315620435	-2,42406840555	-5,38681867907
2,65	1,60570291183	-2,18166156499	-17,5071607068
2,66	1,58824961931	-2,6664752461	-38,2464126209
2,67	1,55334303427	-3,24825166343	-33,2636053428
2,68	1,51843644923	-3,44217713588	-16,5644674379
2,69	1,4835298642	-3,49065850399	-5,65615961288
2,7	1,44862327916	-3,49065850399	-2,02005700454
2,71	1,41371669412	-3,49065850399	-4,71346634412
2,72	1,37881010908	-3,5391398721	-11,9856715609
2,73	1,34390352404	-3,68458397643	-21,4126042491
2,74	1,308996939	-4,12091628943	-17,7765016408
2,75	1,25663706144	-4,16939765754	-4,30945494319
2,76	1,2217304764	-3,92699081699	-12,7936943625
2,77	1,18682389136	-4,36332312999	-25,4527182582
2,78	1,1344640138	-4,79965544298	-8,34956895241
2,79	1,08210413624	-4,50876723432	7,67621661754
2,8	1,0471975512	-4,4118044981	3,50143214129
2,81	0,994837673637	-4,4118044981	-4,57879587722
2,82	0,959931088597	-4,50876723432	-12,2550124947
2,83	0,907571211037	-4,84813681109	-3,63610260824
2,84	0,855211333477	-4,55724860243	4,17478447624
2,85	0,820304748437	-4,55724860243	-4,17478447624
2,86	0,767944870877	-4,84813681109	3,77077307522
2,87	0,715584993318	-4,50876723432	13,0630352965
2,88	0,680678408278	-4,4118044981	8,21489848553
2,89	0,628318530718	-4,36332312999	3,90544354229
2,9	0,593411945678	-4,36332312999	1,75071607065
2,91	0,541052068118	-4,36332312999	4,84813681104
2,92	0,506145483078	-4,31484176188	12,7936943626
2,93	0,453785605518	-4,16939765754	25,0487068574
2,94	0,418879020479	-3,68458397643	25,1833773243
2,95	0,383972435439	-3,5391398721	13,7363876314
2,96	0,349065850399	-3,49065850399	9,42693268818
2,97	0,314159265359	-3,44217713588	13,7363876314
2,98	0,279252680319	-3,29673303155	25,1833773243
2,99	0,244346095279	-2,81191935044	25,1833773243
3	0,226892802759	-2,6664752461	13,7363876315
3,01	0,191986217719	-2,61799387799	9,42693268826
3,02	0,174532925199	-2,56951250988	13,7363876314
3,03	0,139626340159	-2,42406840555	25,3180477913
3,04	0,12217304764	-1,93925472444	25,9914001262
3,05	0,10471975512	-1,7938106201	17,5071607067
3,06	0,0872664625997	-1,69684788388	17,6418311736
3,07	0,0698131700797	-1,55140377955	26,934093395
3,08	0,0523598775598	-1,06659009844	29,8968436685
3,09	0,0523598775598	-0,872664625996	25,5873887253
3,1	0,0349065850398	-0,678739153552	29,7621732014
3,11	0,0349065850398	-0,193925472444	26,1260705931
3,12	0,0349065850398	-0,0484813681109	13,8710580984
3,13	0,0349065850398	0	9,42693268823
3,14	0,0349065850398	0,0484813681109	13,8710580984
3,15	0,0349065850398	0,193925472444	26,1260705931
3,16	0,0349065850398	0,678739153552	29,7621732014
3,17	0,0523598775598	0,872664625996	25,5873887253
3,18	0,0523598775598	1,06659009844	29,8968436685
3,19	0,0698131700797	1,55140377955	26,934093395
3,2	0,0872664625997	1,69684788388	17,6418311736
3,21	0,10471975512	1,7938106201	17,5071607067
3,22	0,12217304764	1,93925472444	25,9914001262
3,23	0,139626340159	2,42406840555	25,3180477913
3,24	0,174532925199	2,56951250988	13,7363876314
3,25	0,191986217719	2,61799387799	9,42693268826
3,26	0,226892802759	2,6664752461	13,7363876315
3,27	0,244346095279	2,81191935044	25,3180477913
3,28	0,279252680319	3,29673303155	25,9914001261
3,29	0,314159265359	3,44217713588	17,3724902397
3,3	0,349065850399	3,5391398721	16,6991379049
3,31	0,383972435439	3,68458397643	22,2206270508
3,32	0,418879020479	4,12091628943	17,1031493058
3,33	0,471238898038	4,16939765754	0,538681867899
3,34	0,506145483078	3,87850944888	4,71346634411
3,35	0,541052068118	4,21787902565	13,3323762305
3,36	0,593411945678	4,31484176187	9,02292128733
3,37	0,628318530718	4,36332312999	7,54154615063
3,38	0,680678408278	4,4118044981	9,02292128738
3,39	0,715584993318	4,50876723432	13,1977057635
3,4	0,767944870877	4,84813681109	3,77077307522
3,41	0,820304748437	4,55724860243	-4,04011400927
3,42	0,855211333477	4,55724860243	4,98280727809
3,43	0,907571211037	4,84813681109	7,4555176847E-011
3,44	0,959931088597	4,55724860243	-4,98280727806
3,45	0,994837673637	4,55724860243	4,04011400916
3,46	1,0471975512	4,84813681109	-3,77077307534
3,47	1,09955742876	4,50876723432	-13,1977057635
3,48	1,1344640138	4,4118044981	-9,15759175426
3,49	1,18682389136	4,36332312999	-8,48423941935
3,5	1,2217304764	4,31484176188	-13,6017171644
3,51	1,27409035396	4,16939765754	-25,1833773243
3,52	1,308996939	3,68458397643	-25,0487068574
3,53	1,34390352404	3,5391398721	-12,7936943627
3,54	1,37881010908	3,49065850399	-4,71346634422
3,55	1,41371669412	3,49065850399	-1,0773637358
3,56	1,44862327916	3,49065850399	-1,21203420269
3,57	1,4835298642	3,49065850399	-5,52148914591
3,58	1,51843644923	3,44217713588	-16,5644674379
3,59	1,55334303427	3,24825166343	-33,2636053428
3,6	1,58824961931	2,6664752461	-38,2464126209
3,61	1,60570291183	2,18166156499	-17,5071607068
3,62	1,62315620435	2,42406840555	-5,38681867907
3,63	1,65806278939	2,37558703743	-18,8538653764
3,64	1,67551608191	1,93925472444	-26,126070593
3,65	1,69296937443	1,745329252	-24,9140363904
3,66	1,71042266695	1,55140377955	-30,5701960034
3,67	1,72787595947	1,06659009844	-30,7048664703
3,68	1,72787595947	0,872664625996	-25,7220591922
3,69	1,74532925199	0,678739153552	-29,7621732014
3,7	1,74532925199	0,193925472444	-26,1260705931
3,71	1,74532925199	0,0484813681109	-13,8710580984
3,72	1,74532925199	0	-9,42693268823
3,73	1,74532925199	-0,0484813681109	-13,8710580984
3,74	1,74532925199	-0,193925472444	-26,1260705931
3,75	1,74532925199	-0,678739153552	-29,7621732014
3,76	1,72787595947	-0,872664625996	-25,5873887252
3,77	1,72787595947	-1,06659009844	-29,7621732015
3,78	1,71042266695	-1,55140377955	-26,1260705932
3,79	1,69296937443	-1,69684788388	-13,8710580985
3,8	1,67551608191	-1,745329252	-9,42693268818
3,81	1,65806278939	-1,7938106201	-13,7363876314
3,82	1,64060949687	-1,93925472444	-25,1833773243
3,83	1,62315620435	-2,42406840555	-25,1833773243
3,84	1,58824961931	-2,56951250988	-13,7363876314
3,85	1,57079632679	-2,61799387799	-9,42693268826
3,86	1,53588974175	-2,6664752461	-13,8710580985
3,87	1,51843644923	-2,81191935044	-26,1260705931
3,88	1,4835298642	-3,29673303155	-29,6275027344
3,89	1,44862327916	-3,49065850399	-24,7793659233
3,9	1,41371669412	-3,68458397643	-25,9914001262
3,91	1,37881010908	-4,12091628943	-17,9111721078
3,92	1,32645023152	-4,16939765754	-0,673352334926
3,93	1,29154364648	-3,87850944888	-4,71346634406
3,94	1,25663706144	-4,21787902565	-13,3323762304
3,95	1,20427718388	-4,31484176187	-9,02292128728
3,96	1,16937059884	-4,36332312999	-7,5415461506
3,97	1,11701072128	-4,4118044981	-8,88825082038
3,98	1,08210413624	-4,50876723432	-12,3896829617
3,99	1,02974425868	-4,8481368111	-0,134670466973
4	0,977384381117	-4,50876723432	11,4469896929
4,01	0,942477796077	-4,4118044981	4,30945494322
4,02	0,890117918517	-4,4118044981	-4,30945494322
4,03	0,855211333477	-4,50876723432	-11,4469896929
4,04	0,802851455917	-4,8481368111	0,134670466975
4,05	0,750491578357	-4,50876723432	12,2550124948
4,06	0,715584993318	-4,4118044981	8,08022801853
4,07	0,663225115758	-4,36332312999	3,90544354228
4,08	0,628318530718	-4,36332312999	1,75071607065
4,09	0,575958653158	-4,36332312999	4,84813681104
4,1	0,541052068118	-4,31484176188	12,7936943625
4,11	0,488692190558	-4,16939765754	25,0487068573
4,12	0,453785605518	-3,68458397643	25,0487068574
4,13	0,418879020479	-3,5391398721	12,7936943626
4,14	0,383972435439	-3,49065850399	4,84813681103
4,15	0,349065850399	-3,49065850399	1,8853865376
4,16	0,314159265359	-3,49065850399	4,84813681107
4,17	0,279252680319	-3,44217713588	12,9283648296
4,18	0,244346095279	-3,29673303155	25,9914001262
4,19	0,209439510239	-2,81191935044	29,7621732015
4,2	0,191986217719	-2,61799387799	25,5873887252
4,21	0,157079632679	-2,42406840555	29,7621732014
4,22	0,139626340159	-1,93925472444	26,1260705932
4,23	0,12217304764	-1,7938106201	13,8710580985
4,24	0,10471975512	-1,74532925199	9,42693268817
4,25	0,0872664625997	-1,69684788388	13,8710580983
4,26	0,0698131700797	-1,55140377955	26,1260705932
4,27	0,0523598775598	-1,06659009844	29,7621732015
4,28	0,0523598775598	-0,872664625996	25,5873887253
4,29	0,0349065850398	-0,678739153552	29,8968436684
4,3	0,0349065850398	-0,193925472444	26,9340933949
4,31	0,0349065850398	-0,0484813681109	17,6418311737
4,32	0,0349065850398	0,0484813681109	17,6418311737
4,33	0,0349065850398	0,193925472444	26,799422928
4,34	0,0349065850398	0,678739153552	28,9541503996
4,35	0,0523598775598	0,872664625996	21,1432633151
4,36	0,0523598775598	1,01810873033	18,8538653766
4,37	0,0698131700797	1,35747830711	10,2349554902
4,38	0,0872664625997	1,11507146655	12,6590238956
4,39	0,0872664625997	1,308996939	38,2464126208
4,4	0,10471975512	2,18166156499	38,2464126209
4,41	0,139626340159	2,37558703744	12,6590238957
4,42	0,157079632679	2,13318019688	10,23495549
4,43	0,174532925199	2,47254977366	18,8538653764
4,44	0,209439510239	2,61799387799	21,1432633151
4,45	0,226892802759	2,81191935044	28,8194799327
4,46	0,261799387799	3,29673303155	25,8567296592
4,47	0,296705972839	3,44217713588	13,0630352966
4,48	0,331612557879	3,49065850399	5,65615961294
4,49	0,366519142919	3,49065850399	5,65615961294
4,5	0,401425727959	3,5391398721	12,9283648296
4,51	0,436332312999	3,68458397643	25,0487068573
4,52	0,471238898038	4,16939765754	25,0487068573
4,53	0,523598775598	4,31484176188	12,7936943627
4,54	0,558505360638	4,36332312999	4,84813681109
4,55	0,610865238198	4,36332312999	1,75071607059
4,56	0,645771823238	4,36332312999	3,90544354221
4,57	0,698131700798	4,4118044981	8,21489848544
4,58	0,733038285838	4,50876723432	13,0630352966
4,59	0,785398163397	4,84813681109	3,77077307534
4,6	0,837758040957	4,55724860243	-4,17478447614
4,61	0,872664625997	4,55724860243	4,17478447622
4,62	0,925024503557	4,84813681109	-3,77077307537
4,63	0,977384381117	4,50876723432	-13,0630352966
4,64	1,01229096616	4,4118044981	-8,21489848543
4,65	1,06465084372	4,36332312999	-3,90544354219
4,66	1,09955742876	4,36332312999	-1,6160456037
4,67	1,15191730632	4,36332312999	-3,90544354235
4,68	1,18682389136	4,31484176187	-8,21489848551
4,69	1,23918376892	4,21787902565	-13,1977057635
4,7	1,27409035396	3,87850944888	-4,71346634412
4,71	1,308996939	4,16939765754	-0,5386818679
4,72	1,36135681656	4,12091628943	-17,1031493058
4,73	1,3962634016	3,68458397643	-22,2206270508
4,74	1,43116998664	3,5391398721	-16,6991379049
4,75	1,46607657168	3,44217713588	-17,3724902398
4,76	1,50098315672	3,29673303155	-25,9914001262
4,77	1,53588974175	2,81191935044	-25,3180477913
4,78	1,55334303427	2,6664752461	-13,7363876314
4,79	1,58824961931	2,61799387799	-9,42693268822
4,8	1,60570291183	2,56951250988	-13,8710580985
4,81	1,64060949687	2,42406840555	-26,1260705931
4,82	1,65806278939	1,93925472444	-29,7621732013
4,83	1,67551608191	1,745329252	-25,5873887251
4,84	1,69296937443	1,55140377955	-29,7621732015
4,85	1,71042266695	1,06659009844	-26,1260705932
4,86	1,71042266695	0,921145994107	-13,8710580985
4,87	1,72787595947	0,872664625996	-9,42693268826
4,88	1,72787595947	0,824183257885	-13,8710580984
4,89	1,74532925199	0,678739153552	-26,1260705931
4,9	1,74532925199	0,193925472444	-29,7621732014
4,91	1,74532925199	0	-25,5873887252
4,92	1,74532925199	-0,193925472444	-29,7621732014
4,93	1,74532925199	-0,678739153552	-26,1260705931
4,94	1,72787595947	-0,824183257885	-13,8710580984
4,95	1,72787595947	-0,872664625996	-9,56160315523
4,96	1,71042266695	-0,921145994107	-14,6790809003
4,97	1,71042266695	-1,06659009844	-29,7621732015
4,98	1,69296937443	-1,59988514766	-37,0343784181
4,99	1,67551608191	-1,89077335633	-34,2062986115
5	1,65806278939	-2,37558703743	-22,4899679847
5,01	1,62315620435	-2,42406840555	-5,2521482121
5,02	1,60570291183	-2,18166156499	-13,0630352967
5,03	1,58824961931	-2,61799387799	-26,3954115271
5,04	1,55334303427	-3,05432619099	-12,9283648295
5,05	1,51843644923	-2,81191935044	-4,44412541009
5,06	1,50098315672	-2,86040071854	-18,7191949095
5,07	1,46607657168	-3,29673303154	-25,9914001262
5,08	1,43116998664	-3,49065850399	-23,9713431215
5,09	1,3962634016	-3,68458397643	-25,8567296592
5,1	1,36135681656	-4,12091628943	-17,9111721076
5,11	1,308996939	-4,16939765754	-0,673352334875
5,12	1,27409035396	-3,87850944888	-4,71346634412
5,13	1,23918376892	-4,21787902565	-13,3323762305
5,14	1,18682389136	-4,31484176187	-9,02292128736
5,15	1,15191730632	-4,36332312999	-7,54154615066
5,16	1,09955742876	-4,4118044981	-8,88825082033
5,17	1,06465084372	-4,50876723432	-12,3896829616
5,18	1,01229096616	-4,84813681109	-0,134670466947
5,19	0,959931088597	-4,50876723432	11,4469896928
5,2	0,925024503557	-4,4118044981	4,30945494312
5,21	0,872664625997	-4,4118044981	-4,30945494319
5,22	0,837758040957	-4,50876723432	-11,4469896928
5,23	0,785398163397	-4,84813681109	0,134670467026
5,24	0,733038285838	-4,50876723432	12,3896829617
5,25	0,698131700798	-4,4118044981	8,88825082031
5,26	0,645771823238	-4,36332312999	7,54154615053
5,27	0,610865238198	-4,31484176188	9,02292128722
5,28	0,558505360638	-4,21787902566	13,3323762305
5,29	0,523598775598	-3,87850944888	4,71346634419
5,3	0,488692190558	-4,16939765754	0,538681867951
5,31	0,436332312999	-4,12091628943	17,1031493058
5,32	0,401425727959	-3,68458397643	22,2206270508
5,33	0,366519142919	-3,5391398721	16,6991379049
5,34	0,331612557879	-3,44217713588	17,3724902398
5,35	0,296705972839	-3,29673303154	25,9914001262
5,36	0,261799387799	-2,81191935043	25,3180477913
5,37	0,244346095279	-2,6664752461	13,7363876314
5,38	0,209439510239	-2,61799387799	9,42693268826
5,39	0,191986217719	-2,56951250988	13,7363876314
5,4	0,157079632679	-2,42406840555	25,1833773243
5,41	0,139626340159	-1,93925472444	25,1833773243
5,42	0,12217304764	-1,7938106201	13,8710580985
5,43	0,10471975512	-1,74532925199	10,23495549
5,44	0,0872664625997	-1,69684788388	17,5071607067
5,45	0,0698131700797	-1,50292241144	33,3982758098
5,46	0,0523598775598	-0,921145994108	38,2464126209
5,47	0,0523598775598	-0,436332312998	17,6418311738
5,48	0,0523598775598	-0,678739153552	6,19484148086
5,49	0,0349065850398	-0,630257785441	22,6246384518
5,5	0,0349065850398	-0,145444104333	34,2062986116
5,51	0,0349065850398	0,145444104333	37,034378418
5,52	0,0349065850398	0,678739153552	29,7621732014
5,53	0,0523598775598	0,824183257885	14,6790809003
5,54	0,0523598775598	0,872664625996	9,56160315528
5,55	0,0698131700797	0,921145994108	13,8710580985
5,56	0,0698131700797	1,06659009844	26,1260705932
5,57	0,0872664625997	1,55140377955	29,7621732014
5,58	0,10471975512	1,74532925199	25,5873887251
5,59	0,12217304764	1,93925472444	29,7621732015
5,6	0,139626340159	2,42406840555	26,1260705932
5,61	0,174532925199	2,56951250988	13,8710580984
5,62	0,191986217719	2,61799387799	9,42693268826
5,63	0,226892802759	2,6664752461	13,7363876315
5,64	0,244346095279	2,81191935044	25,1833773243
5,65	0,279252680319	3,29673303155	25,1833773243
5,66	0,314159265359	3,44217713588	13,7363876314
5,67	0,349065850399	3,49065850399	9,29226222121
5,68	0,383972435439	3,5391398721	12,9283648295
5,69	0,418879020479	3,68458397643	21,412604249
5,7	0,453785605518	4,12091628943	16,968478839
5,71	0,506145483078	4,16939765754	0,538681867951
5,72	0,541052068118	3,87850944888	4,71346634406
5,73	0,575958653158	4,21787902565	13,3323762304
5,74	0,628318530718	4,31484176187	9,02292128728
5,75	0,663225115758	4,36332312999	7,5415461506
5,76	0,715584993318	4,4118044981	9,02292128736
5,77	0,750491578357	4,50876723432	13,1977057636
5,78	0,802851455917	4,8481368111	3,77077307532
5,79	0,855211333477	4,55724860243	-4,17478447624
5,8	0,890117918517	4,55724860243	4,17478447624
5,81	0,942477796077	4,8481368111	-3,77077307532
5,82	0,994837673637	4,50876723432	-13,0630352966
5,83	1,02974425868	4,4118044981	-8,21489848551
5,84	1,08210413624	4,36332312999	-3,90544354229
5,85	1,11701072128	4,36332312999	-1,75071607068
5,86	1,16937059884	4,36332312999	-4,84813681109
5,87	1,20427718388	4,31484176187	-12,6590238956
5,88	1,25663706144	4,16939765754	-24,2406840554
5,89	1,29154364648	3,68458397643	-21,412604249
5,9	1,32645023152	3,58762124021	-5,52148914596
5,91	1,36135681656	3,63610260832	3,77077307529
5,92	1,3962634016	3,92699081699	-9,15759175428
5,93	1,44862327916	3,49065850399	-25,7220591922
5,94	1,46607657168	3,05432619099	-13,6017171645
5,95	1,50098315672	3,29673303155	-8,08022801853
5,96	1,53588974175	3,19977029532	-25,9914001262
5,97	1,57079632679	2,6664752461	-34,6103100125
5,98	1,58824961931	2,18166156499	-16,6991379049
5,99	1,60570291183	2,42406840555	-5,25214821209
6	1,64060949687	2,37558703743	-18,8538653765
6,01	1,65806278939	1,93925472444	-26,126070593
6,02	1,67551608191	1,745329252	-24,7793659233
6,03	1,69296937443	1,55140377955	-29,6275027345
6,04	1,71042266695	1,06659009844	-26,1260705932
6,05	1,71042266695	0,921145994107	-13,8710580985
6,06	1,72787595947	0,872664625996	-9,56160315523
6,07	1,72787595947	0,824183257885	-14,6790809002
6,08	1,74532925199	0,678739153552	-29,8968436684
6,09	1,74532925199	0,145444104333	-37,8424012199
6,1	1,74532925199	-0,145444104333	-37,8424012199
6,11	1,74532925199	-0,678739153552	-29,8968436684
6,12	1,72787595947	-0,824183257885	-14,6790809002
6,13	1,72787595947	-0,872664625996	-9,56160315523
6,14	1,71042266695	-0,921145994107	-13,7363876315
6,15	1,71042266695	-1,06659009844	-25,3180477914
6,16	1,69296937443	-1,55140377955	-25,9914001262
6,17	1,67551608191	-1,69684788388	-17,5071607067
6,18	1,65806278939	-1,7938106201	-17,5071607067
6,19	1,64060949687	-1,93925472444	-25,9914001262
6,2	1,62315620435	-2,42406840555	-25,3180477913
6,21	1,58824961931	-2,56951250988	-13,7363876314
6,22	1,57079632679	-2,61799387799	-9,42693268826
6,23	1,53588974175	-2,6664752461	-13,8710580985
6,24	1,51843644923	-2,81191935044	-26,1260705931
6,25	1,4835298642	-3,29673303155	-29,6275027344
6,26	1,44862327916	-3,49065850399	-24,7793659233
6,27	1,41371669412	-3,68458397643	-25,9914001262
6,28	1,37881010908	-4,12091628943	-17,7765016408
6,29	1,32645023152	-4,16939765754	0,134670466922
6,3	1,29154364648	-3,87850944888	-1,07736373574
6,31	1,25663706144	-4,16939765754	-5,92550054684
6,32	1,20427718388	-4,16939765754	0,269340933973
6,33	1,16937059884	-3,92699081699	-11,8510010938
6,34	1,1344640138	-4,36332312999	-25,3180477912
6,35	1,08210413624	-4,79965544298	-8,34956895245
6,36	1,02974425868	-4,50876723432	7,6762166175
6,37	0,994837673637	-4,4118044981	3,50143214126
6,38	0,942477796077	-4,4118044981	-4,44412541017
6,39	0,907571211037	-4,50876723432	-11,4469896928
6,4	0,855211333477	-4,84813681109	0,134670467003
6,41	0,802851455917	-4,50876723432	12,2550124947
6,42	0,767944870877	-4,4118044981	8,08022801841
6,43	0,715584993318	-4,36332312999	3,90544354227
6,44	0,680678408278	-4,36332312999	1,75071607075
6,45	0,628318530718	-4,36332312999	4,71346634417
6,46	0,593411945678	-4,31484176187	11,8510010938
6,47	0,541052068118	-4,16939765754	20,4699109802
6,48	0,506145483078	-3,73306534454	13,3323762305
6,49	0,471238898038	-3,73306534454	-6,59885288176
6,5	0,436332312999	-4,12091628943	-2,96275027344
6,51	0,383972435439	-4,07243492132	25,1833773243
6,52	0,349065850399	-3,49065850399	41,7478447622
6,53	0,314159265359	-2,90888208666	28,8194799326
6,54	0,296705972839	-2,81191935044	5,25214821204
6,55	0,261799387799	-3,1028075591	6,59885288184
6,56	0,226892802759	-2,76343798232	18,0458425747
6,57	0,209439510239	-2,61799387799	21,0085928481
6,58	0,174532925199	-2,42406840555	28,8194799325
6,59	0,157079632679	-1,93925472444	25,9914001261
6,6	0,139626340159	-1,79381062011	13,8710580984
6,61	0,12217304764	-1,74532925199	9,42693268828
6,62	0,10471975512	-1,69684788388	13,8710580983
6,63	0,0872664625997	-1,55140377955	26,126070593
6,64	0,0698131700797	-1,06659009844	29,7621732015
6,65	0,0698131700797	-0,872664625997	25,5873887253
6,66	0,0523598775598	-0,678739153553	29,7621732015
6,67	0,0523598775598	-0,193925472444	26,1260705931
6,68	0,0523598775598	-0,0484813681109	13,8710580984
6,69	0,0523598775598	0	9,42693268823
6,7	0,0523598775598	0,0484813681109	13,8710580984
6,71	0,0523598775598	0,193925472444	26,1260705931
6,72	0,0523598775598	0,678739153553	29,7621732015
6,73	0,0698131700797	0,872664625997	25,5873887253
6,74	0,0698131700797	1,06659009844	29,8968436685
6,75	0,0872664625997	1,55140377955	26,9340933949
6,76	0,10471975512	1,69684788388	17,6418311736
6,77	0,12217304764	1,7938106201	17,5071607068
6,78	0,139626340159	1,93925472444	25,9914001262
6,79	0,157079632679	2,42406840555	25,3180477912
6,8	0,191986217719	2,56951250988	13,7363876314
6,81	0,209439510239	2,61799387799	9,42693268826
6,82	0,244346095279	2,6664752461	13,7363876314
6,83	0,261799387799	2,81191935043	25,1833773243
6,84	0,296705972839	3,29673303154	25,1833773243
6,85	0,331612557879	3,44217713588	13,7363876315
6,86	0,366519142919	3,49065850399	9,42693268825
6,87	0,401425727959	3,5391398721	13,7363876314
6,88	0,436332312999	3,68458397643	25,1833773243
6,89	0,471238898038	4,16939765754	25,0487068573
6,9	0,523598775598	4,31484176188	12,7936943627
6,91	0,558505360638	4,36332312999	4,71346634411
6,92	0,610865238198	4,36332312999	0,942693268743
6,93	0,645771823238	4,36332312999	0,269340933898
6,94	0,698131700798	4,36332312999	0,808022801829
6,95	0,733038285838	4,36332312999	3,77077307531
6,96	0,785398163397	4,4118044981	8,08022801853
6,97	0,820304748437	4,50876723432	12,2550124948
6,98	0,872664625997	4,8481368111	0
6,99	0,925024503557	4,50876723432	-12,2550124948
7	0,959931088597	4,4118044981	-8,08022801853
7,01	1,01229096616	4,36332312999	-3,77077307532
7,02	1,0471975512	4,36332312999	-0,808022801852
7,03	1,09955742876	4,36332312999	-0,269340933945
7,04	1,1344640138	4,36332312999	-0,942693268798
7,05	1,18682389136	4,36332312999	-4,71346634406
7,06	1,2217304764	4,31484176188	-12,7936943625
7,07	1,27409035396	4,16939765754	-25,0487068573
7,08	1,308996939	3,68458397643	-25,0487068574
7,09	1,34390352404	3,5391398721	-12,7936943627
7,1	1,37881010908	3,49065850399	-4,84813681119
7,11	1,41371669412	3,49065850399	-1,88538653765
7,12	1,44862327916	3,49065850399	-4,84813681101
7,13	1,4835298642	3,44217713588	-12,9283648295
7,14	1,51843644923	3,29673303155	-25,9914001261
7,15	1,55334303427	2,81191935044	-29,7621732014
7,16	1,57079632679	2,61799387799	-25,5873887253
7,17	1,60570291183	2,42406840555	-29,7621732016
7,18	1,62315620435	1,93925472444	-26,1260705932
7,19	1,64060949687	1,7938106201	-13,8710580984
7,2	1,65806278939	1,74532925199	-9,42693268813
7,21	1,67551608191	1,69684788388	-13,8710580983
7,22	1,69296937443	1,55140377955	-26,1260705932
7,23	1,71042266695	1,06659009844	-29,7621732015
7,24	1,71042266695	0,872664625996	-25,5873887253
7,25	1,72787595947	0,678739153552	-29,7621732014
7,26	1,72787595947	0,193925472444	-26,1260705931
7,27	1,72787595947	0,0484813681109	-13,8710580984
7,28	1,72787595947	0	-9,42693268823
7,29	1,72787595947	-0,0484813681109	-13,8710580984
7,3	1,72787595947	-0,193925472444	-26,1260705931
7,31	1,72787595947	-0,678739153552	-29,7621732014
7,32	1,71042266695	-0,872664625996	-25,5873887253
7,33	1,71042266695	-1,06659009844	-29,7621732015
7,34	1,69296937443	-1,55140377955	-26,1260705932
7,35	1,67551608191	-1,69684788388	-13,8710580983
7,36	1,65806278939	-1,74532925199	-9,42693268813
7,37	1,64060949687	-1,7938106201	-13,8710580984
7,38	1,62315620435	-1,93925472444	-25,9914001262
7,39	1,60570291183	-2,42406840555	-28,8194799327
7,4	1,57079632679	-2,61799387799	-21,1432633151
7,41	1,55334303427	-2,76343798233	-18,8538653764
7,42	1,51843644923	-3,1028075591	-10,23495549
7,43	1,4835298642	-2,86040071854	-12,5243534286
7,44	1,46607657168	-3,05432619099	-37,3037193521
7,45	1,43116998664	-3,92699081699	-33,6676167437
7,46	1,37881010908	-4,07243492132	-0,673352334898
7,47	1,34390352404	-3,68458397643	11,0429782919
7,48	1,308996939	-3,58762124021	-1,88538653765
7,49	1,27409035396	-3,68458397643	-20,6045814471
7,5	1,23918376892	-4,16939765754	-24,1060135885
7,51	1,18682389136	-4,31484176187	-12,6590238957
7,52	1,15191730632	-4,36332312999	-4,84813681117
7,53	1,09955742876	-4,36332312999	-1,75071607067
7,54	1,06465084372	-4,36332312999	-3,90544354219
7,55	1,01229096616	-4,4118044981	-8,08022801845
7,56	0,977384381117	-4,50876723432	-12,2550124947
7,57	0,925024503557	-4,84813681109	-7,45625783338E-011
7,58	0,872664625997	-4,50876723432	12,2550124947
7,59	0,837758040957	-4,4118044981	8,08022801856
7,6	0,785398163397	-4,36332312999	3,77077307534
7,61	0,750491578357	-4,36332312999	0,808022801867
7,62	0,698131700798	-4,36332312999	0,26934093393
7,63	0,663225115758	-4,36332312999	0,942693268771
7,64	0,610865238198	-4,36332312999	4,71346634403
7,65	0,575958653158	-4,31484176188	12,7936943626
7,66	0,523598775598	-4,16939765754	25,0487068574
7,67	0,488692190558	-3,68458397643	25,0487068574
7,68	0,453785605518	-3,5391398721	12,7936943627
7,69	0,418879020479	-3,49065850399	4,84813681109
7,7	0,383972435439	-3,49065850399	1,88538653757
7,71	0,349065850399	-3,49065850399	4,84813681104
7,72	0,314159265359	-3,44217713588	12,9283648296
7,73	0,279252680319	-3,29673303155	25,8567296592
7,74	0,244346095279	-2,81191935044	28,8194799327
7,75	0,226892802759	-2,61799387799	21,0085928482
7,76	0,191986217719	-2,47254977366	18,0458425747
7,77	0,174532925199	-2,13318019688	6,59885288171
7,78	0,157079632679	-2,42406840555	5,38681867893
7,79	0,12217304764	-2,32710566933	29,7621732015
7,8	0,10471975512	-1,74532925199	46,3266406393
7,81	0,0872664625997	-1,11507146655	37,169048885
7,82	0,0872664625997	-0,921145994111	18,3151835085
7,83	0,0698131700797	-0,872664626	10,3696259571
7,84	0,0698131700797	-0,824183257886	13,8710580985
7,85	0,0523598775598	-0,678739153553	25,3180477913
7,86	0,0523598775598	-0,193925472444	25,9914001261
7,87	0,0523598775598	-0,0484813681109	17,5071607067
7,88	0,0523598775598	0,0484813681109	17,6418311737
7,89	0,0523598775598	0,193925472444	26,934093395
7,9	0,0523598775598	0,678739153553	29,8968436685
7,91	0,0698131700797	0,872664625997	25,5873887253
7,92	0,0698131700797	1,06659009844	29,7621732015
7,93	0,0872664625997	1,55140377955	26,126070593
7,94	0,10471975512	1,69684788388	13,8710580983
7,95	0,12217304764	1,74532925199	9,42693268828
7,96	0,139626340159	1,79381062011	13,8710580984
7,97	0,157079632679	1,93925472444	25,9914001261
7,98	0,174532925199	2,42406840555	28,8194799325
7,99	0,209439510239	2,61799387799	21,0085928481
8	0,226892802759	2,76343798232	17,9111721078
8,01	0,261799387799	3,1028075591	5,79083007999
8,02	0,296705972839	2,81191935044	1,61604560373
8,03	0,314159265359	2,86040071855	21,547274716
8,04	0,349065850399	3,34521439966	33,2636053427
8,05	0,383972435439	3,63610260832	33,2636053427
8,06	0,418879020479	4,12091628943	21,412604249
8,07	0,471238898038	4,16939765754	0,673352334873
8,08	0,506145483078	3,87850944888	1,21203420277
8,09	0,541052068118	4,16939765754	5,92550054689
8,1	0,593411945678	4,16939765754	-0,269340933925
8,11	0,628318530718	3,92699081699	11,8510010938
8,12	0,663225115758	4,36332312999	25,3180477913
8,13	0,715584993318	4,79965544299	8,21489848546
8,14	0,767944870877	4,50876723432	-8,48423941948
8,15	0,802851455917	4,4118044981	-7,13753474971
8,16	0,855211333477	4,36332312999	-2,82807980649
8,17	0,890117918517	4,36332312999	2,96275027346
8,18	0,942477796077	4,4118044981	7,94555755156
8,19	0,977384381117	4,50876723432	12,1203420278
8,2	1,02974425868	4,8481368111	-0,808022801848
8,21	1,08210413624	4,50876723432	-16,0257855701
8,22	1,11701072128	4,36332312999	-16,295126504
8,23	1,16937059884	4,21787902565	-16,9684788388
8,24	1,20427718388	3,87850944888	-5,52148914597
8,25	1,23918376892	4,16939765754	-0,673352334874
8,26	1,29154364648	4,12091628943	-16,9684788388
8,27	1,32645023152	3,68458397643	-21,277933782
8,28	1,36135681656	3,5391398721	-12,1203420277
8,29	1,3962634016	3,49065850399	-5,52148914596
8,3	1,43116998664	3,49065850399	-5,65615961294
8,31	1,46607657168	3,44217713588	-13,0630352966
8,32	1,50098315672	3,29673303155	-25,9914001262
8,33	1,53588974175	2,81191935044	-29,7621732015
8,34	1,55334303427	2,61799387799	-25,5873887252
8,35	1,58824961931	2,42406840555	-29,7621732014
8,36	1,60570291183	1,93925472444	-25,9914001262
8,37	1,62315620435	1,7938106201	-13,0630352967
8,38	1,64060949687	1,74532925199	-5,65615961294
8,39	1,65806278939	1,74532925199	-5,65615961283
8,4	1,67551608191	1,69684788388	-13,0630352965
8,41	1,69296937443	1,55140377955	-25,9914001262
8,42	1,71042266695	1,06659009844	-29,7621732015
8,43	1,71042266695	0,872664625996	-25,5873887253
8,44	1,72787595947	0,678739153552	-29,8968436684
8,45	1,72787595947	0,193925472444	-26,9340933949
8,46	1,72787595947	0,0484813681109	-17,6418311737
8,47	1,72787595947	-0,0484813681109	-17,6418311737
8,48	1,72787595947	-0,193925472444	-26,9340933949
8,49	1,72787595947	-0,678739153552	-29,8968436684
8,5	1,71042266695	-0,872664625996	-25,5873887253
8,51	1,71042266695	-1,06659009844	-29,7621732015
8,52	1,69296937443	-1,55140377955	-25,9914001262
8,53	1,67551608191	-1,69684788388	-13,0630352965
8,54	1,65806278939	-1,74532925199	-5,65615961283
8,55	1,64060949687	-1,74532925199	-5,65615961294
8,56	1,62315620435	-1,7938106201	-13,0630352967
8,57	1,60570291183	-1,93925472444	-25,9914001262
8,58	1,58824961931	-2,42406840555	-29,7621732014
8,59	1,55334303427	-2,61799387799	-25,5873887252
8,6	1,53588974175	-2,81191935044	-29,7621732015
8,61	1,50098315672	-3,29673303155	-25,9914001262
8,62	1,46607657168	-3,44217713588	-13,0630352966
8,63	1,43116998664	-3,49065850399	-5,65615961294
8,64	1,3962634016	-3,49065850399	-5,52148914596
8,65	1,36135681656	-3,5391398721	-12,1203420277
8,66	1,32645023152	-3,68458397643	-21,277933782
8,67	1,29154364648	-4,12091628943	-16,9684788388
8,68	1,23918376892	-4,16939765754	-0,538681867899
8,69	1,20427718388	-3,87850944888	-4,71346634411
8,7	1,16937059884	-4,21787902565	-13,3323762305
8,71	1,11701072128	-4,31484176187	-9,02292128731
8,72	1,08210413624	-4,36332312999	-7,54154615061
8,73	1,02974425868	-4,4118044981	-8,88825082038
8,74	0,994837673637	-4,50876723432	-12,3896829618
8,75	0,942477796077	-4,8481368111	-8,75842608315E-013
8,76	0,890117918517	-4,50876723432	12,2550124948
8,77	0,855211333477	-4,4118044981	8,08022801851
8,78	0,802851455917	-4,36332312999	3,77077307526
8,79	0,767944870877	-4,36332312999	0,808022801774
8,8	0,715584993318	-4,36332312999	0,26934093395
8,81	0,680678408278	-4,36332312999	0,942693268903
8,82	0,628318530718	-4,36332312999	4,71346634417
8,83	0,593411945678	-4,31484176187	12,7936943626
8,84	0,541052068118	-4,16939765754	25,0487068573
8,85	0,506145483078	-3,68458397643	25,0487068573
8,86	0,471238898038	-3,5391398721	12,7936943626
8,87	0,436332312999	-3,49065850399	4,84813681109
8,88	0,401425727959	-3,49065850399	1,88538653765
8,89	0,366519142919	-3,49065850399	4,84813681111
8,9	0,331612557879	-3,44217713588	12,7936943626
8,91	0,296705972839	-3,29673303154	25,0487068574
8,92	0,261799387799	-2,81191935043	25,1833773243
8,93	0,244346095279	-2,6664752461	13,7363876314
8,94	0,209439510239	-2,61799387799	9,42693268826
8,95	0,191986217719	-2,56951250988	13,8710580984
8,96	0,157079632679	-2,42406840555	26,1260705931
8,97	0,139626340159	-1,93925472444	29,7621732015
8,98	0,12217304764	-1,74532925199	25,5873887253
8,99	0,10471975512	-1,55140377955	29,7621732014
9	0,0872664625997	-1,06659009844	26,126070593
9,01	0,0872664625997	-0,921145994111	13,8710580983
9,02	0,0698131700797	-0,872664626	9,56160315528
9,03	0,0698131700797	-0,824183257886	14,6790809004
9,04	0,0523598775598	-0,678739153553	29,7621732015
9,05	0,0523598775598	-0,145444104333	37,0343784181
9,06	0,0523598775598	0,145444104333	34,2062986116
9,07	0,0523598775598	0,630257785441	22,6246384518
9,08	0,0698131700797	0,678739153553	6,19484148091
9,09	0,0698131700797	0,436332312999	17,6418311738
9,1	0,0698131700797	0,921145994111	38,2464126209
9,11	0,0872664625997	1,50292241144	33,2636053427
9,12	0,10471975512	1,69684788388	16,6991379048
9,13	0,12217304764	1,74532925199	6,46418241484
9,14	0,139626340159	1,745329252	5,79083007997
9,15	0,157079632679	1,79381062011	13,0630352965
9,16	0,174532925199	1,93925472444	25,9914001261
9,17	0,191986217719	2,42406840555	29,7621732015
9,18	0,226892802759	2,61799387799	25,5873887253
9,19	0,244346095279	2,81191935044	29,7621732015
9,2	0,279252680319	3,29673303155	25,9914001261
9,21	0,314159265359	3,44217713588	12,9283648296
9,22	0,349065850399	3,49065850399	4,84813681104
9,23	0,383972435439	3,49065850399	1,88538653757
9,24	0,418879020479	3,49065850399	4,84813681109
9,25	0,453785605518	3,5391398721	12,7936943627
9,26	0,488692190558	3,68458397643	25,0487068574
9,27	0,523598775598	4,16939765754	25,0487068574
9,28	0,575958653158	4,31484176188	12,7936943626
9,29	0,610865238198	4,36332312999	4,71346634403
9,3	0,663225115758	4,36332312999	0,942693268771
9,31	0,698131700798	4,36332312999	0,134670466955
9,32	0,750491578357	4,36332312999	1,92858075189E-011
9,33	0,785398163397	4,36332312999	0,134670467026
9,34	0,837758040957	4,36332312999	0,808022801928
9,35	0,872664625997	4,36332312999	3,77077307529
9,36	0,925024503557	4,4118044981	8,08022801841
9,37	0,959931088597	4,50876723432	12,1203420277
9,38	1,01229096616	4,84813681109	-0,808022801825
9,39	1,06465084372	4,50876723432	-16,0257855699
9,4	1,09955742876	4,36332312999	-16,295126504
9,41	1,15191730632	4,21787902565	-16,9684788389
9,42	1,18682389136	3,87850944887	-5,52148914596
9,43	1,2217304764	4,16939765754	-0,673352334739
9,44	1,27409035396	4,12091628943	-16,9684788388
9,45	1,308996939	3,68458397643	-21,2779337821
9,46	1,34390352404	3,5391398721	-12,1203420278
9,47	1,37881010908	3,49065850399	-5,52148914607
9,48	1,41371669412	3,49065850399	-5,65615961294
9,49	1,44862327916	3,44217713588	-12,9283648295
9,5	1,4835298642	3,29673303155	-25,0487068573
9,51	1,51843644923	2,81191935044	-25,1833773243
9,52	1,53588974175	2,6664752461	-13,7363876315
9,53	1,57079632679	2,61799387799	-9,42693268826
9,54	1,58824961931	2,56951250988	-13,8710580984
9,55	1,62315620435	2,42406840555	-26,1260705932
9,56	1,64060949687	1,93925472444	-29,7621732015
9,57	1,65806278939	1,74532925199	-25,5873887251
9,58	1,67551608191	1,55140377955	-29,7621732014
9,59	1,69296937443	1,06659009844	-26,1260705932
9,6	1,69296937443	0,921145994108	-13,8710580985
9,61	1,71042266695	0,872664625996	-9,56160315528
9,62	1,71042266695	0,824183257885	-14,6790809003
9,63	1,72787595947	0,678739153552	-29,7621732014
9,64	1,72787595947	0,145444104333	-37,034378418
9,65	1,72787595947	-0,145444104333	-34,2062986116
9,66	1,72787595947	-0,630257785441	-22,6246384518
9,67	1,71042266695	-0,678739153552	-6,19484148086
9,68	1,71042266695	-0,436332312998	-17,6418311738
9,69	1,71042266695	-0,921145994108	-38,2464126209
9,7	1,69296937443	-1,50292241144	-33,2636053428
9,71	1,67551608191	-1,69684788388	-16,6991379048
9,72	1,65806278939	-1,74532925199	-6,46418241468
9,73	1,64060949687	-1,74532925199	-5,79083007991
9,74	1,62315620435	-1,7938106201	-12,9283648297
9,75	1,60570291183	-1,93925472444	-25,0487068574
9,76	1,58824961931	-2,42406840555	-25,1833773243
9,77	1,55334303427	-2,56951250988	-13,7363876314
9,78	1,53588974175	-2,61799387799	-9,42693268831
9,79	1,50098315672	-2,6664752461	-13,8710580984
9,8	1,4835298642	-2,81191935044	-26,1260705931
9,81	1,44862327916	-3,29673303154	-29,6275027344
9,82	1,41371669412	-3,49065850399	-24,7793659234
9,83	1,37881010908	-3,68458397643	-25,9914001263
9,84	1,34390352404	-4,12091628943	-17,9111721077
9,85	1,29154364648	-4,16939765754	-0,673352334818
9,86	1,25663706144	-3,87850944888	-4,71346634407
9,87	1,2217304764	-4,21787902565	-13,1977057635
9,88	1,16937059884	-4,31484176187	-8,21489848545
9,89	1,1344640138	-4,36332312999	-3,7707730753
9,9	1,08210413624	-4,36332312999	-0,808022801873
9,91	1,0471975512	-4,36332312999	-0,134670467027
9,92	0,994837673637	-4,36332312999	-7,9820101146E-011
9,93	0,959931088597	-4,36332312999	0
9,94	0,907571211037	-4,36332312999	7,9820101146E-011
9,95	0,872664625997	-4,36332312999	5,26122355558E-011
9,96	0,820304748437	-4,36332312999	2,4543330331E-011
9,97	0,785398163397	-4,36332312999	4,38168020385E-012
9,98	0,733038285838	-4,36332312999	0,13467046697
9,99	0,698131700798	-4,36332312999	0,942693268798
10	0,645771823238	-4,36332312999	4,57879587709
10,01	0,610865238198	-4,31484176188	11,8510010937
10,02	0,558505360638	-4,16939765754	20,6045814471
10,03	0,523598775598	-3,73306534454	14,1403990324
10,04	0,488692190558	-3,73306534454	-2,96275027338
10,05	0,453785605518	-4,07243492132	4,30945494324
10,06	0,401425727959	-3,92699081699	33,6676167437
10,07	0,366519142919	-3,05432619099	33,6676167437
10,08	0,349065850399	-2,90888208666	4,30945494319
10,09	0,314159265359	-3,24825166343	-2,82807980654
10,1	0,279252680319	-3,24825166343	15,0830923011
10,11	0,244346095279	-2,81191935044	25,3180477913
10,12	0,226892802759	-2,61799387799	24,6446954565
10,13	0,191986217719	-2,42406840555	29,6275027345
10,14	0,174532925199	-1,93925472444	26,126070593
10,15	0,157079632679	-1,79381062011	13,8710580983
10,16	0,139626340159	-1,745329252	9,42693268831
10,17	0,12217304764	-1,69684788388	13,8710580985
10,18	0,10471975512	-1,55140377955	26,1260705931
10,19	0,0872664625997	-1,06659009844	29,7621732013
10,2	0,0872664625997	-0,872664626	25,5873887251
10,21	0,0698131700797	-0,678739153556	29,7621732015
10,22	0,0698131700797	-0,193925472445	26,1260705932
10,23	0,0698131700797	-0,0484813681112	13,8710580985
10,24	0,0698131700797	0	9,42693268829
10,25	0,0698131700797	0,0484813681112	13,8710580985
10,26	0,0698131700797	0,193925472445	26,1260705932
10,27	0,0698131700797	0,678739153556	29,7621732015
10,28	0,0872664625997	0,872664626	25,5873887251
10,29	0,0872664625997	1,06659009844	29,7621732013
10,3	0,10471975512	1,55140377955	26,1260705931
10,31	0,12217304764	1,69684788388	13,8710580985
10,32	0,139626340159	1,745329252	9,42693268831
10,33	0,157079632679	1,79381062011	13,8710580983
10,34	0,174532925199	1,93925472444	25,9914001261
10,35	0,191986217719	2,42406840555	28,8194799327
10,36	0,226892802759	2,61799387799	21,0085928482
10,37	0,244346095279	2,76343798233	17,9111721077
10,38	0,279252680319	3,1028075591	5,79083007989
10,39	0,314159265359	2,81191935044	1,61604560362
10,4	0,331612557879	2,86040071854	21,5472747159
10,41	0,366519142919	3,34521439966	33,2636053428
10,42	0,401425727959	3,63610260832	33,2636053428
10,43	0,436332312999	4,12091628943	21,412604249
10,44	0,488692190558	4,16939765754	0,673352334926
10,45	0,523598775598	3,87850944888	1,07736373585
10,46	0,558505360638	4,16939765754	5,11747774499
10,47	0,610865238198	4,16939765754	-3,9054435424
10,48	0,645771823238	3,87850944887	4,57879587714
10,49	0,680678408278	4,21787902565	16,833808372
10,5	0,733038285838	4,36332312999	16,295126504
10,51	0,767944870877	4,50876723432	16,0257855699
10,52	0,820304748437	4,84813681109	0,808022801825
10,53	0,872664625997	4,50876723432	-12,1203420277
10,54	0,907571211037	4,4118044981	-8,08022801841
10,55	0,959931088597	4,36332312999	-3,90544354227
10,56	0,994837673637	4,36332312999	-1,61604560378
10,57	1,0471975512	4,36332312999	-3,90544354232
10,58	1,08210413624	4,31484176187	-8,21489848548
10,59	1,1344640138	4,21787902565	-13,1977057635
10,6	1,16937059884	3,87850944888	-4,71346634411
10,61	1,20427718388	4,16939765754	-0,538681867899
10,62	1,25663706144	4,12091628943	-16,9684788388
10,63	1,29154364648	3,68458397643	-21,277933782
10,64	1,32645023152	3,5391398721	-11,9856715607
10,65	1,36135681656	3,49065850399	-4,71346634411
10,66	1,3962634016	3,49065850399	-1,88538653765
10,67	1,43116998664	3,49065850399	-4,84813681109
10,68	1,46607657168	3,44217713588	-12,9283648296
10,69	1,50098315672	3,29673303155	-25,9914001262
10,7	1,53588974175	2,81191935044	-29,7621732015
10,71	1,55334303427	2,61799387799	-25,5873887252
10,72	1,58824961931	2,42406840555	-29,7621732014
10,73	1,60570291183	1,93925472444	-26,1260705932
10,74	1,62315620435	1,7938106201	-13,8710580985
10,75	1,64060949687	1,74532925199	-9,42693268823
10,76	1,65806278939	1,69684788388	-13,8710580983
10,77	1,67551608191	1,55140377955	-26,126070593
10,78	1,69296937443	1,06659009844	-29,7621732015
10,79	1,69296937443	0,872664625997	-25,5873887253
10,8	1,71042266695	0,678739153553	-29,7621732015
10,81	1,71042266695	0,193925472444	-26,1260705931
10,82	1,71042266695	0,0484813681109	-13,8710580984
10,83	1,71042266695	0	-9,42693268823
10,84	1,71042266695	-0,0484813681109	-13,8710580984
10,85	1,71042266695	-0,193925472444	-26,1260705931
10,86	1,71042266695	-0,678739153553	-29,7621732015
10,87	1,69296937443	-0,872664625997	-25,5873887253
10,88	1,69296937443	-1,06659009844	-29,7621732015
10,89	1,67551608191	-1,55140377955	-25,991400126
10,9	1,65806278939	-1,69684788388	-13,0630352964
10,91	1,64060949687	-1,74532925199	-5,79083007991
10,92	1,62315620435	-1,74532925199	-6,46418241489
10,93	1,60570291183	-1,79381062011	-16,699137905
10,94	1,58824961931	-1,98773609255	-33,2636053427
10,95	1,57079632679	-2,56951250988	-38,2464126208
10,96	1,53588974175	-3,05432619099	-17,5071607068
10,97	1,50098315672	-2,81191935044	-5,25214821204
10,98	1,4835298642	-2,86040071855	-17,9111721076
10,99	1,44862327916	-3,29673303154	-21,5472747159
11	1,41371669412	-3,44217713588	-12,9283648296
11,01	1,37881010908	-3,49065850399	-9,29226222136
11,02	1,34390352404	-3,5391398721	-13,7363876315
11,03	1,308996939	-3,68458397643	-25,0487068574
11,04	1,27409035396	-4,16939765754	-24,2406840554
11,05	1,2217304764	-4,31484176188	-9,02292128722
11,06	1,18682389136	-4,31484176187	3,36676167442
11,07	1,1344640138	-4,21787902565	11,1776487589
11,08	1,09955742876	-3,87850944888	-0,942693268818
11,09	1,06465084372	-4,21787902565	-16,02578557
11,1	1,01229096616	-4,36332312999	-16,160456037
11,11	0,977384381117	-4,50876723432	-16,02578557
11,12	0,925024503557	-4,84813681109	-0,808022801928
11,13	0,872664625997	-4,50876723432	12,1203420277
11,14	0,837758040957	-4,4118044981	8,08022801856
11,15	0,785398163397	-4,36332312999	3,90544354232
11,16	0,750491578357	-4,36332312999	1,61604560372
11,17	0,698131700798	-4,36332312999	3,90544354227
11,18	0,663225115758	-4,31484176187	8,21489848545
11,19	0,610865238198	-4,21787902565	13,1977057635
11,2	0,575958653158	-3,87850944888	4,71346634407
11,21	0,541052068118	-4,16939765754	0,538681867843
11,22	0,488692190558	-4,12091628943	17,1031493058
11,23	0,453785605518	-3,68458397643	22,220627051
11,24	0,418879020479	-3,5391398721	16,5644674379
11,25	0,383972435439	-3,44217713588	16,5644674378
11,26	0,349065850399	-3,29673303155	22,3552975177
11,27	0,314159265359	-2,86040071855	17,9111721076
11,28	0,296705972839	-2,81191935044	4,30945494321
11,29	0,261799387799	-3,05432619099	12,9283648296
11,3	0,226892802759	-2,61799387799	26,3954115272
11,31	0,209439510239	-2,18166156499	13,0630352966
11,32	0,191986217719	-2,42406840555	5,25214821196
11,33	0,157079632679	-2,37558703744	22,4899679847
11,34	0,139626340159	-1,89077335633	34,2062986117
11,35	0,12217304764	-1,59988514766	37,0343784182
11,36	0,10471975512	-1,06659009844	29,7621732015
11,37	0,10471975512	-0,921145994107	14,6790809002
11,38	0,0872664625997	-0,872664625997	9,56160315508
11,39	0,0872664625997	-0,824183257889	13,7363876313
11,4	0,0698131700797	-0,678739153556	25,3180477913
11,41	0,0698131700797	-0,193925472445	25,9914001263
11,42	0,0698131700797	-0,0484813681112	17,5071607068
11,43	0,0698131700797	0,0484813681112	17,6418311738
11,44	0,0698131700797	0,193925472445	26,9340933951
11,45	0,0698131700797	0,678739153556	29,8968436685
11,46	0,0872664625997	0,872664626	25,5873887251
11,47	0,0872664625997	1,06659009844	29,7621732013
11,48	0,10471975512	1,55140377955	26,1260705931
11,49	0,12217304764	1,69684788388	13,8710580985
11,5	0,139626340159	1,745329252	9,42693268831
11,51	0,157079632679	1,79381062011	13,7363876314
11,52	0,174532925199	1,93925472444	25,1833773242
11,53	0,191986217719	2,42406840555	25,1833773243
11,54	0,226892802759	2,56951250988	13,7363876315
11,55	0,244346095279	2,61799387799	9,42693268822
11,56	0,279252680319	2,6664752461	13,7363876314
11,57	0,296705972839	2,81191935044	25,1833773244
11,58	0,331612557879	3,29673303155	25,1833773243
11,59	0,366519142919	3,44217713588	13,7363876314
11,6	0,401425727959	3,49065850399	9,42693268823
11,61	0,436332312999	3,5391398721	13,7363876314
11,62	0,471238898038	3,68458397643	25,0487068573
11,63	0,506145483078	4,16939765754	24,2406840554
11,64	0,558505360638	4,31484176187	9,02292128731
11,65	0,593411945678	4,31484176187	-3,36676167434
11,66	0,645771823238	4,21787902565	-11,1776487588
11,67	0,680678408278	3,87850944888	0,942693268903
11,68	0,715584993318	4,21787902566	16,02578557
11,69	0,767944870877	4,36332312999	16,1604560369
11,7	0,802851455917	4,50876723432	16,02578557
11,71	0,855211333477	4,84813681109	0,808022801876
11,72	0,907571211037	4,50876723432	-12,2550124946
11,73	0,942477796077	4,4118044981	-8,88825082033
11,74	0,994837673637	4,36332312999	-7,54154615066
11,75	1,02974425868	4,31484176187	-9,02292128736
11,76	1,08210413624	4,21787902565	-13,1977057635
11,77	1,11701072128	3,87850944888	-3,7707730753
11,78	1,15191730632	4,16939765754	4,04011400924
11,79	1,20427718388	4,16939765754	-5,11747774504
11,8	1,23918376892	3,87850944888	-0,942693268823
11,81	1,27409035396	4,16939765754	0,134670466975
11,82	1,32645023152	4,12091628943	-17,7765016407
11,83	1,36135681656	3,68458397643	-25,8567296591
11,84	1,3962634016	3,49065850399	-23,9713431215
11,85	1,43116998664	3,29673303155	-25,9914001262
11,86	1,46607657168	2,86040071855	-18,7191949096
11,87	1,4835298642	2,81191935043	-4,44412541019
11,88	1,51843644923	3,05432619099	-12,9283648295
11,89	1,55334303427	2,61799387799	-26,530081994
11,9	1,57079632679	2,18166156499	-13,8710580984
11,91	1,58824961931	2,42406840555	-8,88825082033
11,92	1,62315620435	2,32710566933	-29,7621732015
11,93	1,64060949687	1,74532925199	-42,6905380311
11,94	1,65806278939	1,16355283466	-28,9541503996
11,95	1,65806278939	1,06659009844	-5,25214821191
11,96	1,67551608191	1,35747830711	-6,59885288169
11,97	1,69296937443	1,01810873033	-18,0458425747
11,98	1,69296937443	0,872664625997	-21,0085928482
11,99	1,71042266695	0,678739153553	-28,9541503996
12	1,71042266695	0,193925472444	-26,799422928
12,01	1,71042266695	0,0484813681109	-17,6418311737
12,02	1,71042266695	-0,0484813681109	-17,6418311737
12,03	1,71042266695	-0,193925472444	-26,934093395
12,04	1,71042266695	-0,678739153553	-29,8968436685
12,05	1,69296937443	-0,872664625997	-25,5873887253
12,06	1,69296937443	-1,06659009844	-29,7621732015
12,07	1,67551608191	-1,55140377955	-25,991400126
12,08	1,65806278939	-1,69684788388	-13,0630352964
12,09	1,64060949687	-1,74532925199	-5,65615961294
12,1	1,62315620435	-1,74532925199	-5,65615961305
12,11	1,60570291183	-1,79381062011	-13,0630352966
12,12	1,58824961931	-1,93925472444	-25,9914001261
12,13	1,57079632679	-2,42406840555	-29,7621732014
12,14	1,53588974175	-2,61799387799	-25,5873887253
12,15	1,51843644923	-2,81191935044	-29,7621732014
12,16	1,4835298642	-3,29673303155	-25,9914001261
12,17	1,44862327916	-3,44217713588	-13,0630352965
12,18	1,41371669412	-3,49065850399	-5,65615961294
12,19	1,37881010908	-3,49065850399	-5,52148914607
12,2	1,34390352404	-3,5391398721	-12,1203420278
12,21	1,308996939	-3,68458397643	-21,2779337821
12,22	1,27409035396	-4,12091628943	-16,9684788388
12,23	1,2217304764	-4,16939765754	-0,538681867764
12,24	1,18682389136	-3,87850944887	-4,71346634411
12,25	1,15191730632	-4,21787902565	-13,1977057637
12,26	1,09955742876	-4,31484176188	-8,2148984855
12,27	1,06465084372	-4,36332312999	-3,77077307524
12,28	1,01229096616	-4,36332312999	-0,808022801825
12,29	0,977384381117	-4,36332312999	-0,134670467004
12,3	0,925024503557	-4,36332312999	-7,45625783338E-011
12,31	0,890117918517	-4,36332312999	8,75842608315E-013
12,32	0,837758040957	-4,36332312999	0,134670467054
12,33	0,802851455917	-4,36332312999	0,808022801901
12,34	0,750491578357	-4,36332312999	3,77077307532
12,35	0,715584993318	-4,31484176187	8,21489848546
12,36	0,663225115758	-4,21787902565	13,1977057635
12,37	0,628318530718	-3,87850944888	4,71346634411
12,38	0,593411945678	-4,16939765754	0,538681867899
12,39	0,541052068118	-4,12091628943	16,9684788388
12,4	0,506145483078	-3,68458397643	21,277933782
12,41	0,471238898038	-3,5391398721	12,1203420277
12,42	0,436332312999	-3,49065850399	5,52148914596
12,43	0,401425727959	-3,49065850399	5,65615961294
12,44	0,366519142919	-3,44217713588	12,9283648296
12,45	0,331612557879	-3,29673303155	25,0487068573
12,46	0,296705972839	-2,81191935044	25,1833773244
12,47	0,279252680319	-2,6664752461	13,7363876314
12,48	0,244346095279	-2,61799387799	9,42693268822
12,49	0,226892802759	-2,56951250988	13,7363876315
12,5	0,191986217719	-2,42406840555	25,1833773243
12,51	0,174532925199	-1,93925472444	25,1833773242
12,52	0,157079632679	-1,79381062011	13,8710580983
12,53	0,139626340159	-1,745329252	10,2349554902
12,54	0,12217304764	-1,69684788388	17,5071607068
12,55	0,10471975512	-1,50292241144	33,3982758098
12,56	0,0872664625997	-0,921145994107	38,2464126208
12,57	0,0872664625997	-0,436332312999	17,6418311736
12,58	0,0872664625997	-0,678739153556	6,19484148076
12,59	0,0698131700797	-0,630257785446	22,6246384519
12,6	0,0698131700797	-0,145444104334	34,2062986118
12,61	0,0698131700797	0,145444104334	37,0343784182
12,62	0,0698131700797	0,678739153556	29,7621732015
12,63	0,0872664625997	0,824183257889	14,6790809002
12,64	0,0872664625997	0,872664625997	9,56160315508
12,65	0,10471975512	0,921145994107	13,7363876314
12,66	0,10471975512	1,06659009844	25,3180477913
12,67	0,12217304764	1,55140377955	25,9914001262
12,68	0,139626340159	1,69684788388	17,5071607068
12,69	0,157079632679	1,79381062011	17,5071607067
12,7	0,174532925199	1,93925472444	25,9914001261
12,71	0,191986217719	2,42406840555	25,3180477913
12,72	0,226892802759	2,56951250988	13,7363876315
12,73	0,244346095279	2,61799387799	9,42693268822
12,74	0,279252680319	2,6664752461	13,7363876314
12,75	0,296705972839	2,81191935044	25,1833773244
12,76	0,331612557879	3,29673303155	25,1833773243
12,77	0,366519142919	3,44217713588	13,7363876314
12,78	0,401425727959	3,49065850399	9,29226222126
12,79	0,436332312999	3,5391398721	12,9283648296
12,8	0,471238898038	3,68458397643	21,412604249
12,81	0,506145483078	4,12091628943	16,9684788388
12,82	0,558505360638	4,16939765754	0,538681867904
12,83	0,593411945678	3,87850944888	4,71346634414
12,84	0,628318530718	4,21787902565	13,1977057636
12,85	0,680678408278	4,31484176188	8,21489848554
12,86	0,715584993318	4,36332312999	3,77077307529
12,87	0,767944870877	4,36332312999	0,808022801768
12,88	0,802851455917	4,36332312999	0,134670466922
12,89	0,855211333477	4,36332312999	-2,4543330331E-011
12,9	0,890117918517	4,36332312999	-4,38168020385E-012
12,91	0,942477796077	4,36332312999	-0,13467046697
12,92	0,977384381117	4,36332312999	-0,808022801824
12,93	1,02974425868	4,36332312999	-3,77077307524
12,94	1,06465084372	4,31484176188	-8,21489848538
12,95	1,11701072128	4,21787902566	-13,1977057635
12,96	1,15191730632	3,87850944888	-4,71346634419
12,97	1,18682389136	4,16939765754	-0,538681867951
12,98	1,23918376892	4,12091628943	-16,9684788388
12,99	1,27409035396	3,68458397643	-21,277933782
13	1,308996939	3,5391398721	-11,9856715608
13,01	1,34390352404	3,49065850399	-4,71346634417
13,02	1,37881010908	3,49065850399	-1,88538653773
13,03	1,41371669412	3,49065850399	-4,84813681109
13,04	1,44862327916	3,44217713588	-12,9283648295
13,05	1,4835298642	3,29673303155	-25,9914001261
13,06	1,51843644923	2,81191935044	-29,7621732014
13,07	1,53588974175	2,61799387799	-25,5873887253
13,08	1,57079632679	2,42406840555	-29,7621732014
13,09	1,58824961931	1,93925472444	-26,1260705931
13,1	1,60570291183	1,79381062011	-13,8710580985
13,11	1,62315620435	1,74532925199	-9,42693268836
13,12	1,64060949687	1,69684788388	-13,7363876315
13,13	1,65806278939	1,55140377955	-25,1833773242
13,14	1,67551608191	1,06659009844	-25,1833773241
13,15	1,67551608191	0,921145994111	-13,7363876313
13,16	1,69296937443	0,872664626	-9,56160315528
13,17	1,69296937443	0,824183257886	-14,6790809004
13,18	1,71042266695	0,678739153553	-29,8968436685
13,19	1,71042266695	0,145444104333	-37,8424012199
13,2	1,71042266695	-0,145444104333	-37,8424012199
13,21	1,71042266695	-0,678739153553	-29,8968436685
13,22	1,69296937443	-0,824183257886	-14,6790809004
13,23	1,69296937443	-0,872664626	-9,56160315528
13,24	1,67551608191	-0,921145994111	-13,7363876313
13,25	1,67551608191	-1,06659009844	-25,3180477911
13,26	1,65806278939	-1,55140377955	-25,9914001261
13,27	1,64060949687	-1,69684788388	-17,5071607068
13,28	1,62315620435	-1,7938106201	-17,5071607068
13,29	1,60570291183	-1,93925472444	-25,9914001262
13,3	1,58824961931	-2,42406840555	-25,3180477912
13,31	1,55334303427	-2,56951250988	-13,7363876314
13,32	1,53588974175	-2,61799387799	-9,42693268831
13,33	1,50098315672	-2,6664752461	-13,7363876314
13,34	1,4835298642	-2,81191935044	-25,1833773242
13,35	1,44862327916	-3,29673303154	-25,0487068572
13,36	1,41371669412	-3,44217713588	-12,9283648296
13,37	1,37881010908	-3,49065850399	-5,65615961302
13,38	1,34390352404	-3,49065850399	-5,52148914601
13,39	1,308996939	-3,5391398721	-12,1203420277
13,4	1,27409035396	-3,68458397643	-21,277933782
13,41	1,23918376892	-4,12091628943	-16,9684788388
13,42	1,18682389136	-4,16939765754	-0,538681867951
13,43	1,15191730632	-3,87850944888	-4,71346634419
13,44	1,11701072128	-4,21787902566	-13,1977057635
13,45	1,06465084372	-4,31484176188	-8,21489848538
13,46	1,02974425868	-4,36332312999	-3,77077307524
13,47	0,977384381117	-4,36332312999	-0,808022801824
13,48	0,942477796077	-4,36332312999	-0,13467046697
13,49	0,890117918517	-4,36332312999	-4,38168020385E-012
13,5	0,855211333477	-4,36332312999	-2,4543330331E-011
13,51	0,802851455917	-4,36332312999	0,134670466922
13,52	0,767944870877	-4,36332312999	0,808022801768
13,53	0,715584993318	-4,36332312999	3,77077307529
13,54	0,680678408278	-4,31484176188	8,21489848554
13,55	0,628318530718	-4,21787902565	13,1977057636
13,56	0,593411945678	-3,87850944888	4,71346634414
13,57	0,558505360638	-4,16939765754	0,538681867904
13,58	0,506145483078	-4,12091628943	17,1031493058
13,59	0,471238898038	-3,68458397643	22,2206270508
13,6	0,436332312999	-3,5391398721	16,5644674379
13,61	0,401425727959	-3,44217713588	16,5644674379
13,62	0,366519142919	-3,29673303154	22,3552975179
13,63	0,331612557879	-2,86040071854	17,9111721076
13,64	0,314159265359	-2,81191935044	4,30945494312
13,65	0,279252680319	-3,05432619099	12,9283648295
13,66	0,244346095279	-2,61799387799	26,3954115271
13,67	0,226892802759	-2,18166156499	13,0630352967
13,68	0,209439510239	-2,42406840555	5,2521482121
13,69	0,174532925199	-2,37558703743	22,3552975177
13,7	0,157079632679	-1,89077335633	33,3982758097
13,71	0,139626340159	-1,59988514766	33,3982758098
13,72	0,12217304764	-1,11507146655	22,4899679849
13,73	0,12217304764	-1,06659009844	6,19484148091
13,74	0,10471975512	-1,30899693899	17,6418311737
13,75	0,0872664625997	-0,824183257885	38,2464126208
13,76	0,0872664625997	-0,242406840554	33,2636053427
13,77	0,0872664625997	-0,0484813681109	16,6991379049
13,78	0,0872664625997	0	6,46418241478
13,79	0,0872664625997	0	5,79083007991
13,8	0,0872664625997	0,0484813681109	13,0630352965
13,81	0,0872664625997	0,193925472444	25,9914001261
13,82	0,0872664625997	0,678739153552	29,7621732014
13,83	0,10471975512	0,872664625996	25,7220591922
13,84	0,10471975512	1,06659009844	30,7048664703
13,85	0,12217304764	1,55140377955	30,5701960034
13,86	0,139626340159	1,745329252	24,9140363904
13,87	0,157079632679	1,93925472444	26,126070593
13,88	0,174532925199	2,37558703743	18,7191949094
13,89	0,209439510239	2,42406840555	4,44412541025
13,9	0,226892802759	2,18166156499	12,9283648297
13,91	0,244346095279	2,61799387799	26,3954115271
13,92	0,279252680319	3,05432619099	12,9283648295
13,93	0,314159265359	2,81191935044	4,30945494312
13,94	0,331612557879	2,86040071854	17,9111721076
13,95	0,366519142919	3,29673303154	22,3552975179
13,96	0,401425727959	3,44217713588	16,5644674379
13,97	0,436332312999	3,5391398721	16,5644674379
13,98	0,471238898038	3,68458397643	22,2206270508
13,99	0,506145483078	4,12091628943	16,9684788388
14	0,558505360638	4,16939765754	-0,269340933949
14,01	0,593411945678	3,87850944888	1,0773637358
14,02	0,628318530718	4,16939765754	5,92550054689
14,03	0,680678408278	4,16939765754	-0,404011400899
14,04	0,715584993318	3,92699081699	11,042978292
14,05	0,750491578357	4,36332312999	21,547274716
14,06	0,802851455917	4,75117407488	0,134670466975
14,07	0,855211333477	4,36332312999	-20,7392519142
14,08	0,890117918517	3,92699081699	-7,27220521668
14,09	0,925024503557	4,21787902565	8,61890988636
14,1	0,977384381117	4,31484176187	7,13753474968
14,11	1,01229096616	4,36332312999	2,82807980651
14,12	1,06465084372	4,36332312999	-2,96275027339
14,13	1,09955742876	4,31484176188	-8,08022801853
14,14	1,15191730632	4,21787902565	-13,1977057637
14,15	1,18682389136	3,87850944887	-4,71346634411
14,16	1,2217304764	4,16939765754	-0,538681867764
14,17	1,27409035396	4,12091628943	-16,9684788388
14,18	1,308996939	3,68458397643	-21,4126042491
14,19	1,34390352404	3,5391398721	-12,9283648297
14,2	1,37881010908	3,49065850399	-9,29226222136
14,21	1,41371669412	3,44217713588	-13,8710580984
14,22	1,44862327916	3,29673303154	-25,991400126
14,23	1,4835298642	2,81191935044	-28,8194799326
14,24	1,50098315672	2,61799387799	-21,0085928481
14,25	1,53588974175	2,47254977366	-17,9111721077
14,26	1,55334303427	2,13318019688	-5,79083007994
14,27	1,57079632679	2,42406840555	-1,6160456037
14,28	1,60570291183	2,37558703744	-21,5472747161
14,29	1,62315620435	1,89077335633	-33,2636053429
14,3	1,64060949687	1,59988514766	-33,3982758098
14,31	1,65806278939	1,11507146655	-22,4899679847
14,32	1,65806278939	1,06659009844	-6,19484148071
14,33	1,67551608191	1,308996939	-17,6418311736
14,34	1,69296937443	0,824183257889	-38,2464126209
14,35	1,69296937443	0,242406840556	-33,2636053429
14,36	1,69296937443	0,0484813681112	-16,6991379049
14,37	1,69296937443	0	-6,5988528818
14,38	1,69296937443	0	-6,5988528818
14,39	1,69296937443	-0,0484813681112	-16,6991379049
14,4	1,69296937443	-0,242406840556	-33,2636053429
14,41	1,69296937443	-0,824183257889	-38,2464126209
14,42	1,67551608191	-1,308996939	-17,5071607066
14,43	1,65806278939	-1,06659009844	-5,38681867886
14,44	1,65806278939	-1,11507146655	-18,8538653764
14,45	1,64060949687	-1,55140377955	-26,1260705931
14,46	1,62315620435	-1,74532925199	-24,7793659235
14,47	1,60570291183	-1,93925472444	-29,6275027345
14,48	1,58824961931	-2,42406840555	-26,1260705931
14,49	1,55334303427	-2,56951250988	-13,8710580984
14,5	1,53588974175	-2,61799387799	-9,42693268831
14,51	1,50098315672	-2,6664752461	-13,7363876314
14,52	1,4835298642	-2,81191935044	-25,1833773242
14,53	1,44862327916	-3,29673303154	-25,0487068572
14,54	1,41371669412	-3,44217713588	-12,9283648296
14,55	1,37881010908	-3,49065850399	-5,65615961302
14,56	1,34390352404	-3,49065850399	-5,52148914601
14,57	1,308996939	-3,5391398721	-12,1203420277
14,58	1,27409035396	-3,68458397643	-21,277933782
14,59	1,23918376892	-4,12091628943	-16,9684788388
14,6	1,18682389136	-4,16939765754	-0,538681867951
14,61	1,15191730632	-3,87850944888	-4,71346634419
14,62	1,11701072128	-4,21787902566	-13,1977057635
14,63	1,06465084372	-4,31484176188	-8,21489848538
14,64	1,02974425868	-4,36332312999	-3,77077307524
14,65	0,977384381117	-4,36332312999	-0,808022801824
14,66	0,942477796077	-4,36332312999	-0,13467046697
14,67	0,890117918517	-4,36332312999	0,13467046697
14,68	0,855211333477	-4,36332312999	0,808022801824
14,69	0,802851455917	-4,36332312999	3,77077307524
14,7	0,767944870877	-4,31484176188	8,21489848538
14,71	0,715584993318	-4,21787902566	13,0630352965
14,72	0,680678408278	-3,87850944888	3,77077307537
14,73	0,645771823238	-4,16939765754	-4,04011400919
14,74	0,593411945678	-4,16939765754	5,11747774506
14,75	0,558505360638	-3,87850944888	1,0773637358
14,76	0,523598775598	-4,16939765754	0,673352334875
14,77	0,471238898038	-4,12091628943	21,412604249
14,78	0,436332312999	-3,63610260832	33,2636053428
14,79	0,401425727959	-3,34521439966	33,2636053428
14,8	0,366519142919	-2,86040071855	21,547274716
14,81	0,349065850399	-2,81191935043	1,6160456037
14,82	0,314159265359	-3,1028075591	5,79083007984
14,83	0,279252680319	-2,76343798233	17,9111721076
14,84	0,261799387799	-2,61799387799	21,0085928481
14,85	0,226892802759	-2,42406840555	28,8194799327
14,86	0,209439510239	-1,93925472444	25,8567296593
14,87	0,191986217719	-1,7938106201	13,0630352965
14,88	0,174532925199	-1,74532925199	5,65615961283
14,89	0,157079632679	-1,745329252	5,65615961286
14,9	0,139626340159	-1,69684788388	13,0630352966
14,91	0,12217304764	-1,55140377955	25,9914001262
14,92	0,10471975512	-1,06659009844	29,7621732015
14,93	0,10471975512	-0,872664625996	25,5873887252
14,94	0,0872664625997	-0,678739153552	29,8968436684
14,95	0,0872664625997	-0,193925472444	26,9340933949
14,96	0,0872664625997	-0,0484813681109	17,6418311737
14,97	0,0872664625997	0,0484813681109	17,6418311737
14,98	0,0872664625997	0,193925472444	26,799422928
14,99	0,0872664625997	0,678739153552	28,9541503996
15	0,10471975512	0,872664625996	21,143263315
15,01	0,10471975512	1,01810873033	18,8538653765
15,02	0,12217304764	1,35747830711	10,2349554902
15,03	0,139626340159	1,11507146655	12,6590238958
15,04	0,139626340159	1,308996939	38,2464126209
15,05	0,157079632679	2,18166156499	38,2464126208
15,06	0,191986217719	2,37558703743	12,6590238956
15,07	0,209439510239	2,13318019688	10,1002850232
15,08	0,226892802759	2,47254977366	17,9111721078
15,09	0,261799387799	2,61799387799	16,5644674379
15,1	0,279252680319	2,76343798233	16,9684788388
15,11	0,314159265359	3,1028075591	5,52148914589
15,12	0,349065850399	2,81191935043	0,808022801849
15,13	0,366519142919	2,86040071855	17,9111721077
15,14	0,401425727959	3,29673303155	25,8567296592
15,15	0,436332312999	3,49065850399	23,9713431215
15,16	0,471238898038	3,68458397643	25,8567296591
15,17	0,506145483078	4,12091628943	17,9111721076
15,18	0,558505360638	4,16939765754	0,673352334879
15,19	0,593411945678	3,87850944888	4,71346634414
15,2	0,628318530718	4,21787902565	13,1977057636
15,21	0,680678408278	4,31484176188	8,08022801856
15,22	0,715584993318	4,36332312999	2,96275027344
15,23	0,767944870877	4,36332312999	-2,96275027352
15,24	0,802851455917	4,31484176187	-7,94555755156
15,25	0,855211333477	4,21787902565	-12,2550124947
15,26	0,890117918517	3,87850944888	-4,38908169068E-012
15,27	0,925024503557	4,21787902565	12,2550124947
15,28	0,977384381117	4,31484176187	7,94555755153
15,29	1,01229096616	4,36332312999	2,96275027349
15,3	1,06465084372	4,36332312999	-2,96275027339
15,31	1,09955742876	4,31484176188	-8,08022801853
15,32	1,15191730632	4,21787902565	-13,1977057637
15,33	1,18682389136	3,87850944887	-4,71346634411
15,34	1,2217304764	4,16939765754	-0,538681867764
15,35	1,27409035396	4,12091628943	-17,1031493057
15,36	1,308996939	3,68458397643	-22,2206270509
15,37	1,34390352404	3,5391398721	-16,699137905
15,38	1,37881010908	3,44217713588	-17,3724902398
15,39	1,41371669412	3,29673303154	-25,9914001261
15,4	1,44862327916	2,81191935044	-25,3180477912
15,41	1,46607657168	2,6664752461	-13,6017171645
15,42	1,50098315672	2,61799387799	-8,61890988638
15,43	1,51843644923	2,56951250988	-10,1002850231
15,44	1,55334303427	2,47254977366	-17,9111721077
15,45	1,57079632679	2,08469882877	-16,5644674379
15,46	1,58824961931	2,23014293311	-21,008592848
15,47	1,62315620435	1,745329252	-30,1661846024
15,48	1,62315620435	1,308996939	-13,7363876315
15,49	1,64060949687	1,55140377955	-4,57879587719
15,5	1,65806278939	1,50292241144	-18,7191949094
15,51	1,67551608191	1,06659009844	-26,126070593
15,52	1,67551608191	0,872664626	-24,7793659233
15,53	1,69296937443	0,678739153556	-29,7621732015
15,54	1,69296937443	0,193925472445	-26,9340933951
15,55	1,69296937443	0,0484813681112	-17,6418311738
15,56	1,69296937443	-0,0484813681112	-17,6418311738
15,57	1,69296937443	-0,193925472445	-26,9340933951
15,58	1,69296937443	-0,678739153556	-29,7621732015
15,59	1,67551608191	-0,872664626	-24,7793659233
15,6	1,67551608191	-1,06659009844	-26,126070593
15,61	1,65806278939	-1,50292241144	-18,7191949094
15,62	1,64060949687	-1,55140377955	-4,44412541021
15,63	1,62315620435	-1,308996939	-12,9283648297
15,64	1,62315620435	-1,745329252	-26,5300819941
15,65	1,58824961931	-2,18166156499	-13,7363876314
15,66	1,57079632679	-1,93925472444	-8,08022801843
15,67	1,55334303427	-2,03621746066	-25,9914001262
15,68	1,53588974175	-2,56951250988	-34,6103100126
15,69	1,50098315672	-3,05432619099	-16,6991379049
15,7	1,46607657168	-2,81191935044	-5,11747774501
15,71	1,44862327916	-2,86040071855	-18,0458425745
15,72	1,41371669412	-3,29673303154	-22,3552975178
15,73	1,37881010908	-3,44217713588	-16,564467438
15,74	1,34390352404	-3,5391398721	-16,564467438
15,75	1,308996939	-3,68458397643	-22,2206270509
15,76	1,27409035396	-4,12091628943	-16,9684788388
15,77	1,2217304764	-4,16939765754	0,269340934084
15,78	1,18682389136	-3,87850944887	-0,942693268823
15,79	1,15191730632	-4,16939765754	-5,11747774517
15,8	1,09955742876	-4,16939765754	4,04011400919
15,81	1,06465084372	-3,87850944888	-3,77077307523
15,82	1,02974425868	-4,21787902565	-13,0630352965
15,83	0,977384381117	-4,31484176187	-8,21489848543
15,84	0,942477796077	-4,36332312999	-3,77077307529
15,85	0,890117918517	-4,36332312999	-0,673352334878
15,86	0,855211333477	-4,36332312999	0,673352334849
15,87	0,802851455917	-4,36332312999	3,77077307524
15,88	0,767944870877	-4,31484176188	8,21489848538
15,89	0,715584993318	-4,21787902566	13,1977057635
15,9	0,680678408278	-3,87850944888	4,71346634419
15,91	0,645771823238	-4,16939765754	0,538681867951
15,92	0,593411945678	-4,12091628943	16,9684788388
15,93	0,558505360638	-3,68458397643	21,277933782
15,94	0,523598775598	-3,5391398721	11,9856715608
15,95	0,488692190558	-3,49065850399	4,57879587719
15,96	0,453785605518	-3,49065850399	1,07736373588
15,97	0,418879020479	-3,49065850399	1,0773637358
15,98	0,383972435439	-3,49065850399	4,71346634404
15,99	0,349065850399	-3,44217713588	12,9283648295
16	0,314159265359	-3,29673303155	25,9914001261
16,01	0,279252680319	-2,81191935044	29,7621732014
16,02	0,261799387799	-2,61799387799	25,5873887253
16,03	0,226892802759	-2,42406840555	29,7621732016
16,04	0,209439510239	-1,93925472444	26,1260705932
16,05	0,191986217719	-1,7938106201	13,8710580984
16,06	0,174532925199	-1,74532925199	9,42693268812
16,07	0,157079632679	-1,69684788388	13,7363876313
16,08	0,139626340159	-1,55140377955	25,1833773243
16,09	0,12217304764	-1,06659009844	25,1833773244
16,1	0,12217304764	-0,921145994107	13,7363876315
16,11	0,10471975512	-0,872664625996	9,56160315523
16,12	0,10471975512	-0,824183257885	14,6790809002
16,13	0,0872664625997	-0,678739153552	29,8968436684
16,14	0,0872664625997	-0,145444104333	37,8424012199
16,15	0,0872664625997	0,145444104333	37,8424012199
16,16	0,0872664625997	0,678739153552	29,8968436684
16,17	0,10471975512	0,824183257885	14,6790809002
16,18	0,10471975512	0,872664625996	9,56160315523
16,19	0,12217304764	0,921145994107	13,7363876315
16,2	0,12217304764	1,06659009844	25,1833773244
16,21	0,139626340159	1,55140377955	25,1833773243
16,22	0,157079632679	1,69684788388	13,7363876313
16,23	0,174532925199	1,74532925199	9,42693268812
16,24	0,191986217719	1,7938106201	13,8710580984
16,25	0,209439510239	1,93925472444	26,1260705932
16,26	0,226892802759	2,42406840555	29,7621732015
16,27	0,261799387799	2,61799387799	25,5873887253
16,28	0,279252680319	2,81191935044	29,7621732014
16,29	0,314159265359	3,29673303155	25,9914001261
16,3	0,349065850399	3,44217713588	12,9283648295
16,31	0,383972435439	3,49065850399	4,71346634403
16,32	0,418879020479	3,49065850399	1,0773637358
16,33	0,453785605518	3,49065850399	1,07736373588
16,34	0,488692190558	3,49065850399	4,57879587719
16,35	0,523598775598	3,5391398721	11,9856715608
16,36	0,558505360638	3,68458397643	21,277933782
16,37	0,593411945678	4,12091628943	16,9684788388
16,38	0,645771823238	4,16939765754	0,538681867951
16,39	0,680678408278	3,87850944888	4,71346634419
16,4	0,715584993318	4,21787902565	13,1977057635
16,41	0,767944870877	4,31484176187	8,21489848537
16,42	0,802851455917	4,36332312998	3,77077307524
16,43	0,855211333477	4,36332312998	0,673352334849
16,44	0,890117918517	4,36332312998	-0,673352334878
16,45	0,942477796077	4,36332312998	-3,77077307529
16,46	0,977384381117	4,31484176187	-8,21489848543
16,47	1,02974425868	4,21787902565	-13,0630352965
16,48	1,06465084372	3,87850944888	-3,77077307523
16,49	1,09955742876	4,16939765754	4,04011400919
16,5	1,15191730632	4,16939765754	-5,11747774517
16,51	1,18682389136	3,87850944887	-0,942693268822
16,52	1,2217304764	4,16939765754	0,134670467109
16,53	1,27409035396	4,12091628943	-17,7765016406
16,54	1,308996939	3,68458397643	-25,8567296592
16,55	1,34390352404	3,49065850399	-23,9713431216
16,56	1,37881010908	3,29673303154	-25,8567296592
16,57	1,41371669412	2,86040071854	-17,9111721077
16,58	1,43116998664	2,81191935044	-0,808022801822
16,59	1,46607657168	3,1028075591	-5,65615961297
16,6	1,50098315672	2,76343798232	-17,9111721076
16,61	1,51843644923	2,61799387799	-21,008592848
16,62	1,55334303427	2,42406840555	-28,8194799326
16,63	1,57079632679	1,93925472444	-25,9914001261
16,64	1,58824961931	1,79381062011	-13,8710580984
16,65	1,60570291183	1,745329252	-9,42693268833
16,66	1,62315620435	1,69684788388	-13,7363876315
16,67	1,64060949687	1,55140377955	-25,1833773243
16,68	1,65806278939	1,06659009844	-25,1833773243
16,69	1,65806278939	0,921145994107	-13,7363876313
16,7	1,67551608191	0,872664625997	-9,56160315507
16,71	1,67551608191	0,824183257889	-14,6790809002
16,72	1,69296937443	0,678739153556	-29,8968436685
16,73	1,69296937443	0,145444104334	-37,8424012201
16,74	1,69296937443	-0,145444104334	-37,8424012201
16,75	1,69296937443	-0,678739153556	-29,8968436685
16,76	1,67551608191	-0,824183257889	-14,6790809002
16,77	1,67551608191	-0,872664625997	-9,56160315507
16,78	1,65806278939	-0,921145994107	-13,7363876313
16,79	1,65806278939	-1,06659009844	-25,1833773243
16,8	1,64060949687	-1,55140377955	-25,1833773243
16,81	1,62315620435	-1,69684788388	-13,7363876315
16,82	1,60570291183	-1,745329252	-9,42693268833
16,83	1,58824961931	-1,79381062011	-13,8710580984
16,84	1,57079632679	-1,93925472444	-26,1260705931
16,85	1,55334303427	-2,42406840555	-29,7621732014
16,86	1,51843644923	-2,61799387799	-25,5873887252
16,87	1,50098315672	-2,81191935043	-29,7621732014
16,88	1,46607657168	-3,29673303154	-25,9914001262
16,89	1,43116998664	-3,44217713588	-12,9283648296
16,9	1,3962634016	-3,49065850399	-4,71346634414
16,91	1,36135681656	-3,49065850399	-1,0773637358
16,92	1,32645023152	-3,49065850399	-1,0773637358
16,93	1,29154364648	-3,49065850399	-4,57879587714
16,94	1,25663706144	-3,5391398721	-11,9856715607
16,95	1,2217304764	-3,68458397643	-21,277933782
16,96	1,18682389136	-4,12091628943	-16,9684788388
16,97	1,1344640138	-4,16939765754	-0,538681867899
16,98	1,09955742876	-3,87850944888	-4,71346634411
16,99	1,06465084372	-4,21787902565	-13,1977057635
17	1,01229096616	-4,31484176187	-8,21489848548
17,01	0,977384381117	-4,36332312998	-3,77077307534
17,02	0,925024503557	-4,36332312999	-0,673352334953
17,03	0,890117918517	-4,36332312999	0,673352334873
17,04	0,837758040957	-4,36332312999	3,77077307537
17,05	0,802851455917	-4,31484176187	8,2148984855
17,06	0,750491578357	-4,21787902565	13,1977057635
17,07	0,715584993318	-3,87850944888	4,71346634412
17,08	0,680678408278	-4,16939765754	0,404011400925
17,09	0,628318530718	-4,12091628943	16,02578557
17,1	0,593411945678	-3,68458397643	16,8338083718
17,11	0,558505360638	-3,58762124021	1,0773637358
17,12	0,523598775598	-3,68458397643	-11,1776487589
17,13	0,488692190558	-4,07243492132	0,673352334926
17,14	0,436332312999	-3,92699081699	33,6676167437
17,15	0,401425727959	-3,05432619099	37,303719352
17,16	0,383972435439	-2,86040071855	12,3896829616
17,17	0,349065850399	-3,1028075591	9,29226222122
17,18	0,314159265359	-2,76343798233	14,2750694993
17,19	0,296705972839	-2,6664752461	9,29226222133
17,2	0,261799387799	-2,61799387799	8,48423941943
17,21	0,244346095279	-2,56951250988	13,6017171644
17,22	0,209439510239	-2,42406840555	25,3180477913
17,23	0,191986217719	-1,93925472444	25,9914001262
17,24	0,174532925199	-1,7938106201	17,5071607066
17,25	0,157079632679	-1,69684788388	17,6418311736
17,26	0,139626340159	-1,55140377955	26,934093395
17,27	0,12217304764	-1,06659009844	29,8968436685
17,28	0,12217304764	-0,872664625996	25,5873887253
17,29	0,10471975512	-0,678739153552	29,7621732014
17,3	0,10471975512	-0,193925472443	25,9914001261
17,31	0,10471975512	-0,0484813681109	13,0630352965
17,32	0,10471975512	0	5,79083007991
17,33	0,10471975512	0	6,46418241478
17,34	0,10471975512	0,0484813681109	16,6991379049
17,35	0,10471975512	0,242406840554	33,2636053427
17,36	0,10471975512	0,824183257885	38,2464126208
17,37	0,12217304764	1,30899693899	17,6418311738
17,38	0,139626340159	1,06659009844	6,19484148097
17,39	0,139626340159	1,11507146655	22,4899679848
17,4	0,157079632679	1,59988514766	33,3982758097
17,41	0,174532925199	1,89077335633	33,3982758097
17,42	0,191986217719	2,37558703743	22,3552975178
17,43	0,226892802759	2,42406840555	5,25214821209
17,44	0,244346095279	2,18166156499	13,0630352965
17,45	0,261799387799	2,61799387799	26,3954115271
17,46	0,296705972839	3,05432619099	12,9283648296
17,47	0,331612557879	2,81191935044	4,30945494322
17,48	0,349065850399	2,86040071855	17,7765016406
17,49	0,383972435439	3,29673303154	21,5472747159
17,5	0,418879020479	3,44217713587	12,9283648296
17,51	0,453785605518	3,49065850399	9,15759175438
17,52	0,488692190558	3,5391398721	12,9283648297
17,53	0,523598775598	3,68458397643	21,412604249
17,54	0,558505360638	4,12091628943	16,9684788388
17,55	0,610865238198	4,16939765754	0,538681867764
17,56	0,645771823238	3,87850944887	4,71346634411
17,57	0,680678408278	4,21787902565	13,1977057636
17,58	0,733038285838	4,31484176188	8,08022801853
17,59	0,767944870877	4,36332312999	2,96275027339
17,6	0,820304748437	4,36332312998	-2,96275027349
17,61	0,855211333477	4,31484176187	-7,94555755153
17,62	0,907571211037	4,21787902565	-12,2550124947
17,63	0,942477796077	3,87850944888	-0,13467046697
17,64	0,977384381117	4,21787902565	11,3123192259
17,65	1,02974425868	4,31484176187	3,50143214139
17,66	1,06465084372	4,31484176187	-8,08022801842
17,67	1,11701072128	4,16939765754	-19,6618881783
17,68	1,15191730632	3,73306534454	-13,0630352967
17,69	1,18682389136	3,73306534454	7,54154615058
17,7	1,2217304764	4,12091628943	7,40687568374
17,71	1,27409035396	4,12091628943	-14,1403990323
17,72	1,308996939	3,68458397643	-25,0487068574
17,73	1,34390352404	3,49065850399	-23,8366726546
17,74	1,37881010908	3,29673303154	-25,8567296592
17,75	1,41371669412	2,86040071854	-17,9111721077
17,76	1,43116998664	2,81191935044	-0,808022801822
17,77	1,46607657168	3,1028075591	-5,65615961297
17,78	1,50098315672	2,76343798232	-17,9111721076
17,79	1,51843644923	2,61799387799	-21,008592848
17,8	1,55334303427	2,42406840555	-28,8194799326
17,81	1,57079632679	1,93925472444	-25,9914001261
17,82	1,58824961931	1,79381062011	-13,8710580984
17,83	1,60570291183	1,745329252	-9,42693268833
17,84	1,62315620435	1,69684788388	-13,8710580985
17,85	1,64060949687	1,55140377955	-26,1260705932
17,86	1,65806278939	1,06659009844	-29,7621732014
17,87	1,65806278939	0,872664625996	-25,5873887252
17,88	1,67551608191	0,678739153552	-29,7621732014
17,89	1,67551608191	0,193925472443	-25,9914001261
17,9	1,67551608191	0,0484813681109	-13,0630352965
17,91	1,67551608191	0	-5,79083007991
17,92	1,67551608191	0	-6,46418241478
17,93	1,67551608191	-0,0484813681109	-16,6991379049
17,94	1,67551608191	-0,242406840554	-33,2636053427
17,95	1,67551608191	-0,824183257885	-38,2464126208
17,96	1,65806278939	-1,30899693899	-17,6418311737
17,97	1,64060949687	-1,06659009844	-6,19484148086
17,98	1,64060949687	-1,11507146655	-22,4899679848
17,99	1,62315620435	-1,59988514766	-33,3982758098
18	1,60570291183	-1,89077335633	-33,3982758098
18,01	1,58824961931	-2,37558703744	-22,3552975178
18,02	1,55334303427	-2,42406840555	-5,25214821204
18,03	1,53588974175	-2,18166156499	-13,0630352966
18,04	1,51843644923	-2,61799387799	-26,3954115271
18,05	1,4835298642	-3,05432619099	-12,9283648295
18,06	1,44862327916	-2,81191935044	-4,30945494311
18,07	1,43116998664	-2,86040071854	-17,9111721076
18,08	1,3962634016	-3,29673303154	-22,3552975179
18,09	1,36135681656	-3,44217713588	-16,5644674379
18,1	1,32645023152	-3,5391398721	-16,4297969709
18,11	1,29154364648	-3,68458397643	-21,412604249
18,12	1,25663706144	-4,12091628943	-13,3323762305
18,13	1,20427718388	-4,12091628943	7,54154615058
18,14	1,16937059884	-3,73306534454	7,54154615058
18,15	1,1344640138	-3,73306534454	-13,1977057635
18,16	1,09955742876	-4,16939765754	-20,4699109801
18,17	1,0471975512	-4,31484176187	-11,7163306268
18,18	1,01229096616	-4,36332312998	-3,77077307531
18,19	0,959931088597	-4,36332312998	2,82807980641
18,2	0,925024503557	-4,31484176187	7,94555755142
18,21	0,872664625997	-4,21787902565	12,2550124947
18,22	0,837758040957	-3,87850944888	0,134670467054
18,23	0,802851455917	-4,21787902565	-11,3123192258
18,24	0,750491578357	-4,31484176187	-3,50143214132
18,25	0,715584993318	-4,31484176187	8,08022801848
18,26	0,663225115758	-4,16939765754	19,6618881783
18,27	0,628318530718	-3,73306534454	13,0630352965
18,28	0,593411945678	-3,73306534454	-7,54154615058
18,29	0,558505360638	-4,12091628943	-7,4068756836
18,3	0,506145483078	-4,12091628943	14,1403990323
18,31	0,471238898038	-3,68458397643	25,0487068573
18,32	0,436332312999	-3,49065850399	23,8366726545
18,33	0,401425727959	-3,29673303154	25,9914001262
18,34	0,366519142919	-2,86040071855	18,7191949096
18,35	0,349065850399	-2,81191935043	4,44412541019
18,36	0,314159265359	-3,05432619099	12,9283648295
18,37	0,279252680319	-2,61799387799	26,3954115271
18,38	0,261799387799	-2,18166156499	12,9283648296
18,39	0,244346095279	-2,42406840555	4,44412541015
18,4	0,209439510239	-2,37558703744	18,7191949096
18,41	0,191986217719	-1,93925472444	26,1260705931
18,42	0,174532925199	-1,74532925199	24,7793659233
18,43	0,157079632679	-1,55140377955	29,6275027344
18,44	0,139626340159	-1,06659009844	26,1260705932
18,45	0,139626340159	-0,921145994108	13,8710580985
18,46	0,12217304764	-0,872664625996	9,4269326883
18,47	0,12217304764	-0,824183257885	13,7363876314
18,48	0,10471975512	-0,678739153552	25,3180477912
18,49	0,10471975512	-0,193925472443	25,9914001261
18,5	0,10471975512	-0,0484813681109	17,5071607067
18,51	0,10471975512	0,0484813681109	17,6418311737
18,52	0,10471975512	0,193925472443	26,9340933949
18,53	0,10471975512	0,678739153552	29,8968436684
18,54	0,12217304764	0,872664625996	25,5873887253
18,55	0,12217304764	1,06659009844	29,7621732015
18,56	0,139626340159	1,55140377955	25,9914001262
18,57	0,157079632679	1,69684788388	13,0630352965
18,58	0,174532925199	1,74532925199	5,79083007981
18,59	0,191986217719	1,74532925199	6,46418241479
18,6	0,209439510239	1,7938106201	16,699137905
18,61	0,226892802759	1,98773609255	33,2636053429
18,62	0,244346095279	2,56951250988	38,2464126209
18,63	0,279252680319	3,05432619099	17,5071607067
18,64	0,314159265359	2,81191935044	5,25214821194
18,65	0,331612557879	2,86040071854	17,9111721076
18,66	0,366519142919	3,29673303154	21,412604249
18,67	0,401425727959	3,44217713588	11,9856715608
18,68	0,436332312999	3,49065850399	4,71346634414
18,69	0,471238898038	3,49065850399	1,88538653765
18,7	0,506145483078	3,49065850399	4,71346634411
18,71	0,541052068118	3,5391398721	11,9856715607
18,72	0,575958653158	3,68458397643	21,277933782
18,73	0,610865238198	4,12091628943	16,9684788388
18,74	0,663225115758	4,16939765754	0,538681867899
18,75	0,698131700798	3,87850944888	4,57879587714
18,76	0,733038285838	4,21787902565	12,3896829617
18,77	0,785398163397	4,31484176187	4,44412541017
18,78	0,820304748437	4,31484176187	-4,30945494316
18,79	0,872664625997	4,21787902565	-11,4469896928
18,8	0,907571211037	3,87850944888	7,98299697951E-011
18,81	0,942477796077	4,21787902565	11,4469896928
18,82	0,994837673637	4,31484176187	4,30945494311
18,83	1,02974425868	4,31484176187	-4,44412541022
18,84	1,08210413624	4,21787902565	-12,3896829617
18,85	1,11701072128	3,87850944888	-4,57879587714
18,86	1,15191730632	4,16939765754	-0,538681867899
18,87	1,20427718388	4,12091628943	-16,9684788388
18,88	1,23918376892	3,68458397643	-21,277933782
18,89	1,27409035396	3,5391398721	-12,1203420277
18,9	1,308996939	3,49065850399	-5,52148914598
18,91	1,34390352404	3,49065850399	-5,65615961299
18,92	1,37881010908	3,44217713588	-12,9283648296
18,93	1,41371669412	3,29673303154	-25,0487068573
18,94	1,44862327916	2,81191935044	-25,1833773242
18,95	1,46607657168	2,6664752461	-13,7363876314
18,96	1,50098315672	2,61799387799	-9,42693268822
18,97	1,51843644923	2,56951250988	-13,7363876314
18,98	1,55334303427	2,42406840555	-25,3180477913
18,99	1,57079632679	1,93925472444	-25,9914001261
19	1,58824961931	1,79381062011	-17,5071607067
19,01	1,60570291183	1,69684788388	-17,5071607068
19,02	1,62315620435	1,55140377955	-25,9914001262
19,03	1,64060949687	1,06659009844	-25,3180477913
19,04	1,64060949687	0,921145994107	-13,7363876314
19,05	1,65806278939	0,872664625996	-9,42693268823
19,06	1,65806278939	0,824183257885	-13,7363876314
19,07	1,67551608191	0,678739153552	-25,3180477912
19,08	1,67551608191	0,193925472443	-25,9914001261
19,09	1,67551608191	0,0484813681109	-17,5071607067
19,1	1,67551608191	-0,0484813681109	-17,6418311737
19,11	1,67551608191	-0,193925472443	-26,9340933949
19,12	1,67551608191	-0,678739153552	-29,8968436684
19,13	1,65806278939	-0,872664625996	-25,5873887252
19,14	1,65806278939	-1,06659009844	-29,7621732014
19,15	1,64060949687	-1,55140377955	-26,1260705932
19,16	1,62315620435	-1,69684788388	-13,8710580985
19,17	1,60570291183	-1,745329252	-9,42693268833
19,18	1,58824961931	-1,79381062011	-13,7363876314
19,19	1,57079632679	-1,93925472444	-25,1833773243
19,2	1,55334303427	-2,42406840555	-25,1833773243
19,21	1,51843644923	-2,56951250988	-13,7363876314
19,22	1,50098315672	-2,61799387799	-9,42693268822
19,23	1,46607657168	-2,6664752461	-13,7363876314
19,24	1,44862327916	-2,81191935044	-25,1833773242
19,25	1,41371669412	-3,29673303154	-25,0487068573
19,26	1,37881010908	-3,44217713588	-12,7936943627
19,27	1,34390352404	-3,49065850399	-4,84813681114
19,28	1,308996939	-3,49065850399	-1,88538653767
19,29	1,27409035396	-3,49065850399	-4,71346634412
19,3	1,23918376892	-3,5391398721	-11,9856715607
19,31	1,20427718388	-3,68458397643	-21,277933782
19,32	1,16937059884	-4,12091628943	-16,9684788388
19,33	1,11701072128	-4,16939765754	-0,538681867904
19,34	1,08210413624	-3,87850944888	-4,71346634414
19,35	1,0471975512	-4,21787902565	-13,1977057636
19,36	0,994837673637	-4,31484176187	-8,08022801856
19,37	0,959931088597	-4,36332312999	-2,96275027344
19,38	0,907571211037	-4,36332312999	2,96275027352
19,39	0,872664625997	-4,31484176187	8,08022801853
19,4	0,820304748437	-4,21787902565	13,0630352966
19,41	0,785398163397	-3,87850944888	3,77077307529
19,42	0,750491578357	-4,16939765754	-4,04011400924
19,43	0,698131700798	-4,16939765754	5,11747774504
19,44	0,663225115758	-3,87850944888	0,942693268822
19,45	0,628318530718	-4,16939765754	-0,269340933949
19,46	0,575958653158	-4,12091628943	16,8338083718
19,47	0,541052068118	-3,68458397643	21,412604249
19,48	0,506145483078	-3,5391398721	12,9283648296
19,49	0,471238898038	-3,49065850399	9,15759175428
19,5	0,436332312999	-3,44217713588	12,9283648296
19,51	0,401425727959	-3,29673303154	21,547274716
19,52	0,366519142919	-2,86040071855	17,7765016407
19,53	0,349065850399	-2,81191935043	4,30945494321
19,54	0,314159265359	-3,05432619099	12,9283648295
19,55	0,279252680319	-2,61799387799	26,3954115271
19,56	0,261799387799	-2,18166156499	12,9283648296
19,57	0,244346095279	-2,42406840555	4,44412541015
19,58	0,209439510239	-2,37558703744	18,7191949096
19,59	0,191986217719	-1,93925472444	26,1260705931
19,6	0,174532925199	-1,74532925199	24,7793659233
19,61	0,157079632679	-1,55140377955	29,6275027344
19,62	0,139626340159	-1,06659009844	26,1260705932
19,63	0,139626340159	-0,921145994108	13,8710580985
19,64	0,12217304764	-0,872664625996	9,4269326883
19,65	0,12217304764	-0,824183257885	13,8710580984
19,66	0,10471975512	-0,678739153552	26,1260705931
19,67	0,10471975512	-0,193925472443	29,7621732014
19,68	0,10471975512	0	25,7220591922
19,69	0,10471975512	0,193925472443	30,5701960032
19,7	0,10471975512	0,678739153552	29,7621732014
19,71	0,12217304764	0,872664625996	21,1432633151
19,72	0,12217304764	1,01810873033	17,9111721078
19,73	0,139626340159	1,35747830711	5,79083007999
19,74	0,157079632679	1,06659009844	1,61604560362
19,75	0,157079632679	1,11507146655	21,6819451828
19,76	0,174532925199	1,59988514766	34,0716281446
19,77	0,191986217719	1,89077335633	37,0343784181
19,78	0,209439510239	2,42406840555	29,7621732015
19,79	0,244346095279	2,56951250988	14,5444104333
19,8	0,261799387799	2,61799387799	8,61890988641
19,81	0,296705972839	2,6664752461	9,15759175436
19,82	0,314159265359	2,76343798233	13,3323762305
19,83	0,349065850399	3,1028075591	4,84813681106
19,84	0,383972435439	2,81191935044	1,48137513665
19,85	0,401425727959	2,86040071854	21,5472747159
19,86	0,436332312999	3,34521439966	33,1289348758
19,87	0,471238898038	3,63610260832	32,4555825409
19,88	0,506145483078	4,12091628943	17,7765016407
19,89	0,558505360638	4,12091628943	-6,73352334873
19,9	0,593411945678	3,73306534454	-8,21489848545
19,91	0,628318530718	3,73306534454	9,42693268822
19,92	0,663225115758	4,12091628943	12,3896829617
19,93	0,715584993318	4,16939765754	-0,404011400919
19,94	0,750491578357	3,87850944888	4,57879587717
19,95	0,785398163397	4,21787902565	13,2785080438
19,96	0,837758040957	4,31484176187	8,72664626044
19,97	0,872664625997	4,36332312999	6,65272106982
19,98	0,925024503557	4,39241195087	8,96905310327
19,99	0,959931088597	4,46028586627	19,0020028947
20	1,01229096616	4,84813681121	29,6813709274
