Vernier Format 2
Файл.gmbl 07.12.2019 14:38:43 ,
Новый
Время	Угол	Скорость	Ускорение
t	Угол	v	a
с	rad	rad/с	rad/с²

0	0	0	0
0,01	0	0	0
0,02	0	0	0
0,03	0	0	0
0,04	0	0	0
0,05	0	0	0
0,06	0	0	0
0,07	0	0	0
0,08	0	0	0
0,09	0	0	0
0,1	0	0	0
0,11	0	0	0
0,12	0	0	0
0,13	0	0	0
0,14	0	0	0
0,15	0	0	0
0,16	0	0	0
0,17	0	0	0
0,18	0	0	0
0,19	0	0	0
0,2	0	0	0
0,21	0	0	0
0,22	0	0	0
0,23	0	0	0
0,24	0	0	0
0,25	0	0	0
0,26	0	0	0
0,27	0	0	0
0,28	0	0	0
0,29	0	0	0
0,3	0	0	0
0,31	0	0	0
0,32	0	0	0
0,33	0	0	0
0,34	0	0	0
0,35	0	0	0
0,36	0	0	0
0,37	0	0	0
0,38	0	0	0
0,39	0	0	0
0,4	0	0	0
0,41	0	0	0
0,42	0	0	0
0,43	0	0	0
0,44	0	0	0
0,45	0	0	0
0,46	0	0	0
0,47	0	0	0
0,48	0	0	0
0,49	0	0	0
0,5	0	0	0,134670466976
0,51	0	0	0,942693268829
0,52	0	0	4,57879587717
0,53	0	0,0484813681112	11,8510010938
0,54	0	0,193925472445	20,3352405133
0,55	0	0,630257785446	12,2550124948
0,56	0,01745329252	0,630257785446	-12,2550124948
0,57	0,01745329252	0,193925472445	-20,3352405133
0,58	0,01745329252	0,0484813681112	-11,8510010938
0,59	0,01745329252	0	-4,57879587717
0,6	0,01745329252	0	-0,942693268829
0,61	0,01745329252	0	-0,134670466976
0,62	0,01745329252	0	0
0,63	0,01745329252	0	0
0,64	0,01745329252	0	0
0,65	0,01745329252	0	0
0,66	0,01745329252	0	0
0,67	0,01745329252	0	0
0,68	0,01745329252	0	0
0,69	0,01745329252	0	0
0,7	0,01745329252	0	0
0,71	0,01745329252	0	0
0,72	0,01745329252	0	0
0,73	0,01745329252	0	0
0,74	0,01745329252	0	0
0,75	0,01745329252	0	0
0,76	0,01745329252	0	0
0,77	0,01745329252	0	0
0,78	0,01745329252	0	0
0,79	0,01745329252	0	0
0,8	0,01745329252	0	0
0,81	0,01745329252	0	0
0,82	0,01745329252	0	0
0,83	0,01745329252	0	0
0,84	0,01745329252	0	0
0,85	0,01745329252	0	0
0,86	0,01745329252	0	0
0,87	0,01745329252	0	0
0,88	0,01745329252	0	0
0,89	0,01745329252	0	0
0,9	0,01745329252	0	0
0,91	0,01745329252	0	0
0,92	0,01745329252	0	0
0,93	0,01745329252	0	0
0,94	0,01745329252	0	0
0,95	0,01745329252	0	0
0,96	0,01745329252	0	0
0,97	0,01745329252	0	0
0,98	0,01745329252	0	0
0,99	0,01745329252	0	0
1	0,01745329252	0	0
1,01	0,01745329252	0	0
1,02	0,01745329252	0	0
1,03	0,01745329252	0	0
1,04	0,01745329252	0	0
1,05	0,01745329252	0	0
1,06	0,01745329252	0	0
1,07	0,01745329252	0	0
1,08	0,01745329252	0	0
1,09	0,01745329252	0	0
1,1	0,01745329252	0	0
1,11	0,01745329252	0	0
1,12	0,01745329252	0	0
1,13	0,01745329252	0	0
1,14	0,01745329252	0	0
1,15	0,01745329252	0	0
1,16	0,01745329252	0	0
1,17	0,01745329252	0	0
1,18	0,01745329252	0	0
1,19	0,01745329252	0	0
1,2	0,01745329252	0	0
1,21	0,01745329252	0	0
1,22	0,01745329252	0	0
1,23	0,01745329252	0	0
1,24	0,01745329252	0	0
1,25	0,01745329252	0	0
1,26	0,01745329252	0	0
1,27	0,01745329252	0	0
1,28	0,01745329252	0	0
1,29	0,01745329252	0	0
1,3	0,01745329252	0	0
1,31	0,01745329252	0	0
1,32	0,01745329252	0	0
1,33	0,01745329252	0	0
1,34	0,01745329252	0	0
1,35	0,01745329252	0	0
1,36	0,01745329252	0	0
1,37	0,01745329252	0	0
1,38	0,01745329252	0	0
1,39	0,01745329252	0	0
1,4	0,01745329252	0	0
1,41	0,01745329252	0	0
1,42	0,01745329252	0	0
1,43	0,01745329252	0	0
1,44	0,01745329252	0	0
1,45	0,01745329252	0	0
1,46	0,01745329252	0	0
1,47	0,01745329252	0	0
1,48	0,01745329252	0	0
1,49	0,01745329252	0	0
1,5	0,01745329252	0	0
1,51	0,01745329252	0	0
1,52	0,01745329252	0	0
1,53	0,01745329252	0	0
1,54	0,01745329252	0	0
1,55	0,01745329252	0	0
1,56	0,01745329252	0	0
1,57	0,01745329252	0	0
1,58	0,01745329252	0	0
1,59	0,01745329252	0	0
1,6	0,01745329252	0	0
1,61	0,01745329252	0	0
1,62	0,01745329252	0	0
1,63	0,01745329252	0	0
1,64	0,01745329252	0	0
1,65	0,01745329252	0	0
1,66	0,01745329252	0	0
1,67	0,01745329252	0	0
1,68	0,01745329252	0	0
1,69	0,01745329252	0	0
1,7	0,01745329252	0	0
1,71	0,01745329252	0	0
1,72	0,01745329252	0	0
1,73	0,01745329252	0	0
1,74	0,01745329252	0	0
1,75	0,01745329252	0	0
1,76	0,01745329252	0	0
1,77	0,01745329252	0	0
1,78	0,01745329252	0	0
1,79	0,01745329252	0	0,134670466975
1,8	0,01745329252	0	0,942693268823
1,81	0,01745329252	0	4,57879587714
1,82	0,01745329252	0,0484813681109	11,9856715607
1,83	0,01745329252	0,193925472444	21,412604249
1,84	0,01745329252	0,630257785441	17,9111721076
1,85	0,0349065850399	0,678739153552	5,25214821201
1,86	0,0349065850399	0,436332312998	17,5071607067
1,87	0,0349065850399	0,921145994107	38,2464126208
1,88	0,0523598775599	1,50292241144	33,3982758098
1,89	0,0698131700798	1,69684788388	17,6418311738
1,9	0,0872664625997	1,745329252	11,177648759
1,91	0,10471975512	1,79381062011	18,5845244425
1,92	0,12217304764	1,98773609255	37,9770716869
1,93	0,13962634016	2,61799387799	50,0974137147
1,94	0,1745329252	3,24825166343	37,8424012199
1,95	0,209439510239	3,44217713588	17,6418311737
1,96	0,244346095279	3,49065850399	6,59885288168
1,97	0,279252680319	3,49065850399	5,79083007991
1,98	0,314159265359	3,5391398721	13,0630352966
1,99	0,349065850399	3,68458397643	25,9914001262
2	0,383972435439	4,16939765754	29,7621732015
2,01	0,436332312999	4,36332312999	25,5873887253
2,02	0,471238898038	4,55724860243	29,7621732015
2,03	0,523598775598	5,04206228354	25,9914001262
2,04	0,575958653158	5,18750638787	12,9283648295
2,05	0,628318530718	5,23598775598	4,84813681101
2,06	0,680678408278	5,23598775598	1,88538653765
2,07	0,733038285838	5,23598775598	4,71346634411
2,08	0,785398163398	5,28446912409	11,9856715607
2,09	0,837758040957	5,42991322843	21,2779337821
2,1	0,890117918517	5,86624554143	16,8338083719
2,11	0,959931088597	5,91472690954	-0,269340934005
2,12	1,01229096616	5,62383870087	0,942693268767
2,13	1,06465084372	5,91472690953	4,98280727812
2,14	1,1344640138	5,91472690954	-4,98280727801
2,15	1,18682389136	5,62383870087	-0,808022801909
2,16	1,23918376892	5,91472690953	1,21203420269
2,17	1,308996939	5,86624554142	-12,2550124947
2,18	1,36135681656	5,47839459654	-9,42693268823
2,19	1,41371669412	5,47839459654	8,21489848545
2,2	1,46607657168	5,86624554142	6,73352334881
2,21	1,53588974175	5,86624554143	-17,7765016406
2,22	1,58824961931	5,38143186032	-32,455582541
2,23	1,64060949687	5,09054365165	-33,2636053428
2,24	1,69296937443	4,60572997054	-22,3552975178
2,25	1,72787595947	4,55724860243	-5,25214821204
2,26	1,78023583703	4,79965544298	-13,0630352966
2,27	1,83259571459	4,36332312999	-26,3954115271
2,28	1,86750229963	3,92699081699	-13,0630352966
2,29	1,90240888467	4,16939765754	-5,25214821202
2,3	1,95476876223	4,12091628943	-22,4899679848
2,31	1,98967534727	3,63610260832	-34,2062986116
2,32	2,02458193231	3,34521439966	-37,0343784181
2,33	2,05948851735	2,81191935043	-29,7621732014
2,34	2,07694180987	2,6664752461	-14,8137513671
2,35	2,11184839491	2,61799387799	-10,504296424
2,36	2,12930168743	2,56951250988	-18,3151835086
2,37	2,16420827247	2,37558703744	-37,1690488852
2,38	2,18166156499	1,74532925199	-46,4613111064
2,39	2,19911485751	1,16355283466	-30,7048664702
2,4	2,19911485751	1,06659009844	-9,96561455602
2,41	2,21656815003	1,308996939	-18,4498539755
2,42	2,23402144255	0,824183257889	-38,5157535548
2,43	2,23402144255	0,242406840556	-34,2062986117
2,44	2,23402144255	0,0484813681112	-21,2779337821
2,45	2,23402144255	-0,0484813681112	-18,4498539756
2,46	2,23402144255	-0,193925472445	-27,068763862
2,47	2,23402144255	-0,678739153556	-29,8968436685
2,48	2,21656815003	-0,872664626	-25,7220591921
2,49	2,21656815003	-1,06659009844	-30,7048664701
2,5	2,19911485751	-1,55140377955	-30,7048664702
2,51	2,18166156499	-1,74532925199	-25,8567296592
2,52	2,16420827247	-1,93925472444	-30,7048664703
2,53	2,14675497995	-2,42406840555	-30,7048664702
2,54	2,11184839491	-2,61799387799	-25,7220591922
2,55	2,09439510239	-2,81191935044	-29,7621732015
2,56	2,05948851735	-3,29673303155	-26,1260705931
2,57	2,02458193231	-3,44217713588	-13,8710580984
2,58	1,98967534727	-3,49065850399	-9,42693268823
2,59	1,95476876223	-3,5391398721	-13,8710580984
2,6	1,91986217719	-3,68458397643	-25,9914001261
2,61	1,88495559215	-4,16939765754	-28,8194799326
2,62	1,83259571459	-4,36332312999	-21,0085928481
2,63	1,79768912955	-4,50876723432	-17,9111721077
2,64	1,74532925199	-4,8481368111	-5,79083007991
2,65	1,69296937443	-4,55724860243	-1,61604560362
2,66	1,65806278939	-4,60572997054	-21,5472747159
2,67	1,60570291183	-5,09054365165	-33,1289348758
2,68	1,55334303428	-5,38143186031	-32,455582541
2,69	1,50098315672	-5,86624554143	-17,7765016407
2,7	1,43116998664	-5,86624554143	6,73352334878
2,71	1,37881010908	-5,47839459654	8,21489848551
2,72	1,32645023152	-5,47839459654	-9,42693268828
2,73	1,27409035396	-5,86624554143	-12,2550124948
2,74	1,20427718388	-5,91472690954	1,3467046698
2,75	1,15191730632	-5,62383870087	0,134670467031
2,76	1,09955742876	-5,91472690953	-0,538681867955
2,77	1,02974425868	-5,86624554143	15,891115103
2,78	0,977384381117	-5,42991322843	16,6991379049
2,79	0,925024503557	-5,3329504922	0,134670467031
2,8	0,872664625997	-5,42991322843	-15,6217741691
2,81	0,820304748437	-5,86624554143	-10,3696259571
2,82	0,750491578358	-5,86624554143	16,9684788389
2,83	0,698131700798	-5,38143186031	32,3209120741
2,84	0,645771823238	-5,09054365165	33,1289348758
2,85	0,593411945678	-4,60572997054	21,5472747159
2,86	0,558505360638	-4,55724860243	1,61604560362
2,87	0,506145483078	-4,8481368111	5,79083007991
2,88	0,453785605519	-4,50876723432	17,9111721077
2,89	0,418879020479	-4,36332312999	21,0085928481
2,9	0,366519142919	-4,16939765754	28,9541503996
2,91	0,331612557879	-3,68458397643	26,799422928
2,92	0,296705972839	-3,5391398721	17,6418311737
2,93	0,261799387799	-3,44217713588	17,6418311737
2,94	0,226892802759	-3,29673303154	26,934093395
2,95	0,191986217719	-2,81191935043	29,8968436684
2,96	0,1745329252	-2,61799387799	25,7220591921
2,97	0,13962634016	-2,42406840555	30,7048664703
2,98	0,12217304764	-1,93925472444	30,7048664702
2,99	0,10471975512	-1,745329252	25,7220591922
3	0,0872664625997	-1,55140377955	29,7621732015
3,01	0,0698131700798	-1,06659009844	26,1260705932
3,02	0,0698131700798	-0,921145994107	14,0057285654
3,03	0,0523598775599	-0,872664625996	10,3696259571
3,04	0,0523598775599	-0,824183257885	18,4498539755
3,05	0,0349065850399	-0,630257785441	37,9770716869
3,06	0,0349065850399	0	50,0974137146
3,07	0,0349065850399	0,630257785441	37,9770716869
3,08	0,0523598775599	0,824183257885	18,4498539755
3,09	0,0523598775599	0,872664625996	10,5042964241
3,1	0,0698131700798	0,921145994107	14,8137513673
3,11	0,0698131700798	1,06659009844	29,8968436685
3,12	0,0872664625997	1,59988514766	37,977071687
3,13	0,10471975512	1,89077335633	38,6504240217
3,14	0,12217304764	2,42406840555	33,6676167437
3,15	0,157079632679	2,61799387799	22,8939793858
3,16	0,1745329252	2,76343798233	22,6246384518
3,17	0,209439510239	3,15128892721	17,5071607067
3,18	0,244346095279	3,00584482288	21,1432633149
3,19	0,261799387799	3,49065850399	30,3008550693
3,2	0,314159265359	3,92699081699	14,5444104333
3,21	0,349065850399	3,68458397643	8,21489848551
3,22	0,383972435439	3,78154671265	25,9914001262
3,23	0,418879020479	4,31484176187	34,6103100126
3,24	0,471238898038	4,79965544298	16,6991379049
3,25	0,523598775598	4,55724860243	5,11747774506
3,26	0,558505360638	4,60572997054	17,9111721076
3,27	0,610865238198	5,04206228354	21,547274716
3,28	0,663225115758	5,18750638787	12,9283648296
3,29	0,715584993318	5,23598775598	9,15759175427
3,3	0,767944870877	5,28446912409	12,9283648296
3,31	0,820304748437	5,42991322843	21,412604249
3,32	0,872664625997	5,86624554143	16,8338083718
3,33	0,942477796077	5,91472690953	-0,40401140098
3,34	0,994837673637	5,62383870087	0,134670467031
3,35	1,0471975512	5,91472690954	1,3467046698
3,36	1,11701072128	5,86624554143	-12,2550124948
3,37	1,16937059884	5,47839459654	-9,42693268828
3,38	1,2217304764	5,47839459654	8,34956895249
3,39	1,27409035396	5,86624554143	7,67621661761
3,4	1,34390352404	5,86624554143	-13,1977057636
3,41	1,3962634016	5,42991322843	-20,4699109802
3,42	1,44862327916	5,28446912409	-11,8510010938
3,43	1,50098315672	5,23598775598	-4,71346634412
3,44	1,55334303428	5,23598775598	-1,88538653768
3,45	1,60570291183	5,23598775598	-4,84813681106
3,46	1,65806278939	5,18750638787	-12,9283648296
3,47	1,71042266695	5,04206228354	-25,8567296592
3,48	1,76278254451	4,55724860243	-28,8194799326
3,49	1,79768912955	4,36332312999	-21,1432633151
3,5	1,85004900711	4,21787902565	-18,8538653766
3,51	1,88495559215	3,87850944887	-10,2349554901
3,52	1,91986217719	4,12091628943	-12,6590238955
3,53	1,97222205475	3,92699081699	-38,2464126208
3,54	2,00712863979	3,05432619099	-38,2464126209
3,55	2,02458193231	2,86040071854	-12,6590238957
3,56	2,05948851735	3,1028075591	-10,2349554901
3,57	2,09439510239	2,76343798232	-18,9885358435
3,58	2,11184839491	2,61799387799	-22,0859565839
3,59	2,14675497995	2,42406840555	-33,5329462767
3,6	2,16420827247	1,89077335633	-38,6504240218
3,61	2,18166156499	1,59988514766	-37,977071687
3,62	2,19911485751	1,06659009844	-29,8968436684
3,63	2,19911485751	0,921145994107	-14,8137513672
3,64	2,21656815003	0,872664625997	-10,5042964239
3,65	2,21656815003	0,824183257889	-18,4498539755
3,66	2,23402144255	0,630257785445	-37,977071687
3,67	2,23402144255	0	-50,0974137148
3,68	2,23402144255	-0,630257785445	-37,977071687
3,69	2,21656815003	-0,824183257889	-18,4498539755
3,7	2,21656815003	-0,872664625997	-10,5042964239
3,71	2,19911485751	-0,921145994107	-14,8137513672
3,72	2,19911485751	-1,06659009844	-29,8968436684
3,73	2,18166156499	-1,59988514766	-37,84240122
3,74	2,16420827247	-1,89077335633	-37,84240122
3,75	2,14675497995	-2,42406840555	-29,8968436684
3,76	2,11184839491	-2,56951250988	-14,6790809002
3,77	2,09439510239	-2,61799387799	-9,69627362221
3,78	2,05948851735	-2,6664752461	-14,6790809002
3,79	2,04203522483	-2,81191935043	-29,8968436684
3,8	2,00712863979	-3,34521439966	-37,84240122
3,81	1,97222205475	-3,63610260832	-37,8424012199
3,82	1,93731546971	-4,16939765754	-29,8968436684
3,83	1,88495559215	-4,31484176187	-14,6790809003
3,84	1,85004900711	-4,36332312999	-9,42693268831
3,85	1,79768912955	-4,4118044981	-12,9283648296
3,86	1,76278254451	-4,55724860243	-21,5472747159
3,87	1,71042266695	-4,99358091543	-17,7765016407
3,88	1,65806278939	-5,04206228354	-4,30945494319
3,89	1,60570291183	-4,79965544298	-12,7936943626
3,9	1,57079632679	-5,23598775598	-25,5873887252
3,91	1,50098315672	-5,67232006898	-9,15759175428
3,92	1,44862327916	-5,38143186031	3,90544354227
3,93	1,3962634016	-5,3329504922	-4,57879587722
3,94	1,34390352404	-5,42991322843	-16,8338083719
3,95	1,29154364648	-5,86624554143	-12,3896829616
3,96	1,2217304764	-5,86624554142	7,81088708459
3,97	1,16937059884	-5,47839459654	8,48423941935
3,98	1,11701072128	-5,47839459654	-8,48423941946
3,99	1,06465084372	-5,86624554143	-7,81088708447
4	0,994837673637	-5,86624554142	12,2550124948
4,01	0,942477796077	-5,42991322843	16,02578557
4,02	0,890117918517	-5,33295049221	0,942693268825
4,03	0,837758040957	-5,42991322843	-11,1776487589
4,04	0,785398163398	-5,81776417331	0,538681867866
4,05	0,715584993318	-5,67232006898	32,8595939418
4,06	0,663225115758	-4,79965544298	33,6676167437
4,07	0,628318530718	-4,65421133865	5,11747774496
4,08	0,575958653158	-4,99358091543	0,808022801816
4,09	0,523598775598	-4,94509954732	22,3552975179
4,1	0,471238898038	-4,4118044981	33,8022872108
4,11	0,436332312999	-3,92699081698	16,5644674379
4,12	0,401425727959	-4,16939765754	5,25214821191
4,13	0,349065850399	-4,12091628943	18,8538653765
4,14	0,314159265359	-3,68458397643	26,1260705932
4,15	0,279252680319	-3,49065850399	24,9140363904
4,16	0,244346095279	-3,29673303154	30,5701960032
4,17	0,209439510239	-2,81191935044	30,7048664702
4,18	0,191986217719	-2,61799387799	25,7220591922
4,19	0,157079632679	-2,42406840555	29,8968436685
4,2	0,13962634016	-1,93925472444	26,934093395
4,21	0,12217304764	-1,7938106201	17,6418311736
4,22	0,10471975512	-1,69684788388	17,6418311736
4,23	0,0872664625997	-1,55140377955	26,934093395
4,24	0,0698131700798	-1,06659009844	29,8968436685
4,25	0,0698131700798	-0,872664625996	25,5873887253
4,26	0,0523598775599	-0,678739153552	29,8968436684
4,27	0,0523598775599	-0,193925472444	27,0687638619
4,28	0,0523598775599	-0,0484813681109	18,4498539755
4,29	0,0523598775599	0,0484813681109	21,277933782
4,3	0,0523598775599	0,242406840554	34,3409690785
4,31	0,0523598775599	0,824183257885	39,3237763566
4,32	0,0698131700798	1,30899693899	22,0859565839
4,33	0,0872664625997	1,11507146655	17,2378197729
4,34	0,0872664625997	1,308996939	39,3237763567
4,35	0,10471975512	2,18166156499	39,1891058896
4,36	0,13962634016	2,37558703744	16,295126504
4,37	0,157079632679	2,18166156499	17,5071607068
4,38	0,1745329252	2,61799387799	27,4727752629
4,39	0,209439510239	3,05432619099	14,0057285653
4,4	0,244346095279	2,81191935044	9,02292128723
4,41	0,261799387799	2,90888208666	30,5701960033
4,42	0,296705972839	3,49065850399	46,4613111063
4,43	0,331612557879	4,12091628943	37,1690488851
4,44	0,383972435439	4,31484176187	18,3151835086
4,45	0,418879020479	4,36332312999	10,2349554901
4,46	0,471238898038	4,4118044981	12,9283648296
4,47	0,506145483078	4,55724860243	20,7392519141
4,48	0,558505360638	4,99358091543	14,1403990323
4,49	0,610865238198	4,99358091543	-2,96275027347
4,5	0,663225115758	4,65421133865	4,30945494324
4,51	0,698131700798	4,79965544298	33,5329462768
4,52	0,750491578358	5,67232006898	32,8595939419
4,53	0,820304748437	5,81776417332	0,538681867849
4,54	0,872664625997	5,42991322843	-11,177648759
4,55	0,925024503557	5,3329504922	1,07736373585
4,56	0,977384381117	5,42991322843	16,8338083719
4,57	1,02974425868	5,86624554143	15,891115103
4,58	1,09955742876	5,91472690953	-0,538681867955
4,59	1,15191730632	5,62383870087	5,61723507215E-011
4,6	1,20427718388	5,91472690954	0,404011400979
4,61	1,27409035396	5,86624554143	-16,8338083719
4,62	1,32645023152	5,42991322843	-21,2779337821
4,63	1,37881010908	5,28446912409	-11,9856715607
4,64	1,43116998664	5,23598775598	-4,57879587714
4,65	1,4835298642	5,23598775598	-1,07736373583
4,66	1,53588974175	5,23598775598	-1,07736373577
4,67	1,58824961931	5,23598775598	-4,71346634411
4,68	1,64060949687	5,18750638787	-12,7936943626
4,69	1,69296937443	5,04206228354	-25,0487068573
4,7	1,74532925199	4,55724860243	-25,1833773243
4,71	1,78023583703	4,4118044981	-13,7363876315
4,72	1,83259571459	4,36332312999	-9,56160315526
4,73	1,86750229963	4,31484176187	-14,6790809003
4,74	1,91986217719	4,16939765754	-29,8968436684
4,75	1,95476876223	3,63610260832	-37,8424012199
4,76	1,98967534727	3,34521439966	-37,8424012199
4,77	2,02458193231	2,81191935044	-29,8968436685
4,78	2,04203522483	2,6664752461	-14,6790809003
4,79	2,07694180987	2,61799387799	-9,56160315518
4,8	2,09439510239	2,56951250988	-13,8710580984
4,81	2,12930168743	2,42406840555	-26,1260705931
4,82	2,14675497995	1,93925472444	-29,7621732014
4,83	2,16420827247	1,745329252	-25,7220591923
4,84	2,18166156499	1,55140377955	-30,7048664704
4,85	2,19911485751	1,06659009844	-30,7048664703
4,86	2,19911485751	0,872664625996	-25,8567296592
4,87	2,21656815003	0,678739153552	-30,7048664702
4,88	2,21656815003	0,193925472444	-30,7048664702
4,89	2,21656815003	0	-25,8567296591
4,9	2,21656815003	-0,193925472444	-30,7048664702
4,91	2,21656815003	-0,678739153552	-30,7048664702
4,92	2,19911485751	-0,872664625996	-25,7220591922
4,93	2,19911485751	-1,06659009844	-29,7621732015
4,94	2,18166156499	-1,55140377955	-26,1260705932
4,95	2,16420827247	-1,69684788388	-14,0057285655
4,96	2,14675497995	-1,745329252	-10,23495549
4,97	2,12930168743	-1,7938106201	-17,5071607067
4,98	2,11184839491	-1,98773609255	-33,3982758098
4,99	2,09439510239	-2,56951250988	-38,3810830879
5	2,05948851735	-3,05432619099	-18,4498539755
5,01	2,02458193231	-2,81191935043	-9,83094408918
5,02	2,00712863979	-2,90888208666	-29,8968436685
5,03	1,97222205475	-3,49065850399	-42,825208498
5,04	1,93731546971	-4,07243492132	-29,7621732015
5,05	1,88495559215	-4,16939765754	-8,88825082039
5,06	1,85004900711	-3,92699081699	-13,8710580985
5,07	1,81514242207	-4,36332312999	-26,530081994
5,08	1,76278254451	-4,79965544298	-12,9283648295
5,09	1,71042266695	-4,55724860243	-4,44412541014
5,1	1,67551608191	-4,60572997054	-18,7191949095
5,11	1,62315620435	-5,04206228354	-25,9914001262
5,12	1,57079632679	-5,23598775599	-23,8366726546
5,13	1,51843644924	-5,42991322843	-24,9140363903
5,14	1,46607657168	-5,86624554142	-13,3323762304
5,15	1,3962634016	-5,86624554142	11,1776487589
5,16	1,34390352404	-5,42991322843	15,756444636
5,17	1,29154364648	-5,3329504922	8,79790067959E-012
5,18	1,23918376892	-5,42991322843	-15,8911151031
5,19	1,18682389136	-5,86624554143	-12,2550124948
5,2	1,11701072128	-5,86624554143	7,81088708459
5,21	1,06465084372	-5,47839459654	8,48423941946
5,22	1,01229096616	-5,47839459654	-8,48423941946
5,23	0,959931088597	-5,86624554143	-7,67621661761
5,24	0,890117918517	-5,86624554143	13,1977057636
5,25	0,837758040957	-5,42991322843	20,6045814472
5,26	0,785398163398	-5,28446912409	12,7936943626
5,27	0,733038285838	-5,23598775598	9,29226222126
5,28	0,680678408278	-5,18750638787	13,7363876315
5,29	0,628318530718	-5,04206228354	25,1833773242
5,3	0,575958653158	-4,55724860243	25,1833773243
5,31	0,541052068118	-4,4118044981	13,7363876315
5,32	0,488692190558	-4,36332312999	9,42693268828
5,33	0,453785605519	-4,31484176187	13,7363876314
5,34	0,401425727959	-4,16939765754	25,1833773243
5,35	0,366519142919	-3,68458397643	25,1833773243
5,36	0,331612557879	-3,5391398721	13,8710580984
5,37	0,296705972839	-3,49065850399	10,2349554901
5,38	0,261799387799	-3,44217713588	17,5071607068
5,39	0,226892802759	-3,24825166343	33,5329462768
5,4	0,191986217719	-2,6664752461	39,1891058897
5,41	0,1745329252	-2,18166156499	22,0859565838
5,42	0,157079632679	-2,37558703744	17,2378197728
5,43	0,12217304764	-2,18166156499	39,1891058897
5,44	0,10471975512	-1,308996939	38,3810830877
5,45	0,10471975512	-1,11507146655	12,6590238956
5,46	0,0872664625997	-1,35747830711	10,3696259571
5,47	0,0698131700798	-1,01810873033	19,7965586454
5,48	0,0698131700798	-0,872664625996	25,7220591922
5,49	0,0523598775599	-0,630257785441	40,8051514934
5,5	0,0523598775599	0	47,2693339081
5,51	0,0523598775599	0,581776417331	30,8395369372
5,52	0,0698131700798	0,678739153552	9,96561455616
5,53	0,0698131700798	0,436332312998	18,4498539756
5,54	0,0698131700798	0,921145994108	38,5157535549
5,55	0,0872664625997	1,50292241144	34,2062986117
5,56	0,10471975512	1,69684788388	21,2779337819
5,57	0,12217304764	1,7938106201	18,4498539755
5,58	0,13962634016	1,93925472444	27,068763862
5,59	0,157079632679	2,42406840555	29,8968436685
5,6	0,191986217719	2,61799387799	25,5873887252
5,61	0,209439510239	2,81191935044	29,7621732014
5,62	0,244346095279	3,29673303154	26,126070593
5,63	0,279252680319	3,44217713588	13,8710580984
5,64	0,314159265359	3,49065850399	9,42693268831
5,65	0,349065850399	3,5391398721	13,8710580984
5,66	0,383972435439	3,68458397643	26,1260705931
5,67	0,418879020479	4,16939765754	29,6275027345
5,68	0,471238898038	4,36332312999	24,6446954564
5,69	0,506145483078	4,55724860243	25,3180477912
5,7	0,558505360638	4,99358091543	15,0830923011
5,71	0,610865238198	4,99358091543	-2,82807980649
5,72	0,663225115758	4,65421133865	4,30945494324
5,73	0,698131700798	4,79965544298	33,5329462768
5,74	0,750491578358	5,67232006898	32,8595939419
5,75	0,820304748437	5,81776417332	0,538681867849
5,76	0,872664625997	5,42991322843	-11,177648759
5,77	0,925024503557	5,3329504922	0,942693268879
5,78	0,977384381117	5,42991322843	16,02578557
5,79	1,02974425868	5,86624554143	12,2550124946
5,8	1,09955742876	5,86624554142	-7,81088708459
5,81	1,15191730632	5,47839459654	-8,48423941935
5,82	1,20427718388	5,47839459654	8,48423941946
5,83	1,25663706144	5,86624554143	7,6762166175
5,84	1,32645023152	5,86624554142	-13,1977057636
5,85	1,37881010908	5,42991322843	-20,4699109801
5,86	1,43116998664	5,2844691241	-11,9856715608
5,87	1,4835298642	5,23598775598	-5,52148914599
5,88	1,53588974175	5,23598775598	-5,6561596129
5,89	1,58824961931	5,18750638787	-12,9283648296
5,9	1,64060949687	5,04206228354	-25,0487068573
5,91	1,69296937443	4,55724860243	-25,1833773242
5,92	1,72787595947	4,4118044981	-13,7363876314
5,93	1,78023583703	4,36332312999	-9,42693268831
5,94	1,81514242207	4,31484176187	-13,7363876315
5,95	1,86750229963	4,16939765754	-25,3180477913
5,96	1,90240888467	3,68458397643	-25,9914001261
5,97	1,93731546971	3,5391398721	-17,5071607067
5,98	1,97222205475	3,44217713588	-17,5071607068
5,99	2,00712863979	3,29673303154	-25,9914001262
6	2,04203522483	2,81191935043	-25,4527182582
6,01	2,05948851735	2,6664752461	-14,6790809002
6,02	2,09439510239	2,61799387799	-14,0057285654
6,03	2,11184839491	2,52103114177	-25,7220591922
6,04	2,14675497995	2,23014293311	-46,5959815732
6,05	2,16420827247	1,308996939	-42,8252084981
6,06	2,16420827247	1,11507146655	-17,1031493059
6,07	2,18166156499	1,30899693899	-17,7765016407
6,08	2,19911485751	0,872664625996	-28,2807980647
6,09	2,19911485751	0,436332312998	-17,7765016407
6,1	2,19911485751	0,630257785441	-17,1031493058
6,11	2,21656815003	0,436332312998	-42,8252084979
6,12	2,21656815003	-0,484813681109	-46,5959815732
6,13	2,19911485751	-0,775701889774	-25,7220591922
6,14	2,19911485751	-0,872664625996	-14,0057285654
6,15	2,18166156499	-0,921145994107	-14,8137513673
6,16	2,18166156499	-1,06659009844	-26,2607410602
6,17	2,16420827247	-1,55140377955	-29,7621732015
6,18	2,14675497995	-1,745329252	-25,7220591922
6,19	2,12930168743	-1,93925472444	-30,7048664702
6,2	2,11184839491	-2,42406840555	-30,7048664703
6,21	2,07694180987	-2,61799387799	-25,7220591921
6,22	2,05948851735	-2,81191935043	-29,7621732014
6,23	2,02458193231	-3,29673303154	-26,1260705932
6,24	1,98967534727	-3,44217713588	-13,8710580984
6,25	1,95476876223	-3,49065850399	-9,4269326882
6,26	1,91986217719	-3,5391398721	-13,8710580983
6,27	1,88495559215	-3,68458397643	-26,1260705931
6,28	1,85004900711	-4,16939765754	-29,6275027346
6,29	1,79768912955	-4,36332312999	-24,7793659234
6,3	1,76278254451	-4,55724860243	-26,1260705931
6,31	1,71042266695	-4,99358091543	-18,7191949095
6,32	1,65806278939	-5,04206228354	-4,44412541017
6,33	1,60570291183	-4,79965544298	-12,7936943626
6,34	1,57079632679	-5,23598775598	-25,4527182582
6,35	1,50098315672	-5,67232006898	-8,21489848546
6,36	1,44862327916	-5,38143186031	8,34956895246
6,37	1,3962634016	-5,28446912409	6,32951194778
6,38	1,34390352404	-5,23598775598	-0,942693268828
6,39	1,29154364648	-5,28446912409	-11,0429782919
6,4	1,23918376892	-5,42991322843	-20,3352405133
6,41	1,18682389136	-5,86624554143	-13,1977057636
6,42	1,11701072128	-5,86624554143	7,67621661761
6,43	1,06465084372	-5,47839459654	8,48423941946
6,44	1,01229096616	-5,47839459654	-8,48423941946
6,45	0,959931088597	-5,86624554143	-7,67621661761
6,46	0,890117918517	-5,86624554143	13,3323762306
6,47	0,837758040957	-5,42991322843	21,4126042491
6,48	0,785398163398	-5,28446912409	16,4297969709
6,49	0,733038285838	-5,18750638787	16,5644674379
6,5	0,680678408278	-5,04206228354	22,2206270509
6,51	0,628318530718	-4,60572997054	17,1031493058
6,52	0,593411945678	-4,55724860243	0,673352334898
6,53	0,541052068118	-4,84813681109	5,65615961302
6,54	0,488692190558	-4,50876723432	17,9111721077
6,55	0,453785605519	-4,36332312999	21,0085928481
6,56	0,401425727959	-4,16939765754	28,9541503996
6,57	0,366519142919	-3,68458397643	26,799422928
6,58	0,331612557879	-3,5391398721	17,6418311737
6,59	0,296705972839	-3,44217713588	17,6418311737
6,6	0,261799387799	-3,29673303155	26,934093395
6,61	0,226892802759	-2,81191935044	29,8968436685
6,62	0,209439510239	-2,61799387799	25,5873887252
6,63	0,1745329252	-2,42406840555	29,8968436684
6,64	0,157079632679	-1,93925472444	26,934093395
6,65	0,13962634016	-1,7938106201	17,6418311737
6,66	0,12217304764	-1,69684788388	17,6418311736
6,67	0,10471975512	-1,55140377955	26,9340933949
6,68	0,0872664625997	-1,06659009844	29,8968436685
6,69	0,0872664625997	-0,872664625997	25,5873887253
6,7	0,0698131700798	-0,678739153553	29,8968436685
6,71	0,0698131700798	-0,193925472444	27,0687638619
6,72	0,0698131700798	-0,0484813681109	18,4498539755
6,73	0,0698131700798	0,0484813681109	21,277933782
6,74	0,0698131700798	0,242406840555	34,3409690786
6,75	0,0698131700798	0,824183257886	39,3237763567
6,76	0,0872664625997	1,308996939	22,0859565839
6,77	0,10471975512	1,11507146655	17,2378197727
6,78	0,10471975512	1,308996939	39,1891058896
6,79	0,12217304764	2,18166156499	38,3810830878
6,8	0,157079632679	2,37558703744	12,6590238957
6,81	0,1745329252	2,13318019688	10,2349554901
6,82	0,191986217719	2,47254977366	18,9885358434
6,83	0,226892802759	2,61799387799	22,0859565839
6,84	0,244346095279	2,81191935044	33,3982758097
6,85	0,279252680319	3,34521439965	37,84240122
6,86	0,314159265359	3,63610260832	34,3409690787
6,87	0,349065850399	4,12091628943	22,4899679848
6,88	0,401425727959	4,16939765754	5,2521482119
6,89	0,436332312999	3,92699081698	13,0630352965
6,9	0,471238898038	4,36332312999	26,3954115272
6,91	0,523598775598	4,79965544299	12,9283648296
6,92	0,575958653158	4,55724860243	4,30945494319
6,93	0,610865238198	4,60572997054	17,7765016407
6,94	0,663225115758	5,04206228354	21,412604249
6,95	0,715584993318	5,18750638787	12,1203420277
6,96	0,767944870877	5,23598775598	5,52148914599
6,97	0,820304748437	5,23598775598	5,52148914597
6,98	0,872664625997	5,28446912409	11,9856715607
6,99	0,925024503557	5,42991322843	20,4699109802
7	0,977384381117	5,86624554143	13,1977057636
7,01	1,0471975512	5,86624554143	-7,67621661761
7,02	1,09955742876	5,47839459654	-8,48423941946
7,03	1,15191730632	5,47839459654	8,48423941946
7,04	1,20427718388	5,86624554143	7,67621661761
7,05	1,27409035396	5,86624554143	-13,1977057636
7,06	1,32645023152	5,42991322843	-20,4699109802
7,07	1,37881010908	5,28446912409	-11,8510010938
7,08	1,43116998664	5,23598775598	-4,71346634412
7,09	1,4835298642	5,23598775598	-1,88538653768
7,1	1,53588974175	5,23598775598	-4,84813681106
7,11	1,58824961931	5,18750638787	-12,7936943626
7,12	1,64060949687	5,04206228354	-25,0487068573
7,13	1,69296937443	4,55724860243	-25,1833773242
7,14	1,72787595947	4,4118044981	-13,7363876314
7,15	1,78023583703	4,36332312999	-9,42693268831
7,16	1,81514242207	4,31484176187	-13,7363876315
7,17	1,86750229963	4,16939765754	-25,3180477913
7,18	1,90240888467	3,68458397643	-25,9914001261
7,19	1,93731546971	3,5391398721	-17,5071607067
7,2	1,97222205475	3,44217713588	-17,6418311737
7,21	2,00712863979	3,29673303154	-26,934093395
7,22	2,04203522483	2,81191935043	-29,8968436684
7,23	2,05948851735	2,61799387799	-25,5873887252
7,24	2,09439510239	2,42406840555	-29,8968436685
7,25	2,11184839491	1,93925472444	-26,934093395
7,26	2,12930168743	1,7938106201	-17,6418311736
7,27	2,14675497995	1,69684788388	-17,6418311736
7,28	2,16420827247	1,55140377955	-26,934093395
7,29	2,18166156499	1,06659009844	-29,8968436685
7,3	2,18166156499	0,872664625996	-25,7220591922
7,31	2,19911485751	0,678739153552	-30,7048664703
7,32	2,19911485751	0,193925472444	-30,7048664702
7,33	2,19911485751	0	-25,8567296591
7,34	2,19911485751	-0,193925472444	-30,7048664702
7,35	2,19911485751	-0,678739153552	-30,7048664703
7,36	2,18166156499	-0,872664625996	-25,7220591922
7,37	2,18166156499	-1,06659009844	-29,8968436685
7,38	2,16420827247	-1,55140377955	-26,934093395
7,39	2,14675497995	-1,69684788388	-17,6418311736
7,4	2,12930168743	-1,7938106201	-17,6418311736
7,41	2,11184839491	-1,93925472444	-26,934093395
7,42	2,09439510239	-2,42406840555	-29,8968436685
7,43	2,05948851735	-2,61799387799	-25,5873887252
7,44	2,04203522483	-2,81191935043	-29,7621732014
7,45	2,00712863979	-3,29673303154	-26,1260705932
7,46	1,97222205475	-3,44217713588	-13,8710580984
7,47	1,93731546971	-3,49065850399	-9,42693268825
7,48	1,90240888467	-3,5391398721	-13,8710580984
7,49	1,86750229963	-3,68458397643	-25,9914001261
7,5	1,83259571459	-4,16939765754	-28,8194799326
7,51	1,78023583703	-4,36332312999	-21,0085928481
7,52	1,74532925199	-4,50876723432	-17,9111721076
7,53	1,69296937443	-4,84813681109	-5,65615961286
7,54	1,64060949687	-4,55724860243	-0,80802280182
7,55	1,60570291183	-4,60572997054	-17,9111721077
7,56	1,55334303428	-5,04206228354	-25,8567296592
7,57	1,50098315672	-5,23598775598	-23,8366726545
7,58	1,44862327916	-5,42991322843	-24,9140363903
7,59	1,3962634016	-5,86624554142	-13,3323762306
7,6	1,32645023152	-5,86624554143	11,1776487588
7,61	1,27409035396	-5,42991322843	15,7564446361
7,62	1,2217304764	-5,3329504922	5,61748178838E-011
7,63	1,16937059884	-5,42991322843	-15,7564446361
7,64	1,11701072128	-5,86624554143	-11,3123192259
7,65	1,0471975512	-5,86624554143	12,3896829617
7,66	0,994837673637	-5,42991322843	20,3352405133
7,67	0,942477796077	-5,28446912409	11,8510010938
7,68	0,890117918517	-5,23598775598	4,57879587714
7,69	0,837758040957	-5,23598775598	1,07736373583
7,7	0,785398163398	-5,23598775598	1,07736373577
7,71	0,733038285838	-5,23598775598	4,71346634411
7,72	0,680678408278	-5,18750638787	12,7936943626
7,73	0,628318530718	-5,04206228354	25,0487068573
7,74	0,575958653158	-4,55724860243	25,1833773243
7,75	0,541052068118	-4,4118044981	13,7363876315
7,76	0,488692190558	-4,36332312999	9,42693268828
7,77	0,453785605519	-4,31484176187	13,7363876314
7,78	0,401425727959	-4,16939765754	25,3180477912
7,79	0,366519142919	-3,68458397643	26,1260705931
7,8	0,331612557879	-3,5391398721	18,3151835086
7,81	0,296705972839	-3,44217713588	21,277933782
7,82	0,261799387799	-3,24825166343	34,2062986116
7,83	0,226892802759	-2,6664752461	38,3810830879
7,84	0,209439510239	-2,18166156499	17,6418311737
7,85	0,191986217719	-2,42406840555	6,19484148084
7,86	0,157079632679	-2,37558703744	22,6246384519
7,87	0,13962634016	-1,89077335633	34,2062986117
7,88	0,12217304764	-1,59988514766	37,034378418
7,89	0,10471975512	-1,06659009844	29,7621732013
7,9	0,10471975512	-0,921145994111	14,8137513671
7,91	0,0872664625997	-0,872664626	10,5042964241
7,92	0,0872664625997	-0,824183257886	18,4498539757
7,93	0,0698131700798	-0,630257785442	37,9770716869
7,94	0,0698131700798	0	50,0974137146
7,95	0,0698131700798	0,630257785442	37,9770716869
7,96	0,0872664625997	0,824183257886	18,4498539757
7,97	0,0872664625997	0,872664626	10,5042964241
7,98	0,10471975512	0,921145994111	14,8137513671
7,99	0,10471975512	1,06659009844	29,8968436683
8	0,12217304764	1,59988514766	37,8424012199
8,01	0,13962634016	1,89077335633	37,84240122
8,02	0,157079632679	2,42406840555	29,8968436685
8,03	0,191986217719	2,56951250988	14,6790809003
8,04	0,209439510239	2,61799387799	9,56160315518
8,05	0,244346095279	2,6664752461	13,8710580983
8,06	0,261799387799	2,81191935043	26,1260705931
8,07	0,296705972839	3,29673303154	29,7621732015
8,08	0,331612557879	3,49065850399	25,5873887252
8,09	0,366519142919	3,68458397643	29,7621732014
8,1	0,401425727959	4,16939765754	26,1260705931
8,11	0,453785605519	4,31484176187	13,8710580984
8,12	0,488692190558	4,36332312999	9,42693268828
8,13	0,541052068118	4,4118044981	13,7363876315
8,14	0,575958653158	4,55724860243	25,1833773243
8,15	0,628318530718	5,04206228354	25,0487068573
8,16	0,680678408278	5,18750638787	12,7936943626
8,17	0,733038285838	5,23598775598	4,84813681109
8,18	0,785398163398	5,23598775598	1,88538653761
8,19	0,837758040957	5,23598775598	4,71346634415
8,2	0,890117918517	5,2844691241	11,8510010938
8,21	0,942477796077	5,42991322843	20,3352405132
8,22	0,994837673637	5,86624554142	12,3896829618
8,23	1,06465084372	5,86624554143	-11,3123192258
8,24	1,11701072128	5,42991322843	-15,7564446361
8,25	1,16937059884	5,3329504922	-5,61748178838E-011
8,26	1,2217304764	5,42991322843	15,7564446361
8,27	1,27409035396	5,86624554143	11,3123192259
8,28	1,34390352404	5,86624554143	-12,5243534287
8,29	1,3962634016	5,42991322843	-21,2779337821
8,3	1,44862327916	5,28446912409	-16,4297969709
8,31	1,50098315672	5,18750638787	-16,5644674379
8,32	1,55334303428	5,04206228354	-22,2206270509
8,33	1,60570291183	4,60572997054	-17,1031493058
8,34	1,64060949687	4,55724860243	-0,673352334845
8,35	1,69296937443	4,84813681109	-5,65615961286
8,36	1,74532925199	4,50876723432	-17,9111721076
8,37	1,78023583703	4,36332312999	-21,0085928481
8,38	1,83259571459	4,16939765754	-28,8194799326
8,39	1,86750229963	3,68458397643	-25,9914001261
8,4	1,90240888467	3,5391398721	-13,8710580984
8,41	1,93731546971	3,49065850399	-9,42693268825
8,42	1,97222205475	3,44217713588	-13,8710580984
8,43	2,00712863979	3,29673303154	-26,1260705932
8,44	2,04203522483	2,81191935043	-29,7621732014
8,45	2,05948851735	2,61799387799	-25,7220591922
8,46	2,09439510239	2,42406840555	-30,7048664703
8,47	2,11184839491	1,93925472444	-30,7048664703
8,48	2,12930168743	1,74532925199	-25,8567296591
8,49	2,14675497995	1,55140377955	-30,7048664702
8,5	2,16420827247	1,06659009844	-30,7048664703
8,51	2,16420827247	0,872664625997	-25,7220591923
8,52	2,18166156499	0,678739153553	-29,7621732015
8,53	2,18166156499	0,193925472444	-26,1260705931
8,54	2,18166156499	0,0484813681109	-14,0057285654
8,55	2,18166156499	0	-10,2349554901
8,56	2,18166156499	-0,0484813681109	-17,6418311737
8,57	2,18166156499	-0,242406840555	-34,3409690786
8,58	2,18166156499	-0,824183257886	-42,8252084981
8,59	2,16420827247	-1,35747830711	-29,3581618006
8,6	2,14675497995	-1,26051557089	-25,7220591921
8,61	2,14675497995	-1,74532925199	-31,2435483381
8,62	2,11184839491	-2,18166156499	-14,8137513673
8,63	2,09439510239	-1,93925472444	-9,15759175436
8,64	2,07694180987	-2,03621746066	-30,5701960032
8,65	2,05948851735	-2,61799387799	-46,4613111063
8,66	2,02458193231	-3,24825166343	-37,0343784181
8,67	1,98967534727	-3,44217713588	-17,5071607067
8,68	1,95476876223	-3,49065850399	-6,59885288174
8,69	1,91986217719	-3,49065850399	-5,79083007986
8,7	1,88495559215	-3,5391398721	-13,0630352966
8,71	1,85004900711	-3,68458397643	-25,9914001263
8,72	1,81514242207	-4,16939765754	-29,6275027345
8,73	1,76278254451	-4,36332312999	-24,6446954563
8,74	1,72787595947	-4,55724860243	-25,3180477912
8,75	1,67551608191	-4,99358091543	-15,0830923012
8,76	1,62315620435	-4,99358091543	2,82807980639
8,77	1,57079632679	-4,65421133865	-4,30945494322
8,78	1,53588974175	-4,79965544298	-33,5329462767
8,79	1,4835298642	-5,67232006898	-32,7249234749
8,8	1,41371669412	-5,81776417332	0,404011400864
8,81	1,36135681656	-5,42991322843	15,6217741691
8,82	1,308996939	-5,28446912409	9,96561455621
8,83	1,25663706144	-5,23598775598	-0,134670466983
8,84	1,20427718388	-5,2844691241	-10,9083078249
8,85	1,15191730632	-5,42991322843	-20,2005700462
8,86	1,09955742876	-5,86624554142	-12,2550124948
8,87	1,02974425868	-5,86624554143	12,2550124946
8,88	0,977384381117	-5,42991322843	20,3352405132
8,89	0,925024503557	-5,28446912409	11,8510010939
8,9	0,872664625997	-5,23598775598	4,71346634411
8,91	0,820304748437	-5,23598775598	1,88538653765
8,92	0,767944870877	-5,23598775598	4,84813681112
8,93	0,715584993318	-5,18750638787	12,7936943626
8,94	0,663225115758	-5,04206228354	25,0487068573
8,95	0,610865238198	-4,55724860243	25,1833773243
8,96	0,575958653158	-4,4118044981	13,7363876315
8,97	0,523598775598	-4,36332312999	9,42693268825
8,98	0,488692190558	-4,31484176187	13,7363876314
8,99	0,436332312999	-4,16939765754	25,1833773243
9	0,401425727959	-3,68458397643	25,1833773243
9,01	0,366519142919	-3,5391398721	13,8710580984
9,02	0,331612557879	-3,49065850399	10,2349554901
9,03	0,296705972839	-3,44217713588	17,5071607067
9,04	0,261799387799	-3,24825166343	33,3982758098
9,05	0,226892802759	-2,6664752461	38,3810830879
9,06	0,209439510239	-2,18166156499	18,4498539756
9,07	0,191986217719	-2,42406840555	9,83094408915
9,08	0,157079632679	-2,32710566933	29,8968436685
9,09	0,13962634016	-1,74532925199	42,8252084981
9,1	0,12217304764	-1,16355283466	29,8968436684
9,11	0,12217304764	-1,06659009844	9,83094408905
9,12	0,10471975512	-1,308996939	18,4498539755
9,13	0,0872664625997	-0,824183257889	38,5157535548
9,14	0,0872664625997	-0,242406840556	34,2062986117
9,15	0,0872664625997	-0,0484813681112	21,2779337821
9,16	0,0872664625997	0,0484813681112	18,4498539756
9,17	0,0872664625997	0,193925472445	27,068763862
9,18	0,0872664625997	0,678739153556	29,8968436685
9,19	0,10471975512	0,872664626	25,7220591921
9,2	0,10471975512	1,06659009844	30,7048664701
9,21	0,12217304764	1,55140377955	30,7048664702
9,22	0,13962634016	1,74532925199	25,7220591923
9,23	0,157079632679	1,93925472444	29,7621732015
9,24	0,1745329252	2,42406840555	26,1260705931
9,25	0,209439510239	2,56951250988	14,0057285654
9,26	0,226892802759	2,61799387799	10,3696259571
9,27	0,261799387799	2,6664752461	18,3151835086
9,28	0,279252680319	2,86040071854	37,1690488851
9,29	0,314159265359	3,49065850399	46,3266406394
9,3	0,349065850399	4,07243492132	29,7621732014
9,31	0,401425727959	4,16939765754	5,38681867888
9,32	0,436332312999	3,87850944887	6,46418241479
9,33	0,471238898038	4,21787902565	17,1031493059
9,34	0,523598775598	4,36332312999	16,429796971
9,35	0,558505360638	4,50876723432	16,9684788388
9,36	0,610865238198	4,84813681109	5,65615961292
9,37	0,663225115758	4,55724860243	1,61604560375
9,38	0,698131700798	4,60572997054	21,5472747161
9,39	0,750491578358	5,09054365165	33,1289348759
9,4	0,802851455917	5,38143186032	32,3209120739
9,41	0,855211333477	5,86624554142	16,8338083718
9,42	0,925024503557	5,86624554142	-11,3123192259
9,43	0,977384381117	5,42991322843	-20,0658995792
9,44	1,02974425868	5,28446912409	-10,908307825
9,45	1,08210413624	5,23598775598	7,98275026328E-011
9,46	1,1344640138	5,2844691241	10,908307825
9,47	1,18682389136	5,42991322843	20,2005700461
9,48	1,23918376892	5,86624554142	12,2550124946
9,49	1,308996939	5,86624554142	-12,2550124947
9,5	1,36135681656	5,42991322843	-20,4699109802
9,51	1,41371669412	5,28446912409	-12,7936943626
9,52	1,46607657168	5,23598775598	-9,1575917542
9,53	1,51843644924	5,18750638787	-12,9283648295
9,54	1,57079632679	5,04206228354	-21,547274716
9,55	1,62315620435	4,60572997054	-17,7765016408
9,56	1,65806278939	4,55724860243	-4,30945494327
9,57	1,71042266695	4,79965544298	-12,9283648296
9,58	1,76278254451	4,36332312999	-26,395411527
9,59	1,79768912955	3,92699081699	-13,0630352965
9,6	1,83259571459	4,16939765754	-5,25214821201
9,61	1,88495559215	4,12091628943	-22,4899679848
9,62	1,91986217719	3,63610260832	-34,2062986116
9,63	1,95476876223	3,34521439966	-37,0343784181
9,64	1,98967534727	2,81191935044	-29,7621732015
9,65	2,00712863979	2,6664752461	-14,6790809003
9,66	2,04203522483	2,61799387799	-9,56160315523
9,67	2,05948851735	2,56951250988	-13,8710580984
9,68	2,09439510239	2,42406840555	-26,1260705932
9,69	2,11184839491	1,93925472444	-29,7621732015
9,7	2,12930168743	1,74532925199	-25,7220591921
9,71	2,14675497995	1,55140377955	-30,7048664702
9,72	2,16420827247	1,06659009844	-30,7048664703
9,73	2,16420827247	0,872664625997	-25,8567296593
9,74	2,18166156499	0,678739153553	-30,7048664703
9,75	2,18166156499	0,193925472444	-30,7048664703
9,76	2,18166156499	0	-25,8567296592
9,77	2,18166156499	-0,193925472444	-30,5701960033
9,78	2,18166156499	-0,678739153553	-29,8968436685
9,79	2,16420827247	-0,872664625997	-22,085956584
9,8	2,16420827247	-1,01810873033	-22,4899679849
9,81	2,14675497995	-1,40595967522	-17,6418311736
9,82	2,12930168743	-1,26051557088	-21,9512861168
9,83	2,12930168743	-1,74532925199	-33,9369576777
9,84	2,09439510239	-2,2301429331	-21,9512861169
9,85	2,07694180987	-2,08469882877	-17,6418311736
9,86	2,05948851735	-2,47254977366	-22,4899679847
9,87	2,02458193231	-2,61799387799	-21,951286117
9,88	2,00712863979	-2,81191935044	-29,0888208667
9,89	1,97222205475	-3,29673303155	-26,799422928
9,9	1,93731546971	-3,44217713588	-17,6418311737
9,91	1,90240888467	-3,5391398721	-17,6418311737
9,92	1,86750229963	-3,68458397643	-26,799422928
9,93	1,83259571459	-4,16939765754	-28,9541503996
9,94	1,78023583703	-4,36332312999	-21,0085928481
9,95	1,74532925199	-4,50876723432	-17,9111721076
9,96	1,69296937443	-4,84813681109	-5,65615961286
9,97	1,64060949687	-4,55724860243	-0,673352334845
9,98	1,60570291183	-4,60572997054	-16,9684788388
9,99	1,55334303428	-5,04206228354	-21,4126042491
10	1,50098315672	-5,18750638787	-12,9283648296
10,01	1,44862327916	-5,23598775598	-9,15759175428
10,02	1,3962634016	-5,28446912409	-12,7936943627
10,03	1,34390352404	-5,42991322843	-20,4699109802
10,04	1,29154364648	-5,86624554143	-12,2550124946
10,05	1,2217304764	-5,86624554142	12,2550124948
10,06	1,16937059884	-5,42991322843	20,3352405132
10,07	1,11701072128	-5,2844691241	11,8510010938
10,08	1,06465084372	-5,23598775598	4,57879587717
10,09	1,01229096616	-5,23598775598	0,94269326879
10,1	0,959931088597	-5,23598775598	0,134670466969
10,11	0,907571211037	-5,23598775598	7,89985361078E-012
10,12	0,855211333477	-5,23598775598	0,134670466896
10,13	0,802851455917	-5,23598775599	0,942693268767
10,14	0,750491578358	-5,23598775599	4,7134663442
10,15	0,698131700798	-5,18750638787	12,7936943627
10,16	0,645771823238	-5,04206228354	25,0487068573
10,17	0,593411945678	-4,55724860243	25,1833773242
10,18	0,558505360638	-4,4118044981	13,7363876313
10,19	0,506145483078	-4,36332312999	9,42693268823
10,2	0,471238898038	-4,31484176188	13,8710580985
10,21	0,418879020479	-4,16939765754	26,1260705931
10,22	0,383972435439	-3,68458397643	29,7621732015
10,23	0,349065850399	-3,49065850399	25,5873887252
10,24	0,314159265359	-3,29673303154	29,7621732015
10,25	0,279252680319	-2,81191935043	26,1260705931
10,26	0,261799387799	-2,6664752461	13,8710580984
10,27	0,226892802759	-2,61799387799	9,56160315524
10,28	0,209439510239	-2,56951250988	14,6790809002
10,29	0,1745329252	-2,42406840555	29,8968436684
10,3	0,157079632679	-1,89077335633	37,977071687
10,31	0,13962634016	-1,59988514766	38,6504240219
10,32	0,12217304764	-1,06659009844	33,6676167437
10,33	0,12217304764	-0,872664625996	22,8939793857
10,34	0,10471975512	-0,727220521664	22,6246384517
10,35	0,10471975512	-0,339369576777	17,6418311736
10,36	0,10471975512	-0,484813681112	21,9512861169
10,37	0,0872664625997	0	33,9369576778
10,38	0,10471975512	0,484813681112	21,9512861169
10,39	0,10471975512	0,339369576777	17,6418311736
10,4	0,10471975512	0,727220521664	22,4899679847
10,41	0,12217304764	0,872664625996	22,0859565839
10,42	0,12217304764	1,06659009844	29,8968436685
10,43	0,13962634016	1,55140377955	30,5701960034
10,44	0,157079632679	1,745329252	25,8567296592
10,45	0,1745329252	1,93925472444	30,7048664702
10,46	0,191986217719	2,42406840555	30,7048664702
10,47	0,226892802759	2,61799387799	25,7220591922
10,48	0,244346095279	2,81191935044	29,7621732014
10,49	0,279252680319	3,29673303154	26,1260705931
10,5	0,314159265359	3,44217713588	13,8710580985
10,51	0,349065850399	3,49065850399	9,42693268828
10,52	0,383972435439	3,5391398721	13,8710580984
10,53	0,418879020479	3,68458397643	25,9914001261
10,54	0,453785605519	4,16939765754	28,8194799326
10,55	0,506145483078	4,36332312999	21,0085928481
10,56	0,541052068118	4,50876723432	17,9111721077
10,57	0,593411945678	4,8481368111	5,65615961296
10,58	0,645771823238	4,55724860243	0,673352334847
10,59	0,680678408278	4,60572997054	17,1031493058
10,6	0,733038285838	5,04206228354	22,2206270508
10,61	0,785398163398	5,18750638787	16,5644674379
10,62	0,837758040957	5,28446912409	16,429796971
10,63	0,890117918517	5,42991322843	21,2779337821
10,64	0,942477796077	5,86624554143	12,3896829616
10,65	1,01229096616	5,86624554142	-12,2550124948
10,66	1,06465084372	5,42991322843	-20,3352405132
10,67	1,11701072128	5,2844691241	-11,8510010938
10,68	1,16937059884	5,23598775598	-4,57879587717
10,69	1,2217304764	5,23598775598	-0,942693268791
10,7	1,27409035396	5,23598775598	-0,134670466975
10,71	1,32645023152	5,23598775598	-3,15747428203E-011
10,72	1,37881010908	5,23598775598	3,15747428203E-011
10,73	1,43116998664	5,23598775598	-0,134670466975
10,74	1,4835298642	5,23598775598	-0,942693268854
10,75	1,53588974175	5,23598775598	-4,71346634408
10,76	1,58824961931	5,18750638787	-12,9283648296
10,77	1,64060949687	5,04206228354	-25,9914001261
10,78	1,69296937443	4,55724860243	-29,6275027344
10,79	1,72787595947	4,36332312999	-24,7793659234
10,8	1,78023583703	4,16939765754	-26,1260705932
10,81	1,81514242207	3,73306534454	-18,7191949095
10,82	1,85004900711	3,68458397643	-4,57879587719
10,83	1,88495559215	3,92699081699	-13,7363876315
10,84	1,93731546971	3,49065850399	-30,1661846024
10,85	1,95476876223	3,00584482288	-21,143263315
10,86	1,98967534727	3,15128892721	-17,5071607067
10,87	2,02458193231	2,76343798232	-22,4899679848
10,88	2,04203522483	2,61799387799	-22,0859565839
10,89	2,07694180987	2,42406840555	-29,8968436684
10,9	2,09439510239	1,93925472444	-30,5701960034
10,91	2,11184839491	1,74532925199	-25,8567296592
10,92	2,12930168743	1,55140377955	-30,7048664702
10,93	2,14675497995	1,06659009844	-30,7048664701
10,94	2,14675497995	0,872664626	-25,7220591921
10,95	2,16420827247	0,678739153556	-29,7621732015
10,96	2,16420827247	0,193925472445	-26,1260705932
10,97	2,16420827247	0,0484813681112	-14,0057285654
10,98	2,16420827247	0	-10,3696259571
10,99	2,16420827247	-0,0484813681112	-18,4498539756
11	2,16420827247	-0,242406840556	-37,977071687
11,01	2,16420827247	-0,872664626	-50,0974137147
11,02	2,14675497995	-1,50292241144	-37,9770716868
11,03	2,12930168743	-1,69684788388	-18,4498539755
11,04	2,11184839491	-1,74532925199	-10,3696259571
11,05	2,09439510239	-1,79381062011	-14,0057285654
11,06	2,07694180987	-1,93925472444	-26,126070593
11,07	2,05948851735	-2,42406840555	-29,7621732014
11,08	2,02458193231	-2,61799387799	-25,5873887253
11,09	2,00712863979	-2,81191935044	-29,7621732015
11,1	1,97222205475	-3,29673303155	-26,1260705932
11,11	1,93731546971	-3,44217713588	-13,8710580984
11,12	1,90240888467	-3,49065850399	-9,42693268823
11,13	1,86750229963	-3,5391398721	-13,8710580984
11,14	1,83259571459	-3,68458397643	-25,9914001261
11,15	1,79768912955	-4,16939765754	-28,8194799326
11,16	1,74532925199	-4,36332312999	-21,0085928481
11,17	1,71042266695	-4,50876723432	-17,9111721077
11,18	1,65806278939	-4,8481368111	-5,65615961296
11,19	1,60570291183	-4,55724860243	-0,673352334847
11,2	1,57079632679	-4,60572997054	-16,9684788388
11,21	1,51843644924	-5,04206228354	-21,412604249
11,22	1,46607657168	-5,18750638787	-12,9283648295
11,23	1,41371669412	-5,23598775598	-9,15759175431
11,24	1,36135681656	-5,2844691241	-12,7936943626
11,25	1,308996939	-5,42991322843	-20,4699109801
11,26	1,25663706144	-5,86624554142	-12,2550124948
11,27	1,18682389136	-5,86624554143	12,2550124946
11,28	1,1344640138	-5,42991322843	20,3352405132
11,29	1,08210413624	-5,28446912409	11,8510010939
11,3	1,02974425868	-5,23598775598	4,57879587713
11,31	0,977384381117	-5,23598775598	0,942693268828
11,32	0,925024503557	-5,23598775598	0,134670467007
11,33	0,872664625997	-5,23598775598	0,134670466943
11,34	0,820304748437	-5,23598775598	0,942693268823
11,35	0,767944870877	-5,23598775598	4,71346634415
11,36	0,715584993318	-5,18750638787	12,7936943626
11,37	0,663225115758	-5,04206228354	25,0487068573
11,38	0,610865238198	-4,55724860243	25,1833773243
11,39	0,575958653158	-4,4118044981	13,7363876315
11,4	0,523598775598	-4,36332312999	9,42693268825
11,41	0,488692190558	-4,31484176187	13,8710580984
11,42	0,436332312999	-4,16939765754	26,1260705931
11,43	0,401425727959	-3,68458397643	29,6275027344
11,44	0,366519142919	-3,49065850399	24,7793659234
11,45	0,331612557879	-3,29673303155	26,1260705931
11,46	0,296705972839	-2,86040071855	18,8538653765
11,47	0,279252680319	-2,81191935043	5,38681867901
11,48	0,244346095279	-3,05432619099	17,5071607067
11,49	0,209439510239	-2,56951250988	38,3810830878
11,5	0,191986217719	-1,98773609255	34,2062986116
11,51	0,1745329252	-1,79381062011	21,277933782
11,52	0,157079632679	-1,69684788388	18,4498539756
11,53	0,13962634016	-1,55140377955	27,068763862
11,54	0,12217304764	-1,06659009844	29,8968436685
11,55	0,12217304764	-0,872664625996	25,7220591922
11,56	0,10471975512	-0,678739153552	30,7048664702
11,57	0,10471975512	-0,193925472444	30,7048664702
11,58	0,10471975512	0	25,7220591922
11,59	0,10471975512	0,193925472444	29,7621732014
11,6	0,10471975512	0,678739153552	26,1260705931
11,61	0,12217304764	0,824183257885	14,0057285654
11,62	0,12217304764	0,872664625996	10,3696259571
11,63	0,13962634016	0,921145994107	18,3151835086
11,64	0,13962634016	1,11507146655	37,1690488851
11,65	0,157079632679	1,745329252	46,4613111064
11,66	0,1745329252	2,32710566933	30,7048664702
11,67	0,209439510239	2,42406840555	9,96561455613
11,68	0,226892802759	2,18166156499	18,4498539756
11,69	0,244346095279	2,6664752461	38,3810830878
11,7	0,279252680319	3,24825166343	33,3982758097
11,71	0,314159265359	3,44217713588	17,5071607068
11,72	0,349065850399	3,49065850399	10,2349554901
11,73	0,383972435439	3,5391398721	13,8710580984
11,74	0,418879020479	3,68458397643	25,1833773243
11,75	0,453785605519	4,16939765754	25,1833773243
11,76	0,506145483078	4,31484176187	13,7363876315
11,77	0,541052068118	4,36332312999	9,42693268831
11,78	0,593411945678	4,4118044981	13,7363876314
11,79	0,628318530718	4,55724860243	25,1833773242
11,8	0,680678408278	5,04206228354	25,0487068573
11,81	0,733038285838	5,18750638787	12,7936943626
11,82	0,785398163398	5,23598775598	4,71346634408
11,83	0,837758040957	5,23598775598	0,942693268854
11,84	0,890117918517	5,23598775598	0,134670466975
11,85	0,942477796077	5,23598775598	-3,15747428203E-011
11,86	0,994837673637	5,23598775598	3,15747428203E-011
11,87	1,0471975512	5,23598775598	0
11,88	1,09955742876	5,23598775598	0,134670466943
11,89	1,15191730632	5,23598775598	0,942693268855
11,9	1,20427718388	5,23598775598	4,44412541017
11,91	1,25663706144	5,28446912409	10,9083078249
11,92	1,308996939	5,42991322843	15,7564446361
11,93	1,36135681656	5,81776417332	0,404011400985
11,94	1,43116998664	5,67232006898	-32,7249234749
11,95	1,4835298642	4,79965544298	-33,5329462768
11,96	1,51843644924	4,65421133865	-4,30945494319
11,97	1,57079632679	4,99358091543	2,82807980644
11,98	1,62315620435	4,99358091543	-14,9484218343
11,99	1,67551608191	4,55724860243	-24,3753545225
12	1,71042266695	4,36332312999	-20,0658995793
12,01	1,76278254451	4,21787902565	-17,9111721076
12,02	1,79768912955	3,87850944888	-6,59885288176
12,03	1,83259571459	4,16939765754	-5,25214821201
12,04	1,88495559215	4,07243492132	-28,9541503996
12,05	1,91986217719	3,49065850399	-42,690538031
12,06	1,95476876223	2,90888208666	-29,8968436684
12,07	1,97222205475	2,81191935044	-9,83094408923
12,08	2,00712863979	3,05432619099	-18,4498539757
12,09	2,04203522483	2,56951250988	-38,3810830879
12,1	2,05948851735	1,98773609255	-33,3982758097
12,11	2,07694180987	1,79381062011	-17,5071607067
12,12	2,09439510239	1,745329252	-10,2349554902
12,13	2,11184839491	1,69684788388	-14,0057285655
12,14	2,12930168743	1,55140377955	-26,1260705931
12,15	2,14675497995	1,06659009844	-29,7621732013
12,16	2,14675497995	0,872664626	-25,7220591921
12,17	2,16420827247	0,678739153556	-30,7048664703
12,18	2,16420827247	0,193925472445	-30,7048664704
12,19	2,16420827247	0	-25,8567296593
12,2	2,16420827247	-0,193925472445	-30,7048664704
12,21	2,16420827247	-0,678739153556	-30,7048664703
12,22	2,14675497995	-0,872664626	-25,7220591921
12,23	2,14675497995	-1,06659009844	-29,8968436683
12,24	2,12930168743	-1,55140377955	-26,9340933949
12,25	2,11184839491	-1,69684788388	-17,6418311738
12,26	2,09439510239	-1,79381062011	-17,6418311738
12,27	2,07694180987	-1,93925472444	-26,9340933949
12,28	2,05948851735	-2,42406840555	-29,8968436683
12,29	2,02458193231	-2,61799387799	-25,5873887253
12,3	2,00712863979	-2,81191935044	-29,7621732015
12,31	1,97222205475	-3,29673303155	-25,9914001262
12,32	1,93731546971	-3,44217713588	-13,0630352966
12,33	1,90240888467	-3,49065850399	-5,79083007992
12,34	1,86750229963	-3,49065850399	-6,46418241479
12,35	1,83259571459	-3,5391398721	-16,6991379049
12,36	1,79768912955	-3,73306534454	-33,2636053427
12,37	1,76278254451	-4,31484176187	-38,2464126208
12,38	1,71042266695	-4,79965544298	-17,5071607067
12,39	1,65806278939	-4,55724860243	-5,25214821209
12,4	1,62315620435	-4,60572997054	-17,9111721078
12,41	1,57079632679	-5,04206228354	-21,4126042491
12,42	1,51843644924	-5,18750638787	-11,9856715607
12,43	1,46607657168	-5,23598775598	-4,57879587706
12,44	1,41371669412	-5,23598775598	-0,942693268831
12,45	1,36135681656	-5,23598775598	-0,134670466969
12,46	1,308996939	-5,23598775598	3,24505854287E-011
12,47	1,25663706144	-5,23598775598	-0,134670467007
12,48	1,20427718388	-5,23598775598	-0,942693268828
12,49	1,15191730632	-5,23598775598	-4,57879587713
12,5	1,09955742876	-5,28446912409	-11,7163306269
12,51	1,0471975512	-5,42991322843	-19,3925472444
12,52	0,994837673637	-5,86624554143	-7,67621661747
12,53	0,925024503557	-5,81776417331	24,1060135886
12,54	0,872664625997	-5,23598775598	40,8051514934
12,55	0,820304748437	-4,65421133865	25,0487068573
12,56	0,785398163398	-4,60572997054	-2,96275027352
12,57	0,733038285838	-4,99358091543	-6,59885288178
12,58	0,680678408278	-4,99358091543	13,3323762305
12,59	0,628318530718	-4,55724860243	20,6045814471
12,6	0,593411945678	-4,4118044981	12,7936943626
12,61	0,541052068118	-4,36332312999	9,29226222134
12,62	0,506145483078	-4,31484176187	13,7363876315
12,63	0,453785605519	-4,16939765754	25,3180477913
12,64	0,418879020479	-3,68458397643	25,9914001261
12,65	0,383972435439	-3,5391398721	17,5071607067
12,66	0,349065850399	-3,44217713588	17,6418311737
12,67	0,314159265359	-3,29673303154	26,934093395
12,68	0,279252680319	-2,81191935043	29,8968436684
12,69	0,261799387799	-2,61799387799	25,5873887252
12,7	0,226892802759	-2,42406840555	29,7621732015
12,71	0,209439510239	-1,93925472444	26,1260705931
12,72	0,191986217719	-1,7938106201	14,0057285653
12,73	0,1745329252	-1,745329252	10,369625957
12,74	0,157079632679	-1,69684788388	18,3151835086
12,75	0,13962634016	-1,50292241144	37,1690488851
12,76	0,12217304764	-0,872664625996	46,4613111063
12,77	0,12217304764	-0,290888208665	30,5701960033
12,78	0,12217304764	-0,193925472444	9,15759175428
12,79	0,12217304764	-0,436332312998	14,8137513672
12,8	0,10471975512	0	31,2435483381
12,81	0,12217304764	0,484813681109	25,7220591922
12,82	0,12217304764	0,387850944887	29,3581618005
12,83	0,12217304764	0,921145994107	42,825208498
12,84	0,13962634016	1,50292241144	34,3409690787
12,85	0,157079632679	1,69684788388	17,6418311738
12,86	0,1745329252	1,745329252	10,23495549
12,87	0,191986217719	1,7938106201	14,0057285653
12,88	0,209439510239	1,93925472444	26,1260705931
12,89	0,226892802759	2,42406840555	29,7621732015
12,9	0,261799387799	2,61799387799	25,5873887252
12,91	0,279252680319	2,81191935043	29,7621732014
12,92	0,314159265359	3,29673303154	26,1260705932
12,93	0,349065850399	3,44217713588	13,8710580984
12,94	0,383972435439	3,49065850399	9,42693268825
12,95	0,418879020479	3,5391398721	13,8710580984
12,96	0,453785605519	3,68458397643	26,1260705931
12,97	0,488692190558	4,16939765754	29,6275027345
12,98	0,541052068118	4,36332312999	24,6446954564
12,99	0,575958653158	4,55724860243	25,1833773243
13	0,628318530718	4,99358091543	14,1403990323
13,01	0,680678408278	4,99358091543	-7,40687568364
13,02	0,733038285838	4,60572997054	-7,54154615055
13,03	0,767944870877	4,60572997054	13,3323762306
13,04	0,820304748437	5,04206228354	21,412604249
13,05	0,872664625997	5,18750638787	16,4297969709
13,06	0,925024503557	5,28446912409	16,429796971
13,07	0,977384381117	5,42991322843	21,2779337821
13,08	1,02974425868	5,86624554143	12,3896829616
13,09	1,09955742876	5,86624554142	-12,2550124948
13,1	1,15191730632	5,42991322843	-20,3352405132
13,11	1,20427718388	5,2844691241	-11,8510010938
13,12	1,25663706144	5,23598775598	-4,57879587717
13,13	1,308996939	5,23598775598	-1,07736373577
13,14	1,36135681656	5,23598775598	-1,0773637358
13,15	1,41371669412	5,23598775598	-4,57879587717
13,16	1,46607657168	5,18750638787	-11,9856715607
13,17	1,51843644924	5,04206228354	-21,277933782
13,18	1,57079632679	4,60572997054	-16,9684788388
13,19	1,60570291183	4,55724860243	-0,673352334847
13,2	1,65806278939	4,8481368111	-5,65615961296
13,21	1,71042266695	4,50876723432	-17,9111721077
13,22	1,74532925199	4,36332312999	-21,0085928481
13,23	1,79768912955	4,16939765754	-28,9541503996
13,24	1,83259571459	3,68458397643	-26,799422928
13,25	1,86750229963	3,5391398721	-17,6418311737
13,26	1,90240888467	3,44217713588	-17,5071607068
13,27	1,93731546971	3,29673303154	-25,9914001262
13,28	1,97222205475	2,81191935043	-25,3180477913
13,29	1,98967534727	2,6664752461	-13,7363876314
13,3	2,02458193231	2,61799387799	-9,56160315524
13,31	2,04203522483	2,56951250988	-14,6790809002
13,32	2,07694180987	2,42406840555	-29,8968436684
13,33	2,09439510239	1,89077335633	-37,977071687
13,34	2,11184839491	1,59988514766	-38,7850944888
13,35	2,12930168743	1,06659009844	-34,4756395456
13,36	2,12930168743	0,872664625996	-26,530081994
13,37	2,14675497995	0,678739153552	-29,8968436684
13,38	2,14675497995	0,193925472444	-26,1260705931
13,39	2,14675497995	0,0484813681109	-13,8710580984
13,4	2,14675497995	0	-9,42693268823
13,41	2,14675497995	-0,0484813681109	-13,8710580984
13,42	2,14675497995	-0,193925472444	-26,1260705931
13,43	2,14675497995	-0,678739153552	-29,8968436684
13,44	2,12930168743	-0,872664625996	-26,530081994
13,45	2,12930168743	-1,06659009844	-34,3409690786
13,46	2,11184839491	-1,59988514766	-37,977071687
13,47	2,09439510239	-1,89077335633	-34,3409690786
13,48	2,07694180987	-2,37558703744	-22,6246384517
13,49	2,04203522483	-2,42406840555	-6,19484148079
13,5	2,02458193231	-2,18166156499	-17,6418311738
13,51	2,00712863979	-2,6664752461	-38,2464126209
13,52	1,97222205475	-3,24825166343	-33,3982758098
13,53	1,93731546971	-3,44217713588	-17,5071607067
13,54	1,90240888467	-3,49065850399	-10,2349554901
13,55	1,86750229963	-3,5391398721	-13,8710580984
13,56	1,83259571459	-3,68458397643	-25,1833773243
13,57	1,79768912955	-4,16939765754	-25,1833773243
13,58	1,74532925199	-4,31484176187	-13,7363876314
13,59	1,71042266695	-4,36332312999	-9,42693268826
13,6	1,65806278939	-4,4118044981	-13,7363876315
13,61	1,62315620435	-4,55724860243	-25,1833773244
13,62	1,57079632679	-5,04206228354	-25,0487068574
13,63	1,51843644924	-5,18750638787	-12,7936943625
13,64	1,46607657168	-5,23598775598	-4,71346634403
13,65	1,41371669412	-5,23598775598	-0,942693268831
13,66	1,36135681656	-5,23598775598	-0,134670466969
13,67	1,308996939	-5,23598775598	3,24505854287E-011
13,68	1,25663706144	-5,23598775598	-3,15747428203E-011
13,69	1,20427718388	-5,23598775598	0
13,7	1,15191730632	-5,23598775598	3,15747428203E-011
13,71	1,09955742876	-5,23598775598	-3,15747428203E-011
13,72	1,0471975512	-5,23598775598	0
13,73	0,994837673637	-5,23598775598	3,15747428203E-011
13,74	0,942477796077	-5,23598775598	0,134670466943
13,75	0,890117918517	-5,23598775598	0,942693268823
13,76	0,837758040957	-5,23598775598	4,57879587717
13,77	0,785398163398	-5,18750638787	11,9856715607
13,78	0,733038285838	-5,04206228354	21,412604249
13,79	0,680678408278	-4,60572997054	17,7765016407
13,8	0,645771823238	-4,55724860243	4,30945494316
13,81	0,593411945678	-4,79965544299	12,9283648296
13,82	0,541052068118	-4,36332312999	26,3954115271
13,83	0,506145483078	-3,92699081699	13,0630352966
13,84	0,471238898038	-4,16939765754	5,25214821204
13,85	0,418879020479	-4,12091628943	22,4899679848
13,86	0,383972435439	-3,63610260832	34,2062986116
13,87	0,349065850399	-3,34521439966	37,0343784181
13,88	0,314159265359	-2,81191935044	29,7621732015
13,89	0,296705972839	-2,6664752461	14,6790809003
13,9	0,261799387799	-2,61799387799	9,56160315515
13,91	0,244346095279	-2,56951250988	13,8710580983
13,92	0,209439510239	-2,42406840555	26,1260705931
13,93	0,191986217719	-1,93925472444	29,7621732014
13,94	0,1745329252	-1,745329252	25,7220591922
13,95	0,157079632679	-1,55140377955	30,7048664703
13,96	0,13962634016	-1,06659009844	30,7048664704
13,97	0,13962634016	-0,872664625996	25,7220591922
13,98	0,12217304764	-0,678739153552	29,8968436684
13,99	0,12217304764	-0,193925472444	26,9340933949
14	0,12217304764	-0,0484813681109	17,6418311737
14,01	0,12217304764	0,0484813681109	17,6418311737
14,02	0,12217304764	0,193925472444	26,9340933949
14,03	0,12217304764	0,678739153552	29,8968436684
14,04	0,13962634016	0,872664625996	25,7220591922
14,05	0,13962634016	1,06659009844	30,7048664704
14,06	0,157079632679	1,55140377955	30,7048664703
14,07	0,1745329252	1,745329252	25,7220591922
14,08	0,191986217719	1,93925472444	29,7621732014
14,09	0,209439510239	2,42406840555	26,1260705931
14,1	0,244346095279	2,56951250988	13,8710580983
14,11	0,261799387799	2,61799387799	9,42693268817
14,12	0,296705972839	2,6664752461	13,8710580985
14,13	0,314159265359	2,81191935044	26,1260705932
14,14	0,349065850399	3,29673303155	29,7621732015
14,15	0,383972435439	3,49065850399	25,5873887252
14,16	0,418879020479	3,68458397643	29,7621732014
14,17	0,453785605519	4,16939765754	26,1260705931
14,18	0,506145483078	4,31484176187	13,8710580984
14,19	0,541052068118	4,36332312999	9,42693268831
14,2	0,593411945678	4,4118044981	13,6017171645
14,21	0,628318530718	4,55724860243	24,2406840554
14,22	0,680678408278	5,04206228354	20,4699109802
14,23	0,733038285838	5,13902501976	1,07736373577
14,24	0,785398163398	5,04206228354	-14,6790809003
14,25	0,837758040957	4,60572997054	-6,73352334876
14,26	0,872664625997	4,65421133865	24,2406840555
14,27	0,925024503557	5,23598775598	40,6704810265
14,28	0,977384381117	5,81776417332	24,1060135886
14,29	1,0471975512	5,86624554143	-7,67621661761
14,3	1,09955742876	5,42991322843	-19,3925472444
14,31	1,15191730632	5,28446912409	-11,7163306268
14,32	1,20427718388	5,23598775598	-4,57879587714
14,33	1,25663706144	5,23598775598	-0,942693268855
14,34	1,308996939	5,23598775598	-0,269340933918
14,35	1,36135681656	5,23598775598	-0,942693268823
14,36	1,41371669412	5,23598775598	-4,57879587717
14,37	1,46607657168	5,18750638787	-11,9856715607
14,38	1,51843644924	5,04206228354	-21,412604249
14,39	1,57079632679	4,60572997054	-17,7765016407
14,4	1,60570291183	4,55724860243	-4,30945494316
14,41	1,65806278939	4,79965544299	-12,9283648296
14,42	1,71042266695	4,36332312999	-26,3954115271
14,43	1,74532925199	3,92699081699	-13,0630352966
14,44	1,78023583703	4,16939765754	-5,25214821204
14,45	1,83259571459	4,12091628943	-22,3552975178
14,46	1,86750229963	3,63610260832	-33,3982758097
14,47	1,90240888467	3,34521439966	-33,3982758098
14,48	1,93731546971	2,86040071855	-22,4899679849
14,49	1,95476876223	2,81191935043	-6,19484148086
14,5	1,98967534727	3,05432619099	-17,6418311737
14,51	2,02458193231	2,56951250988	-38,2464126209
14,52	2,04203522483	1,98773609255	-33,3982758098
14,53	2,05948851735	1,7938106201	-17,5071607067
14,54	2,07694180987	1,745329252	-10,23495549
14,55	2,09439510239	1,69684788388	-14,0057285655
14,56	2,11184839491	1,55140377955	-26,1260705932
14,57	2,12930168743	1,06659009844	-29,7621732015
14,58	2,12930168743	0,872664625996	-25,7220591922
14,59	2,14675497995	0,678739153552	-30,7048664702
14,6	2,14675497995	0,193925472444	-30,7048664702
14,61	2,14675497995	0	-25,8567296591
14,62	2,14675497995	-0,193925472444	-30,7048664702
14,63	2,14675497995	-0,678739153552	-30,7048664702
14,64	2,12930168743	-0,872664625996	-25,7220591922
14,65	2,12930168743	-1,06659009844	-29,7621732015
14,66	2,11184839491	-1,55140377955	-26,1260705932
14,67	2,09439510239	-1,69684788388	-14,0057285655
14,68	2,07694180987	-1,745329252	-10,23495549
14,69	2,05948851735	-1,7938106201	-17,5071607067
14,7	2,04203522483	-1,98773609255	-33,3982758098
14,71	2,02458193231	-2,56951250988	-38,2464126209
14,72	1,98967534727	-3,05432619099	-17,6418311737
14,73	1,95476876223	-2,81191935043	-6,19484148086
14,74	1,93731546971	-2,86040071855	-22,4899679849
14,75	1,90240888467	-3,34521439966	-33,3982758098
14,76	1,86750229963	-3,63610260832	-33,3982758097
14,77	1,83259571459	-4,12091628943	-22,3552975178
14,78	1,78023583703	-4,16939765754	-5,25214821204
14,79	1,74532925199	-3,92699081699	-13,0630352966
14,8	1,71042266695	-4,36332312999	-26,3954115271
14,81	1,65806278939	-4,79965544299	-12,9283648296
14,82	1,60570291183	-4,55724860243	-4,30945494316
14,83	1,57079632679	-4,60572997054	-17,7765016407
14,84	1,51843644924	-5,04206228354	-21,412604249
14,85	1,46607657168	-5,18750638787	-11,9856715607
14,86	1,41371669412	-5,23598775598	-4,57879587717
14,87	1,36135681656	-5,23598775598	-0,942693268823
14,88	1,308996939	-5,23598775598	-0,134670466943
14,89	1,25663706144	-5,23598775598	-3,15747428203E-011
14,9	1,20427718388	-5,23598775598	0
14,91	1,15191730632	-5,23598775598	3,15747428203E-011
14,92	1,09955742876	-5,23598775598	-3,15747428203E-011
14,93	1,0471975512	-5,23598775598	0
14,94	0,994837673637	-5,23598775598	3,15747428203E-011
14,95	0,942477796077	-5,23598775598	0,134670466943
14,96	0,890117918517	-5,23598775598	0,942693268823
14,97	0,837758040957	-5,23598775598	4,71346634415
14,98	0,785398163398	-5,18750638787	12,7936943626
14,99	0,733038285838	-5,04206228354	25,0487068573
15	0,680678408278	-4,55724860243	25,1833773243
15,01	0,645771823238	-4,4118044981	13,6017171645
15,02	0,593411945678	-4,36332312999	8,48423941938
15,03	0,558505360638	-4,31484176188	9,29226222118
15,04	0,506145483078	-4,21787902566	14,2750694993
15,05	0,471238898038	-3,87850944888	9,29226222136
15,06	0,436332312999	-4,12091628943	12,5243534288
15,07	0,383972435439	-3,92699081699	38,3810830879
15,08	0,349065850399	-3,05432619099	39,0544354227
15,09	0,331612557879	-2,86040071855	16,2951265039
15,1	0,296705972839	-3,05432619099	17,6418311737
15,11	0,261799387799	-2,61799387799	28,2807980647
15,12	0,244346095279	-2,18166156499	17,6418311737
15,13	0,226892802759	-2,37558703744	16,295126504
15,14	0,191986217719	-2,18166156499	39,1891058897
15,15	0,1745329252	-1,308996939	39,1891058896
15,16	0,1745329252	-1,11507146655	16,2951265039
15,17	0,157079632679	-1,308996939	17,6418311738
15,18	0,13962634016	-0,872664625997	28,2807980648
15,19	0,13962634016	-0,436332312998	17,6418311738
15,2	0,13962634016	-0,630257785441	16,295126504
15,21	0,12217304764	-0,436332312998	39,1891058896
15,22	0,12217304764	0,436332312998	39,3237763566
15,23	0,13962634016	0,630257785441	17,2378197728
15,24	0,13962634016	0,436332312998	22,0859565839
15,25	0,13962634016	0,921145994108	39,1891058898
15,26	0,157079632679	1,50292241144	33,5329462768
15,27	0,1745329252	1,69684788388	17,5071607067
15,28	0,191986217719	1,74532925199	10,23495549
15,29	0,209439510239	1,7938106201	14,0057285654
15,3	0,226892802759	1,93925472444	26,1260705932
15,31	0,244346095279	2,42406840555	29,7621732014
15,32	0,279252680319	2,61799387799	25,5873887252
15,33	0,296705972839	2,81191935044	29,7621732015
15,34	0,331612557879	3,29673303155	26,1260705931
15,35	0,366519142919	3,44217713588	13,8710580984
15,36	0,401425727959	3,49065850399	9,42693268818
15,37	0,436332312999	3,5391398721	13,8710580984
15,38	0,471238898038	3,68458397643	25,9914001263
15,39	0,506145483078	4,16939765754	28,8194799326
15,4	0,558505360638	4,36332312999	21,008592848
15,41	0,593411945678	4,50876723432	17,9111721076
15,42	0,645771823238	4,84813681109	5,65615961297
15,43	0,698131700798	4,55724860243	0,673352334953
15,44	0,733038285838	4,60572997054	16,9684788388
15,45	0,785398163398	5,04206228354	21,277933782
15,46	0,837758040957	5,18750638787	11,9856715608
15,47	0,890117918517	5,23598775598	4,57879587714
15,48	0,942477796077	5,23598775598	0,942693268791
15,49	0,994837673637	5,23598775598	0,134670467006
15,5	1,0471975512	5,23598775598	0
15,51	1,09955742876	5,23598775598	-3,15747428203E-011
15,52	1,15191730632	5,23598775598	3,15747428203E-011
15,53	1,20427718388	5,23598775598	0
15,54	1,25663706144	5,23598775598	-3,15747428203E-011
15,55	1,308996939	5,23598775598	-0,134670466943
15,56	1,36135681656	5,23598775598	-0,942693268823
15,57	1,41371669412	5,23598775598	-4,57879587717
15,58	1,46607657168	5,18750638787	-11,9856715607
15,59	1,51843644924	5,04206228354	-21,412604249
15,6	1,57079632679	4,60572997054	-17,7765016407
15,61	1,60570291183	4,55724860243	-4,30945494316
15,62	1,65806278939	4,79965544299	-12,9283648296
15,63	1,71042266695	4,36332312999	-26,3954115271
15,64	1,74532925199	3,92699081699	-13,0630352966
15,65	1,78023583703	4,16939765754	-5,25214821204
15,66	1,83259571459	4,12091628943	-22,4899679848
15,67	1,86750229963	3,63610260832	-34,2062986116
15,68	1,90240888467	3,34521439966	-37,0343784181
15,69	1,93731546971	2,81191935044	-29,7621732015
15,7	1,95476876223	2,6664752461	-14,6790809003
15,71	1,98967534727	2,61799387799	-9,5616031552
15,72	2,00712863979	2,56951250988	-13,8710580985
15,73	2,04203522483	2,42406840555	-26,1260705931
15,74	2,05948851735	1,93925472444	-29,7621732013
15,75	2,07694180987	1,745329252	-25,7220591921
15,76	2,09439510239	1,55140377955	-30,5701960033
15,77	2,11184839491	1,06659009844	-29,8968436685
15,78	2,11184839491	0,872664625996	-22,0859565839
15,79	2,12930168743	0,727220521663	-22,4899679848
15,8	2,12930168743	0,339369576776	-17,6418311737
15,81	2,12930168743	0,484813681109	-21,9512861169
15,82	2,14675497995	0	-33,9369576776
15,83	2,12930168743	-0,484813681109	-21,9512861169
15,84	2,12930168743	-0,339369576776	-17,6418311737
15,85	2,12930168743	-0,727220521663	-22,6246384518
15,86	2,11184839491	-0,872664625996	-22,8939793858
15,87	2,11184839491	-1,06659009844	-33,6676167438
15,88	2,09439510239	-1,59988514766	-38,6504240218
15,89	2,07694180987	-1,89077335633	-37,9770716868
15,9	2,05948851735	-2,42406840555	-29,8968436683
15,91	2,02458193231	-2,56951250988	-14,6790809003
15,92	2,00712863979	-2,61799387799	-9,56160315533
15,93	1,97222205475	-2,6664752461	-13,7363876315
15,94	1,95476876223	-2,81191935044	-25,3180477912
15,95	1,91986217719	-3,29673303154	-25,991400126
15,96	1,88495559215	-3,44217713588	-17,5071607067
15,97	1,85004900711	-3,5391398721	-17,5071607068
15,98	1,81514242207	-3,68458397643	-25,9914001262
15,99	1,78023583703	-4,16939765754	-25,3180477913
16	1,72787595947	-4,31484176188	-13,7363876314
16,01	1,69296937443	-4,36332312999	-9,42693268813
16,02	1,64060949687	-4,4118044981	-13,7363876314
16,03	1,60570291183	-4,55724860243	-25,1833773243
16,04	1,55334303428	-5,04206228354	-25,0487068574
16,05	1,50098315672	-5,18750638787	-12,7936943626
16,06	1,44862327916	-5,23598775598	-4,71346634409
16,07	1,3962634016	-5,23598775598	-0,942693268856
16,08	1,34390352404	-5,23598775598	-0,13467046698
16,09	1,29154364648	-5,23598775598	7,89985361078E-012
16,1	1,23918376892	-5,23598775598	-7,98275026328E-011
16,11	1,18682389136	-5,23598775598	-6,05367607894E-011
16,12	1,1344640138	-5,23598775598	6,05367607894E-011
16,13	1,08210413624	-5,23598775598	7,98275026328E-011
16,14	1,02974425868	-5,23598775598	0,134670466967
16,15	0,977384381117	-5,23598775598	0,942693268828
16,16	0,925024503557	-5,23598775598	4,57879587717
16,17	0,872664625997	-5,18750638787	11,9856715607
16,18	0,820304748437	-5,04206228354	21,277933782
16,19	0,767944870877	-4,60572997054	16,9684788389
16,2	0,733038285838	-4,55724860243	0,673352334902
16,21	0,680678408278	-4,84813681109	5,52148914593
16,22	0,628318530718	-4,50876723432	16,9684788387
16,23	0,593411945678	-4,36332312999	16,4297969709
16,24	0,541052068118	-4,21787902565	17,1031493059
16,25	0,506145483078	-3,87850944888	6,46418241484
16,26	0,471238898038	-4,16939765754	5,25214821206
16,27	0,418879020479	-4,07243492132	28,9541503996
16,28	0,383972435439	-3,49065850399	42,690538031
16,29	0,349065850399	-2,90888208665	29,8968436684
16,3	0,331612557879	-2,81191935044	9,83094408912
16,31	0,296705972839	-3,05432619099	18,4498539756
16,32	0,261799387799	-2,56951250988	38,3810830878
16,33	0,244346095279	-1,98773609255	33,3982758097
16,34	0,226892802759	-1,79381062011	17,5071607068
16,35	0,209439510239	-1,74532925199	10,2349554901
16,36	0,191986217719	-1,69684788388	14,0057285653
16,37	0,1745329252	-1,55140377955	26,126070593
16,38	0,157079632679	-1,06659009844	29,7621732015
16,39	0,157079632679	-0,872664625997	25,5873887253
16,4	0,13962634016	-0,678739153553	29,8968436684
16,41	0,13962634016	-0,193925472443	27,0687638619
16,42	0,13962634016	-0,0484813681109	18,4498539755
16,43	0,13962634016	0,0484813681109	21,277933782
16,44	0,13962634016	0,242406840555	34,2062986116
16,45	0,13962634016	0,824183257886	38,5157535549
16,46	0,157079632679	1,308996939	18,4498539756
16,47	0,1745329252	1,06659009844	9,8309440891
16,48	0,1745329252	1,16355283466	29,8968436683
16,49	0,191986217719	1,74532925199	42,825208498
16,5	0,209439510239	2,32710566933	29,8968436684
16,51	0,244346095279	2,42406840555	9,83094408909
16,52	0,261799387799	2,18166156499	18,4498539755
16,53	0,279252680319	2,6664752461	38,3810830879
16,54	0,314159265359	3,24825166343	33,2636053429
16,55	0,349065850399	3,44217713588	16,6991379049
16,56	0,383972435439	3,49065850399	6,46418241481
16,57	0,418879020479	3,49065850399	5,79083007992
16,58	0,453785605519	3,5391398721	12,9283648296
16,59	0,488692190558	3,68458397643	25,0487068573
16,6	0,523598775598	4,16939765754	25,1833773243
16,61	0,575958653158	4,31484176187	13,7363876314
16,62	0,610865238198	4,36332312998	9,42693268825
16,63	0,663225115758	4,4118044981	13,7363876315
16,64	0,698131700798	4,55724860243	25,1833773244
16,65	0,750491578358	5,04206228354	25,0487068574
16,66	0,802851455917	5,18750638787	12,7936943625
16,67	0,855211333477	5,23598775598	4,71346634403
16,68	0,907571211037	5,23598775598	0,94269326883
16,69	0,959931088597	5,23598775598	0,134670466969
16,7	1,01229096616	5,23598775598	-3,24505854286E-011
16,71	1,06465084372	5,23598775598	3,15747428203E-011
16,72	1,11701072128	5,23598775598	0
16,73	1,16937059884	5,23598775598	-3,15747428203E-011
16,74	1,2217304764	5,23598775598	3,15747428203E-011
16,75	1,27409035396	5,23598775598	-0,134670466975
16,76	1,32645023152	5,23598775598	-0,942693268854
16,77	1,37881010908	5,23598775598	-4,57879587711
16,78	1,43116998664	5,18750638787	-11,9856715607
16,79	1,4835298642	5,04206228354	-21,412604249
16,8	1,53588974175	4,60572997054	-17,7765016406
16,81	1,57079632679	4,55724860243	-4,30945494321
16,82	1,62315620435	4,79965544298	-12,9283648296
16,83	1,67551608191	4,36332312998	-26,3954115271
16,84	1,71042266695	3,92699081699	-12,9283648296
16,85	1,74532925199	4,16939765754	-4,44412541017
16,86	1,79768912955	4,12091628943	-18,7191949095
16,87	1,83259571459	3,68458397643	-26,1260705931
16,88	1,86750229963	3,49065850399	-24,7793659234
16,89	1,90240888467	3,29673303154	-29,6275027345
16,9	1,93731546971	2,81191935044	-26,1260705932
16,91	1,95476876223	2,6664752461	-13,8710580984
16,92	1,98967534727	2,61799387799	-9,42693268822
16,93	2,00712863979	2,56951250988	-13,8710580985
16,94	2,04203522483	2,42406840555	-26,1260705931
16,95	2,05948851735	1,93925472444	-29,7621732013
16,96	2,07694180987	1,745329252	-25,7220591921
16,97	2,09439510239	1,55140377955	-30,7048664703
16,98	2,11184839491	1,06659009844	-30,7048664703
16,99	2,11184839491	0,872664625996	-25,7220591922
17	2,12930168743	0,678739153552	-29,8968436684
17,01	2,12930168743	0,193925472443	-26,9340933949
17,02	2,12930168743	0,0484813681109	-17,6418311737
17,03	2,12930168743	-0,0484813681109	-17,6418311737
17,04	2,12930168743	-0,193925472443	-26,9340933949
17,05	2,12930168743	-0,678739153552	-29,8968436684
17,06	2,11184839491	-0,872664625996	-25,7220591922
17,07	2,11184839491	-1,06659009844	-30,7048664703
17,08	2,09439510239	-1,55140377955	-30,7048664703
17,09	2,07694180987	-1,745329252	-25,7220591921
17,1	2,05948851735	-1,93925472444	-29,7621732013
17,11	2,04203522483	-2,42406840555	-26,1260705931
17,12	2,00712863979	-2,56951250988	-13,8710580985
17,13	1,98967534727	-2,61799387799	-9,42693268822
17,14	1,95476876223	-2,6664752461	-13,7363876314
17,15	1,93731546971	-2,81191935044	-25,3180477913
17,16	1,90240888467	-3,29673303154	-25,9914001262
17,17	1,86750229963	-3,44217713588	-17,5071607067
17,18	1,83259571459	-3,5391398721	-17,5071607067
17,19	1,79768912955	-3,68458397643	-25,9914001261
17,2	1,76278254451	-4,16939765754	-25,3180477912
17,21	1,71042266695	-4,31484176187	-13,7363876314
17,22	1,67551608191	-4,36332312998	-9,42693268828
17,23	1,62315620435	-4,4118044981	-13,7363876315
17,24	1,58824961931	-4,55724860243	-25,1833773243
17,25	1,53588974175	-5,04206228354	-25,0487068573
17,26	1,4835298642	-5,18750638787	-12,7936943626
17,27	1,43116998664	-5,23598775598	-4,71346634411
17,28	1,37881010908	-5,23598775598	-0,942693268791
17,29	1,32645023152	-5,23598775598	-0,134670467006
17,3	1,27409035396	-5,23598775598	0
17,31	1,2217304764	-5,23598775598	3,15747428203E-011
17,32	1,16937059884	-5,23598775598	-3,15747428203E-011
17,33	1,11701072128	-5,23598775598	0
17,34	1,06465084372	-5,23598775598	0,134670467006
17,35	1,01229096616	-5,23598775598	0,942693268791
17,36	0,959931088597	-5,23598775598	4,57879587714
17,37	0,907571211037	-5,18750638787	11,9856715608
17,38	0,855211333477	-5,04206228354	21,277933782
17,39	0,802851455917	-4,60572997054	16,9684788388
17,4	0,767944870877	-4,55724860243	0,538681867978
17,41	0,715584993318	-4,84813681109	4,71346634414
17,42	0,663225115758	-4,50876723432	13,3323762305
17,43	0,628318530718	-4,4118044981	9,1575917542
17,44	0,575958653158	-4,36332312999	8,4842394194
17,45	0,541052068118	-4,31484176187	13,6017171645
17,46	0,488692190558	-4,16939765754	25,3180477913
17,47	0,453785605519	-3,68458397643	25,9914001261
17,48	0,418879020479	-3,5391398721	17,5071607067
17,49	0,383972435439	-3,44217713588	17,6418311737
17,5	0,349065850399	-3,29673303154	26,934093395
17,51	0,314159265359	-2,81191935044	29,8968436685
17,52	0,296705972839	-2,61799387799	25,5873887253
17,53	0,261799387799	-2,42406840555	29,7621732013
17,54	0,244346095279	-1,93925472444	26,126070593
17,55	0,226892802759	-1,79381062011	14,0057285654
17,56	0,209439510239	-1,74532925199	10,2349554901
17,57	0,191986217719	-1,69684788388	17,5071607066
17,58	0,1745329252	-1,50292241144	33,3982758097
17,59	0,157079632679	-0,921145994111	38,3810830879
17,6	0,157079632679	-0,436332312999	18,4498539757
17,61	0,157079632679	-0,678739153553	9,9656145562
17,62	0,13962634016	-0,58177641733	30,7048664703
17,63	0,13962634016	0	46,4613111063
17,64	0,13962634016	0,630257785442	37,1690488851
17,65	0,157079632679	0,824183257886	18,3151835087
17,66	0,157079632679	0,872664626	10,3696259571
17,67	0,1745329252	0,921145994111	14,0057285653
17,68	0,1745329252	1,06659009844	26,126070593
17,69	0,191986217719	1,55140377955	29,7621732014
17,7	0,209439510239	1,74532925199	25,7220591923
17,71	0,226892802759	1,93925472444	30,7048664703
17,72	0,244346095279	2,42406840555	30,7048664702
17,73	0,279252680319	2,61799387799	25,7220591922
17,74	0,296705972839	2,81191935044	29,7621732015
17,75	0,331612557879	3,29673303154	25,9914001261
17,76	0,366519142919	3,44217713588	13,0630352965
17,77	0,401425727959	3,49065850399	5,65615961286
17,78	0,436332312999	3,49065850399	5,65615961294
17,79	0,471238898038	3,5391398721	13,0630352966
17,8	0,506145483078	3,68458397643	25,8567296592
17,81	0,541052068118	4,16939765754	28,8194799327
17,82	0,593411945678	4,36332312999	21,008592848
17,83	0,628318530718	4,50876723432	17,9111721076
17,84	0,680678408278	4,84813681109	5,65615961291
17,85	0,733038285838	4,55724860243	0,673352334902
17,86	0,767944870877	4,60572997054	16,9684788389
17,87	0,820304748437	5,04206228354	21,277933782
17,88	0,872664625997	5,18750638787	11,9856715607
17,89	0,925024503557	5,23598775598	4,57879587717
17,9	0,977384381117	5,23598775598	0,942693268828
17,91	1,02974425868	5,23598775598	0,134670466967
17,92	1,08210413624	5,23598775598	7,98275026328E-011
17,93	1,1344640138	5,23598775598	6,05367607894E-011
17,94	1,18682389136	5,23598775598	-6,05367607894E-011
17,95	1,23918376892	5,23598775598	-7,98275026328E-011
17,96	1,29154364648	5,23598775598	-0,134670466967
17,97	1,34390352404	5,23598775598	-0,942693268828
17,98	1,3962634016	5,23598775598	-4,71346634415
17,99	1,44862327916	5,18750638787	-12,7936943626
18	1,50098315672	5,04206228354	-25,0487068573
18,01	1,55334303428	4,55724860243	-25,1833773243
18,02	1,58824961931	4,4118044981	-13,7363876315
18,03	1,64060949687	4,36332312998	-9,42693268825
18,04	1,67551608191	4,31484176187	-13,7363876314
18,05	1,72787595947	4,16939765754	-25,1833773243
18,06	1,76278254451	3,68458397643	-25,0487068573
18,07	1,79768912955	3,5391398721	-12,9283648296
18,08	1,83259571459	3,49065850399	-5,65615961294
18,09	1,86750229963	3,49065850399	-5,65615961296
18,1	1,90240888467	3,44217713588	-13,0630352966
18,11	1,93731546971	3,29673303154	-25,9914001262
18,12	1,97222205475	2,81191935043	-29,7621732014
18,13	1,98967534727	2,61799387799	-25,7220591922
18,14	2,02458193231	2,42406840555	-30,7048664703
18,15	2,04203522483	1,93925472444	-30,7048664703
18,16	2,05948851735	1,74532925199	-25,8567296591
18,17	2,07694180987	1,55140377955	-30,5701960032
18,18	2,09439510239	1,06659009844	-29,7621732015
18,19	2,09439510239	0,872664625997	-21,2779337821
18,2	2,11184839491	0,727220521663	-18,8538653765
18,21	2,11184839491	0,387850944887	-10,3696259571
18,22	2,11184839491	0,630257785441	-13,4670466975
18,23	2,12930168743	0,436332312998	-42,0171856961
18,24	2,12930168743	-0,484813681109	-46,4613111063
18,25	2,11184839491	-0,775701889774	-25,7220591922
18,26	2,11184839491	-0,872664625996	-14,0057285654
18,27	2,09439510239	-0,921145994108	-14,8137513673
18,28	2,09439510239	-1,06659009844	-26,2607410601
18,29	2,07694180987	-1,55140377955	-29,7621732013
18,3	2,05948851735	-1,74532925199	-25,5873887251
18,31	2,04203522483	-1,93925472444	-29,7621732015
18,32	2,02458193231	-2,42406840555	-26,1260705932
18,33	1,98967534727	-2,56951250988	-13,8710580984
18,34	1,97222205475	-2,61799387799	-9,42693268823
18,35	1,93731546971	-2,6664752461	-13,8710580984
18,36	1,91986217719	-2,81191935044	-26,1260705931
18,37	1,88495559215	-3,29673303154	-29,7621732014
18,38	1,85004900711	-3,49065850399	-25,5873887253
18,39	1,81514242207	-3,68458397643	-29,7621732015
18,4	1,78023583703	-4,16939765754	-26,1260705932
18,41	1,72787595947	-4,31484176188	-13,8710580984
18,42	1,69296937443	-4,36332312999	-9,29226222118
18,43	1,64060949687	-4,4118044981	-12,7936943626
18,44	1,60570291183	-4,55724860243	-20,6045814471
18,45	1,55334303428	-4,99358091543	-13,1977057636
18,46	1,50098315672	-4,99358091543	7,54154615056
18,47	1,44862327916	-4,60572997054	7,54154615061
18,48	1,41371669412	-4,60572997054	-13,1977057635
18,49	1,36135681656	-5,04206228354	-20,4699109801
18,5	1,308996939	-5,18750638787	-11,8510010937
18,51	1,25663706144	-5,23598775598	-4,57879587717
18,52	1,20427718388	-5,23598775598	-0,942693268822
18,53	1,15191730632	-5,23598775598	-0,134670466943
18,54	1,09955742876	-5,23598775598	-3,15747428203E-011
18,55	1,0471975512	-5,23598775598	0
18,56	0,994837673637	-5,23598775598	0,134670467006
18,57	0,942477796077	-5,23598775598	0,942693268791
18,58	0,890117918517	-5,23598775598	4,71346634411
18,59	0,837758040957	-5,18750638787	12,7936943626
18,6	0,785398163398	-5,04206228354	25,0487068573
18,61	0,733038285838	-4,55724860243	25,1833773243
18,62	0,698131700798	-4,4118044981	13,6017171645
18,63	0,645771823238	-4,36332312998	8,48423941946
18,64	0,610865238198	-4,31484176187	9,1575917543
18,65	0,558505360638	-4,21787902565	13,4670466975
18,66	0,523598775598	-3,87850944888	5,65615961294
18,67	0,488692190558	-4,16939765754	5,11747774504
18,68	0,436332312999	-4,07243492132	28,9541503995
18,69	0,401425727959	-3,49065850399	42,690538031
18,7	0,366519142919	-2,90888208666	29,8968436684
18,71	0,349065850399	-2,81191935044	9,83094408923
18,72	0,314159265359	-3,05432619099	18,4498539757
18,73	0,279252680319	-2,56951250988	38,3810830879
18,74	0,261799387799	-1,98773609255	33,3982758097
18,75	0,244346095279	-1,79381062011	17,5071607067
18,76	0,226892802759	-1,745329252	10,2349554902
18,77	0,209439510239	-1,69684788388	14,0057285655
18,78	0,191986217719	-1,55140377955	26,1260705931
18,79	0,1745329252	-1,06659009844	29,7621732013
18,8	0,1745329252	-0,872664626	25,5873887251
18,81	0,157079632679	-0,678739153556	29,8968436684
18,82	0,157079632679	-0,193925472445	26,9340933951
18,83	0,157079632679	-0,0484813681112	17,6418311738
18,84	0,157079632679	0,0484813681112	17,6418311738
18,85	0,157079632679	0,193925472445	26,9340933951
18,86	0,157079632679	0,678739153556	29,8968436684
18,87	0,1745329252	0,872664626	25,7220591921
18,88	0,1745329252	1,06659009844	30,7048664701
18,89	0,191986217719	1,55140377955	30,7048664702
18,9	0,209439510239	1,74532925199	25,7220591923
18,91	0,226892802759	1,93925472444	29,7621732015
18,92	0,244346095279	2,42406840555	26,1260705931
18,93	0,279252680319	2,56951250988	13,8710580984
18,94	0,296705972839	2,61799387799	9,42693268826
18,95	0,331612557879	2,6664752461	13,8710580984
18,96	0,349065850399	2,81191935043	26,1260705931
18,97	0,383972435439	3,29673303154	29,6275027345
18,98	0,418879020479	3,49065850399	24,7793659234
18,99	0,453785605519	3,68458397643	26,1260705931
19	0,488692190558	4,12091628943	18,7191949095
19,01	0,541052068118	4,16939765754	4,44412541019
19,02	0,575958653158	3,92699081699	12,9283648296
19,03	0,610865238198	4,36332312999	26,3954115271
19,04	0,663225115758	4,79965544299	12,9283648296
19,05	0,715584993318	4,55724860243	4,30945494316
19,06	0,750491578358	4,60572997054	17,7765016407
19,07	0,802851455917	5,04206228354	21,412604249
19,08	0,855211333477	5,18750638787	11,9856715607
19,09	0,907571211037	5,23598775598	4,57879587717
19,1	0,959931088597	5,23598775598	0,942693268822
19,11	1,01229096616	5,23598775598	0,134670466943
19,12	1,06465084372	5,23598775598	3,15747428203E-011
19,13	1,11701072128	5,23598775598	-0,134670466975
19,14	1,16937059884	5,23598775598	-0,942693268855
19,15	1,2217304764	5,23598775598	-4,57879587711
19,16	1,27409035396	5,18750638787	-11,8510010938
19,17	1,32645023152	5,04206228354	-20,4699109802
19,18	1,37881010908	4,60572997054	-13,1977057635
19,19	1,41371669412	4,60572997054	7,54154615061
19,2	1,46607657168	4,99358091543	7,54154615065
19,21	1,51843644924	4,99358091543	-13,1977057635
19,22	1,57079632679	4,55724860243	-20,6045814472
19,23	1,60570291183	4,4118044981	-12,7936943626
19,24	1,65806278939	4,36332312998	-9,29226222122
19,25	1,69296937443	4,31484176187	-13,7363876313
19,26	1,74532925199	4,16939765754	-25,1833773243
19,27	1,78023583703	3,68458397643	-25,1833773244
19,28	1,81514242207	3,5391398721	-13,7363876315
19,29	1,85004900711	3,49065850399	-9,42693268833
19,3	1,88495559215	3,44217713587	-13,8710580984
19,31	1,91986217719	3,29673303154	-26,126070593
19,32	1,95476876223	2,81191935044	-29,7621732014
19,33	1,97222205475	2,61799387799	-25,5873887252
19,34	2,00712863979	2,42406840555	-29,8968436685
19,35	2,02458193231	1,93925472444	-26,9340933951
19,36	2,04203522483	1,7938106201	-17,6418311737
19,37	2,05948851735	1,69684788388	-17,6418311736
19,38	2,07694180987	1,55140377955	-26,9340933949
19,39	2,09439510239	1,06659009844	-29,8968436684
19,4	2,09439510239	0,872664625997	-25,5873887253
19,41	2,11184839491	0,678739153553	-29,8968436684
19,42	2,11184839491	0,193925472443	-26,934093395
19,43	2,11184839491	0,0484813681109	-17,6418311737
19,44	2,11184839491	-0,0484813681109	-17,6418311737
19,45	2,11184839491	-0,193925472443	-26,934093395
19,46	2,11184839491	-0,678739153553	-29,8968436684
19,47	2,09439510239	-0,872664625997	-25,5873887253
19,48	2,09439510239	-1,06659009844	-29,8968436684
19,49	2,07694180987	-1,55140377955	-26,9340933949
19,5	2,05948851735	-1,69684788388	-17,6418311736
19,51	2,04203522483	-1,7938106201	-17,6418311737
19,52	2,02458193231	-1,93925472444	-26,9340933951
19,53	2,00712863979	-2,42406840555	-29,8968436685
19,54	1,97222205475	-2,61799387799	-25,5873887252
19,55	1,95476876223	-2,81191935044	-29,7621732014
19,56	1,91986217719	-3,29673303154	-25,991400126
19,57	1,88495559215	-3,44217713587	-13,0630352965
19,58	1,85004900711	-3,49065850399	-5,65615961301
19,59	1,81514242207	-3,49065850399	-5,65615961299
19,6	1,78023583703	-3,5391398721	-13,0630352966
19,61	1,74532925199	-3,68458397643	-25,9914001261
19,62	1,71042266695	-4,16939765754	-29,6275027344
19,63	1,65806278939	-4,36332312998	-24,6446954564
19,64	1,62315620435	-4,55724860243	-25,1833773244
19,65	1,57079632679	-4,99358091543	-14,1403990324
19,66	1,51843644924	-4,99358091543	7,40687568368
19,67	1,46607657168	-4,60572997054	7,54154615071
19,68	1,43116998664	-4,60572997054	-13,1977057635
19,69	1,37881010908	-5,04206228354	-20,4699109802
19,7	1,32645023152	-5,18750638787	-11,8510010938
19,71	1,27409035396	-5,23598775598	-4,57879587716
19,72	1,2217304764	-5,23598775598	-0,942693268796
19,73	1,16937059884	-5,23598775598	-0,134670467007
19,74	1,11701072128	-5,23598775598	0,134670466975
19,75	1,06465084372	-5,23598775598	0,942693268854
19,76	1,01229096616	-5,23598775598	4,57879587711
19,77	0,959931088597	-5,18750638787	11,8510010938
19,78	0,907571211037	-5,04206228354	20,4699109802
19,79	0,855211333477	-4,60572997054	13,1977057635
19,8	0,820304748437	-4,60572997054	-7,54154615056
19,81	0,767944870877	-4,99358091543	-7,40687568352
19,82	0,715584993318	-4,99358091543	14,1403990324
19,83	0,663225115758	-4,55724860243	25,1833773242
19,84	0,628318530718	-4,36332312999	24,6446954563
19,85	0,575958653158	-4,16939765754	29,6275027344
19,86	0,541052068118	-3,68458397643	25,9914001262
19,87	0,506145483078	-3,5391398721	12,9283648297
19,88	0,471238898038	-3,49065850399	4,84813681119
19,89	0,436332312999	-3,49065850399	2,02005700463
19,9	0,401425727959	-3,49065850399	5,79083007984
19,91	0,366519142919	-3,44217713588	17,3724902397
19,92	0,331612557879	-3,24825166343	37,0343784181
19,93	0,296705972839	-2,61799387799	46,4613111064
19,94	0,279252680319	-2,03621746066	30,5701960033
19,95	0,261799387799	-1,93925472444	9,02292128722
19,96	0,244346095279	-2,18166156499	13,8710580982
19,97	0,209439510239	-1,745329252	26,1260705927
19,98	0,209439510239	-1,308996939	10,2618895827
19,99	0,191986217719	-1,55140377957	-5,18481297997
20	0,1745329252	-1,64836651581	-9,96561455804
