Vernier Format 2
Файл.gmbl 07.12.2019 14:39:22 ,
Новый
Время	Угол	Скорость	Ускорение
t	Угол	v	a
с	rad	rad/с	rad/с²

0	0	0,0969627362218	20,4968450735
0,01	0	0,26664752461	19,9042950189
0,02	0	0,639954059064	9,73667476227
0,03	0,0174532925199	0,630257785441	-13,2381069036
0,04	0,0174532925199	0,193925472444	-20,6180484938
0,05	0,0174532925199	0,0484813681109	-11,8779351872
0,06	0,0174532925199	0	-4,57879587714
0,07	0,0174532925199	0	-0,942693268823
0,08	0,0174532925199	0	-0,134670466975
0,09	0,0174532925199	0	0
0,1	0,0174532925199	0	0
0,11	0,0174532925199	0	0
0,12	0,0174532925199	0	0
0,13	0,0174532925199	0	0
0,14	0,0174532925199	0	0
0,15	0,0174532925199	0	0
0,16	0,0174532925199	0	0
0,17	0,0174532925199	0	0
0,18	0,0174532925199	0	0
0,19	0,0174532925199	0	0
0,2	0,0174532925199	0	0
0,21	0,0174532925199	0	0
0,22	0,0174532925199	0	0
0,23	0,0174532925199	0	0
0,24	0,0174532925199	0	0
0,25	0,0174532925199	0	0
0,26	0,0174532925199	0	0
0,27	0,0174532925199	0	0
0,28	0,0174532925199	0	0
0,29	0,0174532925199	0	0
0,3	0,0174532925199	0	0
0,31	0,0174532925199	0	0
0,32	0,0174532925199	0	0
0,33	0,0174532925199	0	0
0,34	0,0174532925199	0	0
0,35	0,0174532925199	0	0
0,36	0,0174532925199	0	0
0,37	0,0174532925199	0	0
0,38	0,0174532925199	0	0
0,39	0,0174532925199	0	0
0,4	0,0174532925199	0	0
0,41	0,0174532925199	0	0
0,42	0,0174532925199	0	0
0,43	0,0174532925199	0	0
0,44	0,0174532925199	0	0
0,45	0,0174532925199	0	0
0,46	0,0174532925199	0	0
0,47	0,0174532925199	0	0
0,48	0,0174532925199	0	0
0,49	0,0174532925199	0	0
0,5	0,0174532925199	0	0
0,51	0,0174532925199	0	0
0,52	0,0174532925199	0	0
0,53	0,0174532925199	0	0
0,54	0,0174532925199	0	0
0,55	0,0174532925199	0	0
0,56	0,0174532925199	0	0
0,57	0,0174532925199	0	0
0,58	0,0174532925199	0	0
0,59	0,0174532925199	0	0
0,6	0,0174532925199	0	0
0,61	0,0174532925199	0	0
0,62	0,0174532925199	0	0,134670466975
0,63	0,0174532925199	0	0,942693268823
0,64	0,0174532925199	0	4,71346634411
0,65	0,0174532925199	0,0484813681109	12,7936943626
0,66	0,0174532925199	0,193925472444	25,0487068573
0,67	0,0174532925199	0,678739153552	25,3180477912
0,68	0,0349065850398	0,824183257885	14,6790809002
0,69	0,0349065850398	0,872664625996	14,0057285654
0,7	0,0523598775598	0,969627362218	25,7220591922
0,71	0,0523598775598	1,26051557088	46,5959815734
0,72	0,0698131700797	2,18166156499	42,959878965
0,73	0,10471975512	2,37558703744	18,0458425746
0,74	0,12217304764	2,18166156499	22,2206270509
0,75	0,139626340159	2,6664752461	39,3237763567
0,76	0,174532925199	3,24825166343	34,3409690786
0,77	0,209439510239	3,44217713588	21,277933782
0,78	0,244346095279	3,5391398721	18,4498539755
0,79	0,279252680319	3,68458397643	27,0687638619
0,8	0,314159265359	4,16939765754	29,8968436684
0,81	0,366519142919	4,36332312999	25,5873887253
0,82	0,401425727959	4,55724860243	29,8968436684
0,83	0,453785605519	5,04206228354	26,9340933949
0,84	0,506145483078	5,18750638787	17,6418311737
0,85	0,558505360638	5,28446912409	17,5071607067
0,86	0,610865238198	5,42991322843	25,9914001261
0,87	0,663225115758	5,91472690953	25,3180477913
0,88	0,733038285838	6,06017101387	13,6017171645
0,89	0,785398163397	6,10865238198	8,48423941935
0,9	0,855211333477	6,15713375009	9,15759175423
0,91	0,907571211037	6,25409648631	13,3323762306
0,92	0,977384381117	6,59346606309	4,71346634425
0,93	1,0471975512	6,30257785443	0,538681867976
0,94	1,09955742876	6,35105922254	16,9684788388
0,95	1,16937059884	6,78739153553	21,277933782
0,96	1,23918376892	6,93283563987	11,8510010937
0,97	1,308996939	6,98131700798	3,63610260824
0,98	1,37881010908	6,98131700798	-3,63610260845
0,99	1,44862327916	6,93283563986	-11,8510010939
1	1,51843644923	6,78739153553	-21,2779337819
1,01	1,58824961931	6,35105922254	-16,9684788387
1,02	1,64060949687	6,30257785443	-0,538681867851
1,03	1,71042266695	6,59346606309	-4,71346634416
1,04	1,78023583703	6,25409648631	-13,3323762306
1,05	1,83259571459	6,15713375009	-9,15759175436
1,06	1,90240888467	6,10865238198	-8,48423941935
1,07	1,95476876223	6,06017101387	-13,7363876314
1,08	2,02458193231	5,91472690954	-26,1260705931
1,09	2,07694180987	5,42991322843	-29,7621732015
1,1	2,12930168743	5,23598775598	-25,5873887252
1,11	2,18166156499	5,04206228354	-29,7621732014
1,12	2,23402144255	4,55724860243	-26,1260705932
1,13	2,26892802759	4,4118044981	-13,8710580984
1,14	2,32128790515	4,36332312999	-9,56160315518
1,15	2,35619449019	4,31484176188	-14,6790809002
1,16	2,40855436775	4,16939765754	-29,8968436684
1,17	2,44346095279	3,63610260832	-37,977071687
1,18	2,47836753783	3,34521439965	-38,7850944888
1,19	2,51327412287	2,81191935044	-34,4756395455
1,2	2,53072741539	2,61799387799	-26,664752461
1,21	2,56563400043	2,42406840555	-30,8395369372
1,22	2,58308729295	1,93925472444	-30,7048664702
1,23	2,60054058547	1,745329252	-25,8567296592
1,24	2,61799387799	1,55140377955	-30,7048664704
1,25	2,63544717051	1,06659009844	-30,7048664703
1,26	2,63544717051	0,872664625996	-25,7220591922
1,27	2,65290046303	0,678739153552	-29,8968436684
1,28	2,65290046303	0,193925472444	-27,0687638619
1,29	2,65290046303	0,0484813681109	-18,5845244425
1,3	2,65290046303	-0,0484813681109	-22,2206270508
1,31	2,65290046303	-0,242406840554	-38,7850944887
1,32	2,65290046303	-0,872664625996	-50,2320841816
1,33	2,63544717051	-1,50292241144	-37,9770716869
1,34	2,61799387799	-1,69684788388	-18,4498539757
1,35	2,60054058547	-1,745329252	-10,3696259572
1,36	2,58308729295	-1,79381062011	-14,0057285654
1,37	2,56563400043	-1,93925472444	-26,2607410601
1,38	2,54818070791	-2,42406840555	-30,7048664703
1,39	2,51327412287	-2,61799387799	-30,1661846023
1,4	2,49582083035	-2,86040071854	-41,7478447622
1,41	2,46091424531	-3,49065850399	-47,4040043752
1,42	2,42600766027	-4,07243492132	-30,8395369373
1,43	2,37364778271	-4,16939765754	-9,96561455617
1,44	2,33874119767	-3,92699081699	-18,4498539756
1,45	2,30383461263	-4,4118044981	-38,3810830879
1,46	2,25147473507	-4,99358091543	-33,2636053428
1,47	2,19911485751	-5,18750638787	-16,6991379048
1,48	2,14675497995	-5,23598775598	-6,46418241482
1,49	2,09439510239	-5,23598775598	-5,79083007992
1,5	2,04203522483	-5,28446912409	-13,0630352965
1,51	1,98967534727	-5,42991322843	-25,9914001262
1,52	1,93731546971	-5,91472690954	-29,6275027346
1,53	1,86750229963	-6,10865238198	-24,6446954564
1,54	1,81514242207	-6,30257785443	-25,1833773242
1,55	1,74532925199	-6,73891016742	-14,1403990322
1,56	1,67551608191	-6,73891016742	7,40687568369
1,57	1,60570291183	-6,35105922253	7,5415461505
1,58	1,55334303427	-6,35105922254	-13,1977057637
1,59	1,4835298642	-6,78739153553	-20,3352405133
1,6	1,41371669412	-6,93283563987	-10,908307825
1,61	1,34390352404	-6,98131700798	2,36970936701E-011
1,62	1,27409035396	-6,93283563987	11,042978292
1,63	1,20427718388	-6,78739153553	21,1432633152
1,64	1,1344640138	-6,35105922253	16,9684788389
1,65	1,08210413624	-6,30257785442	0,538681867825
1,66	1,01229096616	-6,59346606309	4,71346634401
1,67	0,942477796077	-6,25409648631	13,3323762305
1,68	0,890117918517	-6,15713375009	9,15759175438
1,69	0,820304748437	-6,10865238198	8,48423941948
1,7	0,767944870877	-6,06017101387	13,6017171644
1,71	0,698131700798	-5,91472690954	25,1833773242
1,72	0,645771823238	-5,42991322843	25,1833773243
1,73	0,593411945678	-5,28446912409	13,8710580985
1,74	0,541052068118	-5,23598775598	10,369625957
1,75	0,488692190558	-5,18750638787	18,3151835086
1,76	0,436332312999	-4,99358091543	37,1690488851
1,77	0,383972435439	-4,36332312999	46,4613111063
1,78	0,349065850399	-3,78154671265	30,5701960033
1,79	0,314159265359	-3,68458397643	9,15759175428
1,8	0,279252680319	-3,92699081699	14,8137513672
1,81	0,226892802759	-3,49065850399	31,2435483381
1,82	0,209439510239	-3,00584482288	25,7220591922
1,83	0,174532925199	-3,1028075591	29,3581618006
1,84	0,139626340159	-2,56951250988	42,9598789651
1,85	0,12217304764	-1,98773609255	35,1489918805
1,86	0,10471975512	-1,7938106201	21,4126042489
1,87	0,0872664625997	-1,69684788388	18,4498539755
1,88	0,0698131700797	-1,55140377955	27,068763862
1,89	0,0523598775598	-1,06659009844	29,8968436685
1,9	0,0523598775598	-0,872664625996	25,7220591922
1,91	0,0349065850398	-0,678739153552	30,8395369372
1,92	0,0349065850398	-0,193925472444	31,5128892721
1,93	0,0349065850398	0	29,4928322675
1,94	0,0349065850398	0,242406840554	38,1117421538
1,95	0,0349065850398	0,824183257885	40,1317991585
1,96	0,0523598775598	1,30899693899	22,2206270509
1,97	0,0698131700797	1,11507146655	17,2378197729
1,98	0,0698131700797	1,308996939	39,3237763567
1,99	0,0872664625997	2,18166156499	39,3237763566
2	0,12217304764	2,37558703744	17,2378197728
2,01	0,139626340159	2,18166156499	22,0859565839
2,02	0,157079632679	2,6664752461	39,3237763566
2,03	0,191986217719	3,24825166343	34,3409690785
2,04	0,226892802759	3,44217713588	21,2779337819
2,05	0,261799387799	3,5391398721	18,4498539756
2,06	0,296705972839	3,68458397643	27,0687638621
2,07	0,331612557879	4,16939765754	29,8968436684
2,08	0,383972435439	4,36332312999	25,5873887251
2,09	0,418879020479	4,55724860243	29,7621732014
2,1	0,471238898038	5,04206228354	26,1260705931
2,11	0,523598775598	5,18750638787	13,8710580985
2,12	0,575958653158	5,23598775598	9,42693268826
2,13	0,628318530718	5,28446912409	13,8710580984
2,14	0,680678408278	5,42991322843	25,9914001262
2,15	0,733038285838	5,91472690954	28,8194799327
2,16	0,802851455917	6,10865238198	21,0085928481
2,17	0,855211333477	6,25409648631	17,9111721076
2,18	0,925024503557	6,59346606309	5,65615961281
2,19	0,994837673637	6,30257785442	0,673352334794
2,2	1,0471975512	6,35105922253	16,8338083719
2,21	1,11701072128	6,78739153553	20,3352405133
2,22	1,18682389136	6,93283563987	7,40687568368
2,23	1,25663706144	6,93283563987	-7,27220521663
2,24	1,32645023152	6,78739153553	-19,3925472444
2,25	1,3962634016	6,35105922254	-12,2550124948
2,26	1,44862327916	6,35105922253	11,3123192258
2,27	1,51843644923	6,78739153553	15,6217741691
2,28	1,58824961931	6,88435427176	-0,942693268696
2,29	1,65806278939	6,78739153553	-20,4699109801
2,3	1,72787595947	6,30257785443	-24,2406840555
2,31	1,78023583703	6,15713375009	-13,6017171646
2,32	1,85004900711	6,10865238198	-9,42693268831
2,33	1,90240888467	6,06017101387	-13,7363876314
2,34	1,97222205475	5,91472690954	-25,3180477912
2,35	2,02458193231	5,42991322843	-25,9914001262
2,36	2,07694180987	5,28446912409	-17,5071607068
2,37	2,12930168743	5,18750638787	-17,5071607067
2,38	2,18166156499	5,04206228354	-25,9914001261
2,39	2,23402144255	4,55724860243	-25,4527182583
2,4	2,26892802759	4,4118044981	-14,6790809003
2,41	2,32128790515	4,36332312999	-14,0057285653
2,42	2,35619449019	4,26636039376	-25,7220591921
2,43	2,40855436775	3,9754721851	-46,5959815733
2,44	2,44346095279	3,05432619099	-42,8252084981
2,45	2,46091424531	2,86040071854	-17,2378197728
2,46	2,49582083035	3,05432619099	-18,5845244425
2,47	2,53072741539	2,61799387799	-31,916900673
2,48	2,54818070791	2,13318019688	-25,0487068573
2,49	2,56563400043	2,23014293311	-25,7220591922
2,5	2,60054058547	1,745329252	-35,5530032814
2,51	2,60054058547	1,26051557088	-25,8567296593
2,52	2,61799387799	1,35747830711	-25,8567296592
2,53	2,63544717051	0,872664625996	-35,5530032813
2,54	2,63544717051	0,387850944887	-25,8567296591
2,55	2,63544717051	0,484813681109	-25,8567296591
2,56	2,65290046303	0	-35,6876737483
2,57	2,63544717051	-0,484813681109	-26,664752461
2,58	2,63544717051	-0,387850944887	-29,4928322675
2,59	2,63544717051	-0,921145994107	-42,825208498
2,6	2,61799387799	-1,50292241144	-34,3409690787
2,61	2,60054058547	-1,69684788388	-17,7765016407
2,62	2,58308729295	-1,745329252	-11,0429782919
2,63	2,56563400043	-1,7938106201	-17,7765016406
2,64	2,54818070791	-1,98773609255	-34,3409690786
2,65	2,53072741539	-2,56951250988	-42,825208498
2,66	2,49582083035	-3,1028075591	-29,4928322675
2,67	2,46091424531	-3,00584482288	-26,5300819941
2,68	2,44346095279	-3,49065850399	-34,8796509466
2,69	2,39110107523	-3,9754721851	-22,0859565839
2,7	2,35619449019	-3,83002808077	-17,6418311736
2,71	2,32128790515	-4,21787902565	-22,4899679847
2,72	2,26892802759	-4,36332312999	-21,9512861169
2,73	2,23402144255	-4,55724860243	-29,0888208666
2,74	2,18166156499	-5,04206228354	-26,799422928
2,75	2,12930168743	-5,18750638787	-17,6418311737
2,76	2,07694180987	-5,28446912409	-17,5071607068
2,77	2,02458193231	-5,42991322843	-25,9914001262
2,78	1,97222205475	-5,91472690954	-25,3180477912
2,79	1,90240888467	-6,06017101387	-13,7363876314
2,8	1,85004900711	-6,10865238198	-9,29226222134
2,81	1,78023583703	-6,15713375009	-12,7936943627
2,82	1,72787595947	-6,30257785443	-20,6045814472
2,83	1,65806278939	-6,73891016742	-13,1977057635
2,84	1,58824961931	-6,73891016742	7,54154615071
2,85	1,51843644923	-6,35105922253	7,54154615066
2,86	1,46607657168	-6,35105922253	-13,0630352966
2,87	1,3962634016	-6,78739153553	-19,5272177115
2,88	1,32645023152	-6,93283563987	-7,27220521668
2,89	1,25663706144	-6,93283563987	7,40687568365
2,9	1,18682389136	-6,78739153553	20,3352405133
2,91	1,11701072128	-6,35105922253	16,8338083719
2,92	1,06465084372	-6,30257785442	0,673352334794
2,93	0,994837673637	-6,59346606309	5,52148914584
2,94	0,925024503557	-6,25409648631	16,9684788388
2,95	0,872664625997	-6,10865238198	16,429796971
2,96	0,802851455917	-5,96320827765	16,9684788389
2,97	0,750491578357	-5,62383870087	5,65615961302
2,98	0,698131700798	-5,91472690953	1,61604560365
2,99	0,628318530718	-5,86624554143	21,6819451829
3	0,575958653158	-5,38143186032	34,2062986117
3,01	0,523598775598	-5,09054365165	37,84240122
3,02	0,471238898038	-4,55724860243	33,3982758098
3,03	0,436332312999	-4,36332312999	22,0859565839
3,04	0,383972435439	-4,21787902565	18,9885358434
3,05	0,349065850399	-3,87850944888	10,3696259571
3,06	0,314159265359	-4,12091628943	13,4670466975
3,07	0,261799387799	-3,92699081699	42,0171856961
3,08	0,226892802759	-3,00584482288	46,4613111063
3,09	0,209439510239	-2,71495661421	25,7220591922
3,1	0,174532925199	-2,61799387799	14,1403990324
3,11	0,157079632679	-2,56951250988	15,621774169
3,12	0,12217304764	-2,42406840555	30,0315141354
3,13	0,10471975512	-1,89077335633	37,9770716869
3,14	0,0872664625997	-1,59988514766	38,7850944887
3,15	0,0698131700797	-1,06659009844	34,4756395456
3,16	0,0698131700797	-0,872664625997	26,5300819941
3,17	0,0523598775598	-0,678739153553	30,0315141354
3,18	0,0523598775598	-0,193925472444	27,0687638619
3,19	0,0523598775598	-0,0484813681109	18,5845244425
3,2	0,0523598775598	0,0484813681109	22,2206270509
3,21	0,0523598775598	0,242406840555	38,7850944888
3,22	0,0523598775598	0,872664625997	50,2320841817
3,23	0,0698131700797	1,50292241144	37,9770716869
3,24	0,0872664625997	1,69684788388	18,4498539755
3,25	0,10471975512	1,74532925199	10,369625957
3,26	0,12217304764	1,7938106201	14,0057285654
3,27	0,139626340159	1,93925472444	26,2607410601
3,28	0,157079632679	2,42406840555	30,7048664702
3,29	0,191986217719	2,61799387799	30,1661846024
3,3	0,209439510239	2,86040071855	41,7478447622
3,31	0,244346095279	3,49065850399	47,4040043751
3,32	0,279252680319	4,07243492132	30,8395369373
3,33	0,331612557879	4,16939765754	9,96561455618
3,34	0,366519142919	3,92699081699	18,4498539756
3,35	0,401425727959	4,4118044981	38,3810830878
3,36	0,453785605519	4,99358091543	33,2636053427
3,37	0,506145483078	5,18750638787	16,6991379049
3,38	0,558505360638	5,23598775598	6,46418241479
3,39	0,610865238198	5,23598775598	5,7908300799
3,4	0,663225115758	5,28446912409	13,0630352966
3,41	0,715584993318	5,42991322843	25,8567296592
3,42	0,767944870877	5,91472690954	28,8194799325
3,43	0,837758040957	6,10865238198	21,008592848
3,44	0,890117918517	6,25409648631	17,9111721077
3,45	0,959931088597	6,59346606309	5,52148914609
3,46	1,02974425868	6,30257785443	-0,269340933902
3,47	1,08210413624	6,35105922254	12,3896829616
3,48	1,15191730632	6,73891016742	9,4269326881
3,49	1,2217304764	6,73891016742	-8,34956895251
3,5	1,29154364648	6,35105922253	-7,81088708445
3,51	1,34390352404	6,35105922254	12,2550124948
3,52	1,41371669412	6,78739153553	15,8911151031
3,53	1,4835298642	6,88435427176	-0,134670467022
3,54	1,55334303427	6,78739153553	-16,699137905
3,55	1,62315620435	6,35105922253	-16,0257855701
3,56	1,67551608191	6,30257785442	-0,53868186782
3,57	1,74532925199	6,59346606309	-5,65615961281
3,58	1,81514242207	6,25409648631	-17,9111721076
3,59	1,86750229963	6,10865238198	-21,0085928481
3,6	1,93731546971	5,91472690954	-28,8194799327
3,61	1,98967534727	5,42991322843	-25,9914001262
3,62	2,04203522483	5,28446912409	-13,8710580984
3,63	2,09439510239	5,23598775598	-9,42693268826
3,64	2,14675497995	5,18750638787	-13,8710580985
3,65	2,19911485751	5,04206228354	-26,1260705931
3,66	2,25147473507	4,55724860243	-29,7621732014
3,67	2,28638132011	4,36332312999	-25,7220591921
3,68	2,33874119767	4,16939765754	-30,7048664702
3,69	2,37364778271	3,68458397643	-30,7048664703
3,7	2,40855436775	3,49065850399	-25,8567296592
3,71	2,44346095279	3,29673303154	-30,7048664703
3,72	2,47836753783	2,81191935043	-30,7048664703
3,73	2,49582083035	2,61799387799	-25,7220591922
3,74	2,53072741539	2,42406840555	-29,8968436685
3,75	2,54818070791	1,93925472444	-26,934093395
3,76	2,56563400043	1,7938106201	-17,6418311736
3,77	2,58308729295	1,69684788388	-17,6418311736
3,78	2,60054058547	1,55140377955	-26,934093395
3,79	2,61799387799	1,06659009844	-30,0315141355
3,8	2,61799387799	0,872664625996	-26,5300819941
3,81	2,63544717051	0,678739153552	-34,4756395455
3,82	2,63544717051	0,145444104333	-38,9197649557
3,83	2,63544717051	-0,145444104333	-38,9197649557
3,84	2,63544717051	-0,678739153552	-34,4756395455
3,85	2,61799387799	-0,872664625996	-26,5300819941
3,86	2,61799387799	-1,06659009844	-30,0315141355
3,87	2,60054058547	-1,55140377955	-26,934093395
3,88	2,58308729295	-1,69684788388	-17,6418311736
3,89	2,56563400043	-1,7938106201	-17,6418311736
3,9	2,54818070791	-1,93925472444	-26,934093395
3,91	2,53072741539	-2,42406840555	-30,0315141354
3,92	2,49582083035	-2,61799387799	-26,530081994
3,93	2,47836753783	-2,81191935043	-34,4756395456
3,94	2,44346095279	-3,34521439966	-38,7850944888
3,95	2,40855436775	-3,63610260832	-37,977071687
3,96	2,37364778271	-4,16939765754	-29,8968436685
3,97	2,32128790515	-4,31484176188	-14,6790809002
3,98	2,28638132011	-4,36332312999	-9,56160315513
3,99	2,23402144255	-4,4118044981	-13,8710580984
4	2,19911485751	-4,55724860243	-26,1260705931
4,01	2,14675497995	-5,04206228354	-29,7621732015
4,02	2,09439510239	-5,23598775598	-25,5873887252
4,03	2,04203522483	-5,42991322843	-29,7621732014
4,04	1,98967534727	-5,91472690953	-26,1260705932
4,05	1,91986217719	-6,06017101387	-13,7363876315
4,06	1,86750229963	-6,10865238198	-8,48423941945
4,07	1,79768912955	-6,15713375009	-9,15759175423
4,08	1,74532925199	-6,25409648631	-13,3323762304
4,09	1,67551608191	-6,59346606309	-4,57879587706
4,1	1,60570291183	-6,30257785442	0,404011400845
4,11	1,55334303427	-6,35105922254	-12,3896829618
4,12	1,4835298642	-6,73891016742	-9,42693268827
4,13	1,41371669412	-6,73891016742	8,48423941945
4,14	1,34390352404	-6,35105922254	8,61890988651
4,15	1,29154364648	-6,35105922253	-8,6189098863
4,16	1,2217304764	-6,73891016742	-8,48423941948
4,17	1,15191730632	-6,73891016742	9,4269326881
4,18	1,08210413624	-6,35105922254	12,3896829616
4,19	1,02974425868	-6,30257785443	-0,269340933902
4,2	0,959931088597	-6,59346606309	5,52148914609
4,21	0,890117918517	-6,25409648631	17,9111721077
4,22	0,837758040957	-6,10865238198	21,008592848
4,23	0,767944870877	-5,91472690954	28,8194799325
4,24	0,715584993318	-5,42991322843	25,9914001262
4,25	0,663225115758	-5,28446912409	13,8710580985
4,26	0,610865238198	-5,23598775598	9,42693268822
4,27	0,558505360638	-5,18750638787	13,8710580984
4,28	0,506145483078	-5,04206228354	26,1260705931
4,29	0,453785605519	-4,55724860243	29,7621732014
4,3	0,418879020479	-4,36332312999	25,5873887252
4,31	0,366519142919	-4,16939765754	29,8968436685
4,32	0,331612557879	-3,68458397643	26,934093395
4,33	0,296705972839	-3,5391398721	17,6418311738
4,34	0,261799387799	-3,44217713588	17,6418311737
4,35	0,226892802759	-3,29673303154	26,9340933949
4,36	0,191986217719	-2,81191935044	30,0315141353
4,37	0,174532925199	-2,61799387799	26,5300819941
4,38	0,139626340159	-2,42406840555	34,4756395457
4,39	0,12217304764	-1,89077335633	38,9197649558
4,4	0,10471975512	-1,59988514766	38,7850944887
4,41	0,0872664625997	-1,06659009844	33,6676167436
4,42	0,0872664625997	-0,872664626	22,8939793856
4,43	0,0698131700797	-0,727220521667	22,6246384518
4,44	0,0698131700797	-0,339369576777	17,6418311738
4,45	0,0698131700797	-0,484813681109	22,0859565839
4,46	0,0523598775598	0	34,8796509465
4,47	0,0698131700797	0,484813681109	26,5300819941
4,48	0,0698131700797	0,387850944888	29,4928322676
4,49	0,0698131700797	0,921145994111	42,959878965
4,5	0,0872664625997	1,50292241144	35,2836623473
4,51	0,10471975512	1,69684788388	22,2206270508
4,52	0,12217304764	1,7938106201	22,0859565839
4,53	0,139626340159	1,98773609255	34,3409690787
4,54	0,157079632679	2,56951250988	38,5157535548
4,55	0,191986217719	3,05432619099	18,4498539755
4,56	0,226892802759	2,81191935044	9,96561455605
4,57	0,244346095279	2,90888208666	30,7048664702
4,58	0,279252680319	3,49065850399	46,4613111064
4,59	0,314159265359	4,12091628943	37,1690488851
4,6	0,366519142919	4,31484176188	18,3151835087
4,61	0,401425727959	4,36332312999	10,3696259571
4,62	0,453785605519	4,4118044981	14,0057285653
4,63	0,488692190558	4,55724860243	26,1260705931
4,64	0,541052068118	5,04206228354	29,7621732015
4,65	0,593411945678	5,23598775598	25,5873887253
4,66	0,645771823238	5,42991322843	29,7621732015
4,67	0,698131700798	5,91472690954	25,9914001261
4,68	0,767944870877	6,06017101387	12,9283648295
4,69	0,820304748437	6,10865238198	4,84813681117
4,7	0,890117918517	6,10865238198	1,88538653775
4,71	0,942477796077	6,10865238198	4,84813681109
4,72	1,01229096616	6,15713375009	12,6590238955
4,73	1,06465084372	6,30257785442	24,1060135884
4,74	1,1344640138	6,78739153553	20,4699109802
4,75	1,20427718388	6,88435427176	0,942693268955
4,76	1,27409035396	6,78739153553	-15,756444636
4,77	1,34390352404	6,35105922254	-12,2550124947
4,78	1,3962634016	6,35105922254	7,67621661753
4,79	1,46607657168	6,73891016742	7,54154615051
4,8	1,53588974175	6,73891016742	-13,1977057637
4,81	1,60570291183	6,30257785442	-20,4699109802
4,82	1,65806278939	6,15713375009	-11,8510010937
4,83	1,72787595947	6,10865238198	-4,71346634406
4,84	1,78023583703	6,10865238198	-1,8853865377
4,85	1,85004900711	6,10865238198	-4,84813681114
4,86	1,90240888467	6,06017101387	-12,9283648295
4,87	1,97222205475	5,91472690954	-25,9914001261
4,88	2,02458193231	5,42991322843	-29,7621732015
4,89	2,07694180987	5,23598775598	-25,5873887253
4,9	2,12930168743	5,04206228354	-29,7621732014
4,91	2,18166156499	4,55724860243	-26,1260705931
4,92	2,21656815003	4,4118044981	-13,8710580985
4,93	2,26892802759	4,36332312999	-9,56160315526
4,94	2,30383461263	4,31484176187	-14,6790809003
4,95	2,35619449019	4,16939765754	-29,8968436684
4,96	2,39110107523	3,63610260832	-37,8424012199
4,97	2,42600766027	3,34521439966	-37,8424012199
4,98	2,46091424531	2,81191935044	-30,0315141354
4,99	2,47836753783	2,6664752461	-15,6217741691
5	2,51327412287	2,61799387799	-14,1403990323
5,01	2,53072741539	2,52103114177	-25,7220591922
5,02	2,56563400043	2,2301429331	-46,5959815733
5,03	2,58308729295	1,308996939	-42,9598789649
5,04	2,58308729295	1,11507146655	-18,0458425746
5,05	2,60054058547	1,308996939	-22,2206270509
5,06	2,61799387799	0,824183257886	-39,3237763567
5,07	2,61799387799	0,242406840555	-34,3409690786
5,08	2,61799387799	0,0484813681109	-21,277933782
5,09	2,61799387799	-0,0484813681109	-18,4498539755
5,1	2,61799387799	-0,193925472444	-27,0687638619
5,11	2,61799387799	-0,678739153553	-30,0315141354
5,12	2,60054058547	-0,872664625997	-26,5300819941
5,13	2,60054058547	-1,06659009844	-34,4756395456
5,14	2,58308729295	-1,59988514766	-38,9197649557
5,15	2,56563400043	-1,89077335633	-38,7850944887
5,16	2,54818070791	-2,42406840555	-33,6676167437
5,17	2,51327412287	-2,61799387799	-22,8939793857
5,18	2,49582083035	-2,76343798232	-22,6246384518
5,19	2,46091424531	-3,15128892721	-17,6418311738
5,2	2,42600766027	-3,00584482288	-21,9512861169
5,21	2,40855436775	-3,49065850399	-33,9369576776
5,22	2,35619449019	-3,9754721851	-21,9512861169
5,23	2,32128790515	-3,83002808077	-17,6418311737
5,24	2,28638132011	-4,21787902565	-22,4899679848
5,25	2,23402144255	-4,36332312999	-22,0859565839
5,26	2,19911485751	-4,55724860243	-29,8968436684
5,27	2,14675497995	-5,04206228354	-30,4355255364
5,28	2,09439510239	-5,23598775598	-24,9140363903
5,29	2,04203522483	-5,42991322843	-26,1260705931
5,3	1,98967534727	-5,86624554142	-18,7191949096
5,31	1,91986217719	-5,91472690954	-4,4441254103
5,32	1,86750229963	-5,67232006898	-12,9283648296
5,33	1,81514242207	-6,10865238198	-26,26074106
5,34	1,74532925199	-6,54498469498	-11,9856715606
5,35	1,67551608191	-6,30257785442	0,269340934028
5,36	1,62315620435	-6,30257785442	-5,92550054696
5,37	1,55334303427	-6,59346606309	-1,07736373592
5,38	1,4835298642	-6,30257785443	0,404011400877
5,39	1,43116998664	-6,35105922254	-15,891115103
5,4	1,36135681656	-6,78739153553	-16,6991379047
5,41	1,29154364648	-6,88435427175	7,89516600245E-011
5,42	1,2217304764	-6,78739153553	16,6991379048
5,43	1,15191730632	-6,35105922254	16,0257855699
5,44	1,09955742876	-6,30257785443	0,538681867851
5,45	1,02974425868	-6,59346606309	5,65615961298
5,46	0,959931088597	-6,25409648631	17,9111721078
5,47	0,907571211037	-6,10865238198	21,0085928481
5,48	0,837758040957	-5,91472690953	28,8194799325
5,49	0,785398163397	-5,42991322843	25,8567296591
5,5	0,733038285838	-5,2844691241	12,9283648296
5,51	0,680678408278	-5,23598775598	4,84813681117
5,52	0,628318530718	-5,23598775598	2,02005700462
5,53	0,575958653158	-5,23598775598	5,79083007994
5,54	0,523598775598	-5,18750638787	17,5071607068
5,55	0,471238898038	-4,99358091543	37,8424012199
5,56	0,418879020479	-4,36332312999	50,0974137146
5,57	0,383972435439	-3,73306534454	37,8424012199
5,58	0,349065850399	-3,5391398721	17,6418311737
5,59	0,314159265359	-3,49065850399	6,73352334874
5,6	0,279252680319	-3,49065850399	6,73352334876
5,61	0,244346095279	-3,44217713588	17,6418311737
5,62	0,209439510239	-3,24825166343	37,84240122
5,63	0,174532925199	-2,61799387799	50,2320841816
5,64	0,157079632679	-1,98773609255	38,7850944887
5,65	0,139626340159	-1,79381062011	22,2206270509
5,66	0,12217304764	-1,69684788388	18,5845244426
5,67	0,10471975512	-1,55140377955	27,0687638619
5,68	0,0872664625997	-1,06659009844	30,0315141353
5,69	0,0872664625997	-0,872664626	26,5300819939
5,7	0,0698131700797	-0,678739153556	34,4756395456
5,71	0,0698131700797	-0,145444104334	38,9197649559
5,72	0,0698131700797	0,145444104334	38,9197649559
5,73	0,0698131700797	0,678739153556	34,4756395456
5,74	0,0872664625997	0,872664626	26,5300819939
5,75	0,0872664625997	1,06659009844	30,0315141353
5,76	0,10471975512	1,55140377955	26,9340933949
5,77	0,12217304764	1,69684788388	17,6418311738
5,78	0,139626340159	1,79381062011	17,6418311738
5,79	0,157079632679	1,93925472444	26,9340933949
5,8	0,174532925199	2,42406840555	29,8968436684
5,81	0,209439510239	2,61799387799	25,7220591922
5,82	0,226892802759	2,81191935044	30,7048664702
5,83	0,261799387799	3,29673303154	30,7048664703
5,84	0,296705972839	3,49065850399	25,8567296592
5,85	0,331612557879	3,68458397643	30,7048664703
5,86	0,366519142919	4,16939765754	30,7048664703
5,87	0,418879020479	4,36332312999	25,7220591922
5,88	0,453785605519	4,55724860243	29,7621732014
5,89	0,506145483078	5,04206228354	25,9914001261
5,9	0,558505360638	5,18750638787	13,0630352965
5,91	0,610865238198	5,23598775598	5,6561596129
5,92	0,663225115758	5,23598775598	5,65615961297
5,93	0,715584993318	5,2844691241	13,0630352965
5,94	0,767944870877	5,42991322843	25,8567296591
5,95	0,820304748437	5,91472690953	28,8194799327
5,96	0,890117918517	6,10865238198	21,0085928482
5,97	0,942477796077	6,25409648631	17,9111721076
5,98	1,01229096616	6,59346606309	5,52148914586
5,99	1,08210413624	6,30257785442	-0,269340934023
6	1,1344640138	6,35105922253	12,3896829618
6,01	1,20427718388	6,73891016742	9,42693268836
6,02	1,27409035396	6,73891016742	-8,48423941933
6,03	1,34390352404	6,35105922254	-8,61890988636
6,04	1,3962634016	6,35105922254	8,48423941938
6,05	1,46607657168	6,73891016742	7,67621661748
6,06	1,53588974175	6,73891016742	-13,1977057637
6,07	1,60570291183	6,30257785442	-20,4699109802
6,08	1,65806278939	6,15713375009	-11,8510010937
6,09	1,72787595947	6,10865238198	-4,71346634406
6,1	1,78023583703	6,10865238198	-1,8853865377
6,11	1,85004900711	6,10865238198	-4,98280727812
6,12	1,90240888467	6,06017101387	-13,7363876314
6,13	1,97222205475	5,91472690954	-29,6275027344
6,14	2,02458193231	5,38143186032	-37,0343784181
6,15	2,07694180987	5,09054365165	-34,2062986116
6,16	2,12930168743	4,60572997054	-22,4899679848
6,17	2,16420827247	4,55724860243	-5,25214821204
6,18	2,21656815003	4,79965544298	-13,1977057636
6,19	2,26892802759	4,36332312999	-27,3381047959
6,2	2,30383461263	3,92699081699	-17,6418311737
6,21	2,33874119767	4,12091628943	-17,1031493058
6,22	2,39110107523	3,92699081699	-42,825208498
6,23	2,42600766027	3,00584482288	-46,5959815733
6,24	2,44346095279	2,71495661421	-25,7220591922
6,25	2,47836753783	2,61799387799	-14,1403990324
6,26	2,49582083035	2,56951250988	-15,6217741691
6,27	2,53072741539	2,42406840555	-30,0315141355
6,28	2,54818070791	1,89077335633	-37,977071687
6,29	2,56563400043	1,59988514766	-38,7850944887
6,3	2,58308729295	1,06659009844	-34,4756395454
6,31	2,58308729295	0,872664626	-26,5300819939
6,32	2,60054058547	0,678739153556	-30,0315141354
6,33	2,60054058547	0,193925472445	-26,9340933951
6,34	2,60054058547	0,0484813681112	-17,6418311738
6,35	2,60054058547	-0,0484813681112	-17,6418311738
6,36	2,60054058547	-0,193925472445	-26,9340933951
6,37	2,60054058547	-0,678739153556	-30,0315141354
6,38	2,58308729295	-0,872664626	-26,5300819939
6,39	2,58308729295	-1,06659009844	-34,4756395454
6,4	2,56563400043	-1,59988514766	-38,7850944887
6,41	2,54818070791	-1,89077335633	-37,977071687
6,42	2,53072741539	-2,42406840555	-29,8968436685
6,43	2,49582083035	-2,56951250988	-14,8137513672
6,44	2,47836753783	-2,61799387799	-10,5042964241
6,45	2,44346095279	-2,6664752461	-18,4498539756
6,46	2,42600766027	-2,86040071855	-37,9770716869
6,47	2,39110107523	-3,49065850399	-50,0974137146
6,48	2,35619449019	-4,12091628943	-37,9770716869
6,49	2,30383461263	-4,31484176187	-18,4498539756
6,5	2,26892802759	-4,36332312999	-10,3696259571
6,51	2,21656815003	-4,4118044981	-13,8710580985
6,52	2,18166156499	-4,55724860243	-25,3180477913
6,53	2,12930168743	-5,04206228354	-25,9914001261
6,54	2,07694180987	-5,18750638787	-17,5071607067
6,55	2,02458193231	-5,2844691241	-17,5071607067
6,56	1,97222205475	-5,42991322843	-25,9914001261
6,57	1,91986217719	-5,91472690953	-25,3180477913
6,58	1,85004900711	-6,06017101387	-13,6017171646
6,59	1,79768912955	-6,10865238198	-8,48423941941
6,6	1,72787595947	-6,15713375009	-9,15759175418
6,61	1,67551608191	-6,25409648631	-13,3323762304
6,62	1,60570291183	-6,59346606309	-4,57879587722
6,63	1,53588974175	-6,30257785442	0,404011400798
6,64	1,4835298642	-6,35105922254	-12,3896829617
6,65	1,41371669412	-6,73891016742	-9,29226222121
6,66	1,34390352404	-6,73891016742	9,29226222138
6,67	1,27409035396	-6,35105922253	12,2550124948
6,68	1,2217304764	-6,30257785442	-1,21203420285
6,69	1,15191730632	-6,59346606309	0,942693268696
6,7	1,08210413624	-6,30257785443	6,06017101381
6,71	1,02974425868	-6,30257785443	0,538681867946
6,72	0,959931088597	-6,54498469498	15,6217741692
6,73	0,890117918517	-6,06017101387	33,5329462768
6,74	0,837758040957	-5,52687596465	21,5472747159
6,75	0,785398163397	-5,47839459654	-2,82807980652
6,76	0,733038285838	-5,86624554143	-2,15472747153
6,77	0,663225115758	-5,81776417331	25,3180477913
6,78	0,610865238198	-5,23598775598	41,8825152291
6,79	0,558505360638	-4,65421133865	29,7621732014
6,8	0,523598775598	-4,55724860243	9,83094408924
6,81	0,471238898038	-4,79965544298	18,4498539756
6,82	0,418879020479	-4,31484176187	38,3810830878
6,83	0,383972435439	-3,73306534454	33,3982758097
6,84	0,349065850399	-3,5391398721	17,5071607067
6,85	0,314159265359	-3,49065850399	10,2349554901
6,86	0,279252680319	-3,44217713588	14,0057285654
6,87	0,244346095279	-3,29673303155	26,2607410601
6,88	0,209439510239	-2,81191935044	30,7048664703
6,89	0,191986217719	-2,61799387799	30,1661846024
6,9	0,157079632679	-2,37558703744	41,7478447622
6,91	0,139626340159	-1,745329252	47,4040043752
6,92	0,12217304764	-1,16355283466	30,8395369373
6,93	0,12217304764	-1,06659009844	9,9656145562
6,94	0,10471975512	-1,30899693899	18,4498539756
6,95	0,0872664625997	-0,824183257885	38,5157535548
6,96	0,0872664625997	-0,242406840554	34,3409690785
6,97	0,0872664625997	-0,0484813681109	22,2206270508
6,98	0,0872664625997	0,0484813681109	23,0286498527
6,99	0,0872664625997	0,242406840554	38,9197649557
7	0,0872664625997	0,872664625996	50,2320841816
7,01	0,10471975512	1,50292241144	37,9770716869
7,02	0,12217304764	1,69684788388	18,4498539757
7,03	0,139626340159	1,745329252	10,3696259572
7,04	0,157079632679	1,79381062011	14,0057285654
7,05	0,174532925199	1,93925472444	26,1260705931
7,06	0,191986217719	2,42406840555	29,7621732014
7,07	0,226892802759	2,61799387799	25,7220591921
7,08	0,244346095279	2,81191935043	30,7048664703
7,09	0,279252680319	3,29673303154	30,7048664703
7,1	0,314159265359	3,49065850399	25,8567296592
7,11	0,349065850399	3,68458397643	30,7048664703
7,12	0,383972435439	4,16939765754	30,7048664702
7,13	0,436332312999	4,36332312999	25,7220591922
7,14	0,471238898038	4,55724860243	29,7621732015
7,15	0,523598775598	5,04206228354	26,1260705932
7,16	0,575958653158	5,18750638787	13,8710580984
7,17	0,628318530718	5,23598775598	9,42693268822
7,18	0,680678408278	5,28446912409	13,7363876315
7,19	0,733038285838	5,42991322843	25,1833773243
7,2	0,785398163397	5,91472690954	25,1833773242
7,21	0,855211333477	6,06017101387	13,6017171644
7,22	0,907571211037	6,10865238198	8,48423941949
7,23	0,977384381117	6,15713375009	9,15759175441
7,24	1,02974425868	6,25409648631	13,3323762305
7,25	1,09955742876	6,59346606309	4,57879587709
7,26	1,16937059884	6,30257785442	-0,40401140105
7,27	1,2217304764	6,35105922253	12,3896829616
7,28	1,29154364648	6,73891016742	9,29226222133
7,29	1,36135681656	6,73891016742	-9,29226222113
7,3	1,43116998664	6,35105922254	-12,3896829616
7,31	1,4835298642	6,30257785443	0,404011400877
7,32	1,55334303427	6,59346606309	-4,57879587727
7,33	1,62315620435	6,25409648631	-13,3323762306
7,34	1,67551608191	6,15713375009	-9,1575917542
7,35	1,74532925199	6,10865238198	-8,4842394193
7,36	1,79768912955	6,06017101387	-13,6017171644
7,37	1,86750229963	5,91472690954	-25,1833773244
7,38	1,91986217719	5,42991322843	-25,0487068574
7,39	1,97222205475	5,28446912409	-12,9283648296
7,4	2,02458193231	5,23598775598	-5,79083007992
7,41	2,07694180987	5,23598775598	-6,46418241482
7,42	2,12930168743	5,18750638787	-16,6991379048
7,43	2,18166156499	4,99358091543	-33,2636053428
7,44	2,23402144255	4,4118044981	-38,3810830879
7,45	2,26892802759	3,92699081699	-18,4498539756
7,46	2,30383461263	4,16939765754	-9,96561455615
7,47	2,35619449019	4,07243492132	-30,7048664702
7,48	2,39110107523	3,49065850399	-46,4613111063
7,49	2,42600766027	2,86040071855	-37,1690488851
7,5	2,44346095279	2,6664752461	-18,4498539756
7,51	2,47836753783	2,61799387799	-11,3123192259
7,52	2,49582083035	2,56951250988	-18,5845244425
7,53	2,53072741539	2,37558703744	-37,977071687
7,54	2,54818070791	1,74532925199	-50,0974137147
7,55	2,56563400043	1,11507146655	-37,9770716869
7,56	2,56563400043	0,921145994107	-18,4498539755
7,57	2,58308729295	0,872664625997	-10,5042964239
7,58	2,58308729295	0,824183257889	-14,8137513671
7,59	2,60054058547	0,678739153556	-29,8968436685
7,6	2,60054058547	0,145444104334	-37,9770716871
7,61	2,60054058547	-0,145444104334	-38,7850944889
7,62	2,60054058547	-0,678739153556	-34,4756395456
7,63	2,58308729295	-0,872664626	-26,6647524609
7,64	2,58308729295	-1,06659009844	-30,8395369371
7,65	2,56563400043	-1,55140377955	-30,7048664702
7,66	2,54818070791	-1,74532925199	-25,8567296592
7,67	2,53072741539	-1,93925472444	-30,7048664703
7,68	2,51327412287	-2,42406840555	-30,7048664702
7,69	2,47836753783	-2,61799387799	-25,7220591922
7,7	2,46091424531	-2,81191935044	-29,8968436685
7,71	2,42600766027	-3,29673303155	-26,934093395
7,72	2,39110107523	-3,44217713588	-17,6418311737
7,73	2,35619449019	-3,5391398721	-17,6418311737
7,74	2,32128790515	-3,68458397643	-26,9340933949
7,75	2,28638132011	-4,16939765754	-29,8968436684
7,76	2,23402144255	-4,36332312999	-25,5873887252
7,77	2,19911485751	-4,55724860243	-29,7621732015
7,78	2,14675497995	-5,04206228354	-26,1260705932
7,79	2,09439510239	-5,18750638787	-13,8710580984
7,8	2,04203522483	-5,23598775598	-9,42693268822
7,81	1,98967534727	-5,28446912409	-13,7363876315
7,82	1,93731546971	-5,42991322843	-25,1833773243
7,83	1,88495559215	-5,91472690954	-25,0487068572
7,84	1,81514242207	-6,06017101387	-12,7936943625
7,85	1,76278254451	-6,10865238198	-4,84813681117
7,86	1,69296937443	-6,10865238198	-1,88538653775
7,87	1,64060949687	-6,10865238198	-4,71346634411
7,88	1,57079632679	-6,15713375009	-11,8510010937
7,89	1,51843644923	-6,30257785442	-20,4699109801
7,9	1,44862327916	-6,73891016742	-13,0630352966
7,91	1,37881010908	-6,73891016742	8,48423941928
7,92	1,308996939	-6,35105922254	12,2550124946
7,93	1,25663706144	-6,30257785443	-0,404011400877
7,94	1,18682389136	-6,59346606309	4,57879587727
7,95	1,11701072128	-6,25409648631	13,3323762306
7,96	1,06465084372	-6,15713375009	9,02292128723
7,97	0,994837673637	-6,10865238198	7,54154615048
7,98	0,942477796077	-6,06017101387	9,0229212873
7,99	0,872664625997	-5,96320827765	13,3323762306
8	0,820304748437	-5,62383870087	4,84813681117
8,01	0,767944870877	-5,91472690953	1,48137513667
8,02	0,698131700798	-5,86624554143	21,6819451829
8,03	0,645771823238	-5,38143186032	34,0716281447
8,04	0,593411945678	-5,09054365165	37,0343784182
8,05	0,541052068118	-4,55724860243	29,7621732015
8,06	0,506145483078	-4,4118044981	14,6790809002
8,07	0,453785605519	-4,36332312999	9,6962736221
8,08	0,418879020479	-4,31484176188	14,6790809002
8,09	0,366519142919	-4,16939765754	29,8968436685
8,1	0,331612557879	-3,63610260832	37,977071687
8,11	0,296705972839	-3,34521439966	38,6504240218
8,12	0,261799387799	-2,81191935043	33,6676167437
8,13	0,244346095279	-2,61799387799	22,8939793857
8,14	0,209439510239	-2,47254977366	22,6246384518
8,15	0,191986217719	-2,08469882877	17,6418311737
8,16	0,174532925199	-2,23014293311	22,0859565838
8,17	0,139626340159	-1,745329252	34,8796509466
8,18	0,139626340159	-1,26051557088	26,5300819941
8,19	0,12217304764	-1,35747830711	29,4928322675
8,2	0,10471975512	-0,824183257885	42,825208498
8,21	0,10471975512	-0,242406840554	34,3409690785
8,22	0,10471975512	-0,0484813681109	17,7765016407
8,23	0,10471975512	0	11,1776487589
8,24	0,10471975512	0,0484813681109	18,5845244425
8,25	0,10471975512	0,242406840554	37,9770716869
8,26	0,10471975512	0,872664625996	50,0974137147
8,27	0,12217304764	1,50292241144	37,977071687
8,28	0,139626340159	1,69684788388	18,5845244426
8,29	0,157079632679	1,745329252	11,3123192258
8,3	0,174532925199	1,7938106201	18,5845244425
8,31	0,191986217719	1,98773609255	37,9770716869
8,32	0,209439510239	2,61799387799	50,0974137147
8,33	0,244346095279	3,24825166343	37,9770716869
8,34	0,279252680319	3,44217713588	18,4498539756
8,35	0,314159265359	3,49065850399	10,3696259571
8,36	0,349065850399	3,5391398721	14,0057285654
8,37	0,383972435439	3,68458397643	26,1260705931
8,38	0,418879020479	4,16939765754	29,7621732014
8,39	0,471238898038	4,36332312999	25,5873887252
8,4	0,506145483078	4,55724860243	29,8968436685
8,41	0,558505360638	5,04206228354	26,934093395
8,42	0,610865238198	5,18750638787	17,5071607067
8,43	0,663225115758	5,28446912409	16,6991379049
8,44	0,715584993318	5,42991322843	22,3552975179
8,45	0,767944870877	5,86624554143	17,9111721076
8,46	0,837758040957	5,91472690953	4,30945494313
8,47	0,890117918517	5,67232006898	12,7936943627
8,48	0,942477796077	6,10865238198	25,4527182583
8,49	1,01229096616	6,54498469498	8,34956895237
8,5	1,08210413624	6,25409648631	-7,54154615063
8,51	1,1344640138	6,15713375009	-2,69340933941
8,52	1,20427718388	6,15713375009	8,21489848558
8,53	1,25663706144	6,30257785443	19,5272177114
8,54	1,32645023152	6,73891016742	12,1203420277
8,55	1,3962634016	6,73891016742	-12,1203420278
8,56	1,46607657168	6,30257785442	-19,5272177114
8,57	1,51843644923	6,15713375009	-8,21489848538
8,58	1,58824961931	6,15713375009	2,69340933962
8,59	1,64060949687	6,25409648631	7,54154615063
8,6	1,71042266695	6,54498469498	-8,34956895248
8,61	1,78023583703	6,10865238198	-25,4527182583
8,62	1,83259571459	5,67232006898	-12,9283648297
8,63	1,88495559215	5,91472690953	-5,25214821196
8,64	1,95476876223	5,86624554143	-22,3552975177
8,65	2,00712863979	5,38143186032	-33,3982758098
8,66	2,05948851735	5,09054365165	-33,3982758099
8,67	2,11184839491	4,60572997054	-22,4899679848
8,68	2,14675497995	4,55724860243	-6,19484148086
8,69	2,19911485751	4,79965544298	-17,6418311737
8,7	2,25147473507	4,31484176187	-38,2464126208
8,71	2,28638132011	3,73306534454	-33,3982758097
8,72	2,32128790515	3,5391398721	-17,6418311737
8,73	2,35619449019	3,49065850399	-11,0429782919
8,74	2,39110107523	3,44217713588	-17,6418311737
8,75	2,42600766027	3,24825166343	-33,5329462767
8,76	2,46091424531	2,6664752461	-39,1891058897
8,77	2,47836753783	2,18166156499	-22,0859565839
8,78	2,49582083035	2,37558703744	-17,2378197728
8,79	2,53072741539	2,18166156499	-39,3237763567
8,8	2,54818070791	1,308996939	-39,3237763567
8,81	2,54818070791	1,11507146655	-17,2378197728
8,82	2,56563400043	1,30899693899	-22,0859565839
8,83	2,58308729295	0,824183257885	-39,3237763566
8,84	2,58308729295	0,242406840554	-34,3409690785
8,85	2,58308729295	0,0484813681109	-21,277933782
8,86	2,58308729295	-0,0484813681109	-18,4498539755
8,87	2,58308729295	-0,193925472444	-27,0687638619
8,88	2,58308729295	-0,678739153552	-30,0315141354
8,89	2,56563400043	-0,872664625996	-26,530081994
8,9	2,56563400043	-1,06659009844	-34,4756395456
8,91	2,54818070791	-1,59988514766	-38,9197649558
8,92	2,53072741539	-1,89077335633	-38,9197649558
8,93	2,51327412287	-2,42406840555	-34,4756395455
8,94	2,47836753783	-2,61799387799	-26,530081994
8,95	2,46091424531	-2,81191935044	-29,8968436685
8,96	2,42600766027	-3,29673303155	-26,1260705931
8,97	2,39110107523	-3,44217713588	-13,8710580984
8,98	2,35619449019	-3,49065850399	-9,42693268823
8,99	2,32128790515	-3,5391398721	-13,8710580984
9	2,28638132011	-3,68458397643	-26,1260705931
9,01	2,25147473507	-4,16939765754	-29,7621732014
9,02	2,19911485751	-4,36332312999	-25,5873887252
9,03	2,16420827247	-4,55724860243	-29,8968436684
9,04	2,11184839491	-5,04206228354	-26,934093395
9,05	2,05948851735	-5,18750638787	-17,6418311738
9,06	2,00712863979	-5,2844691241	-17,5071607068
9,07	1,95476876223	-5,42991322843	-25,9914001261
9,08	1,90240888467	-5,91472690953	-25,1833773242
9,09	1,83259571459	-6,06017101387	-12,7936943627
9,1	1,78023583703	-6,10865238198	-4,84813681119
9,11	1,71042266695	-6,10865238198	-1,75071607067
9,12	1,65806278939	-6,10865238198	-3,90544354216
9,13	1,58824961931	-6,15713375009	-8,21489848538
9,14	1,53588974175	-6,25409648631	-13,0630352966
9,15	1,46607657168	-6,59346606309	-3,77077307542
9,16	1,3962634016	-6,30257785443	4,04011400919
9,17	1,34390352404	-6,30257785443	-4,98280727802
9,18	1,27409035396	-6,59346606309	1,26298971281E-010
9,19	1,20427718388	-6,30257785442	4,98280727814
9,2	1,15191730632	-6,30257785442	-3,90544354234
9,21	1,08210413624	-6,59346606309	4,71346634401
9,22	1,01229096616	-6,25409648631	17,7765016407
9,23	0,959931088597	-6,10865238198	21,0085928482
9,24	0,890117918517	-5,91472690953	28,8194799327
9,25	0,837758040957	-5,42991322843	25,8567296591
9,26	0,785398163397	-5,2844691241	12,9283648295
9,27	0,733038285838	-5,23598775599	4,84813681115
9,28	0,680678408278	-5,23598775598	2,0200570047
9,29	0,628318530718	-5,23598775598	5,65615961293
9,3	0,575958653158	-5,18750638787	16,5644674379
9,31	0,523598775598	-4,99358091543	33,2636053428
9,32	0,471238898038	-4,4118044981	38,3810830878
9,33	0,436332312999	-3,92699081699	18,4498539756
9,34	0,401425727959	-4,16939765754	9,96561455614
9,35	0,349065850399	-4,07243492132	30,7048664703
9,36	0,314159265359	-3,49065850399	46,4613111063
9,37	0,279252680319	-2,86040071855	37,1690488851
9,38	0,261799387799	-2,6664752461	18,4498539756
9,39	0,226892802759	-2,61799387799	11,3123192258
9,4	0,209439510239	-2,56951250988	18,5845244425
9,41	0,174532925199	-2,37558703744	37,9770716869
9,42	0,157079632679	-1,745329252	50,0974137146
9,43	0,139626340159	-1,11507146655	37,977071687
9,44	0,139626340159	-0,921145994108	18,5845244426
9,45	0,12217304764	-0,872664625996	11,312319226
9,46	0,12217304764	-0,824183257885	18,4498539756
9,47	0,10471975512	-0,630257785441	37,169048885
9,48	0,10471975512	0	46,4613111063
9,49	0,10471975512	0,581776417331	30,7048664702
9,5	0,12217304764	0,678739153552	9,96561455616
9,51	0,12217304764	0,436332312998	18,5845244426
9,52	0,12217304764	0,921145994108	39,3237763567
9,53	0,139626340159	1,50292241144	37,977071687
9,54	0,157079632679	1,745329252	29,4928322675
9,55	0,174532925199	1,93925472444	31,5128892721
9,56	0,191986217719	2,42406840555	30,8395369372
9,57	0,226892802759	2,61799387799	25,7220591921
9,58	0,244346095279	2,81191935043	29,8968436684
9,59	0,279252680319	3,29673303154	26,934093395
9,6	0,314159265359	3,44217713588	17,6418311737
9,61	0,349065850399	3,5391398721	17,6418311737
9,62	0,383972435439	3,68458397643	26,9340933949
9,63	0,418879020479	4,16939765754	29,8968436684
9,64	0,471238898038	4,36332312999	25,5873887252
9,65	0,506145483078	4,55724860243	29,7621732015
9,66	0,558505360638	5,04206228354	25,9914001261
9,67	0,610865238198	5,18750638787	13,0630352965
9,68	0,663225115758	5,23598775598	5,65615961297
9,69	0,715584993318	5,23598775598	5,65615961294
9,7	0,767944870877	5,28446912409	13,0630352965
9,71	0,820304748437	5,42991322843	25,8567296592
9,72	0,872664625997	5,91472690954	28,8194799327
9,73	0,942477796077	6,10865238198	21,0085928481
9,74	0,994837673637	6,25409648631	17,7765016406
9,75	1,06465084372	6,59346606309	4,71346634404
9,76	1,1344640138	6,30257785442	-3,90544354219
9,77	1,18682389136	6,30257785442	4,98280727819
9,78	1,25663706144	6,59346606309	4,73547127437E-011
9,79	1,32645023152	6,30257785443	-4,98280727811
9,8	1,37881010908	6,30257785442	4,04011400911
9,81	1,44862327916	6,59346606309	-3,77077307537
9,82	1,51843644923	6,25409648631	-13,1977057634
9,83	1,57079632679	6,15713375009	-9,0229212872
9,84	1,64060949687	6,10865238198	-7,54154615058
9,85	1,69296937443	6,06017101387	-9,02292128741
9,86	1,76278254451	5,96320827765	-13,3323762306
9,87	1,81514242207	5,62383870087	-4,84813681104
9,88	1,86750229963	5,91472690954	-1,48137513667
9,89	1,93731546971	5,86624554143	-21,547274716
9,9	1,98967534727	5,38143186031	-33,2636053429
9,91	2,04203522483	5,09054365165	-33,3982758098
9,92	2,09439510239	4,60572997054	-22,4899679847
9,93	2,12930168743	4,55724860243	-6,19484148076
9,94	2,18166156499	4,79965544299	-17,6418311737
9,95	2,23402144255	4,31484176188	-38,2464126209
9,96	2,26892802759	3,73306534454	-33,3982758098
9,97	2,30383461263	3,5391398721	-17,5071607067
9,98	2,33874119767	3,49065850399	-10,2349554901
9,99	2,37364778271	3,44217713588	-14,0057285654
10	2,40855436775	3,29673303155	-26,1260705932
10,01	2,44346095279	2,81191935044	-29,8968436685
10,02	2,46091424531	2,61799387799	-26,5300819941
10,03	2,49582083035	2,42406840555	-34,4756395455
10,04	2,51327412287	1,89077335633	-38,9197649556
10,05	2,53072741539	1,59988514766	-38,7850944888
10,06	2,54818070791	1,06659009844	-33,6676167438
10,07	2,54818070791	0,872664625996	-22,8939793858
10,08	2,56563400043	0,727220521663	-22,6246384518
10,09	2,56563400043	0,339369576776	-17,6418311737
10,1	2,56563400043	0,484813681109	-22,0859565838
10,11	2,58308729295	0	-34,8796509464
10,12	2,56563400043	-0,484813681109	-26,530081994
10,13	2,56563400043	-0,387850944887	-29,4928322675
10,14	2,56563400043	-0,921145994107	-42,959878965
10,15	2,54818070791	-1,50292241144	-35,1489918805
10,16	2,53072741539	-1,69684788388	-21,4126042491
10,17	2,51327412287	-1,79381062011	-18,4498539755
10,18	2,49582083035	-1,93925472444	-27,0687638619
10,19	2,47836753783	-2,42406840555	-29,8968436685
10,2	2,44346095279	-2,61799387799	-25,7220591923
10,21	2,42600766027	-2,81191935044	-30,7048664703
10,22	2,39110107523	-3,29673303155	-30,7048664703
10,23	2,35619449019	-3,49065850399	-25,7220591922
10,24	2,32128790515	-3,68458397643	-29,7621732014
10,25	2,28638132011	-4,16939765754	-26,1260705931
10,26	2,23402144255	-4,31484176187	-13,8710580984
10,27	2,19911485751	-4,36332312999	-9,42693268823
10,28	2,14675497995	-4,4118044981	-13,8710580984
10,29	2,11184839491	-4,55724860243	-26,1260705932
10,3	2,05948851735	-5,04206228354	-29,6275027346
10,31	2,00712863979	-5,23598775599	-24,7793659234
10,32	1,95476876223	-5,42991322843	-26,126070593
10,33	1,90240888467	-5,86624554142	-18,7191949094
10,34	1,83259571459	-5,91472690953	-4,44412541024
10,35	1,78023583703	-5,67232006898	-12,7936943627
10,36	1,72787595947	-6,10865238198	-25,4527182582
10,37	1,65806278939	-6,54498469498	-8,34956895233
10,38	1,58824961931	-6,25409648631	7,67621661763
10,39	1,53588974175	-6,15713375009	3,50143214127
10,4	1,46607657168	-6,15713375009	-4,57879587724
10,41	1,41371669412	-6,25409648631	-12,2550124947
10,42	1,34390352404	-6,59346606309	-3,63610260821
10,43	1,27409035396	-6,30257785442	4,17478447629
10,44	1,2217304764	-6,30257785442	-4,04011400932
10,45	1,15191730632	-6,59346606309	4,57879587701
10,46	1,08210413624	-6,25409648631	16,8338083718
10,47	1,02974425868	-6,10865238198	16,429796971
10,48	0,959931088597	-5,96320827765	16,9684788389
10,49	0,907571211037	-5,62383870087	5,52148914605
10,5	0,855211333477	-5,91472690953	0,808022801799
10,51	0,785398163397	-5,86624554143	17,9111721076
10,52	0,733038285838	-5,42991322843	25,8567296592
10,53	0,680678408278	-5,23598775598	23,9713431216
10,54	0,628318530718	-5,04206228354	25,9914001262
10,55	0,575958653158	-4,60572997054	18,8538653764
10,56	0,541052068118	-4,55724860243	5,38681867891
10,57	0,488692190558	-4,79965544299	17,5071607067
10,58	0,436332312999	-4,31484176188	38,3810830879
10,59	0,401425727959	-3,73306534454	34,2062986116
10,6	0,366519142919	-3,5391398721	21,277933782
10,61	0,331612557879	-3,44217713588	18,4498539756
10,62	0,296705972839	-3,29673303154	27,068763862
10,63	0,261799387799	-2,81191935043	29,8968436684
10,64	0,244346095279	-2,61799387799	25,7220591922
10,65	0,209439510239	-2,42406840555	30,7048664703
10,66	0,191986217719	-1,93925472444	30,7048664703
10,67	0,174532925199	-1,74532925199	25,8567296591
10,68	0,157079632679	-1,55140377955	30,7048664702
10,69	0,139626340159	-1,06659009844	30,7048664703
10,7	0,139626340159	-0,872664625997	25,8567296593
10,71	0,12217304764	-0,678739153553	30,7048664703
10,72	0,12217304764	-0,193925472444	30,7048664703
10,73	0,12217304764	0	25,8567296592
10,74	0,12217304764	0,193925472444	30,7048664703
10,75	0,12217304764	0,678739153553	30,7048664703
10,76	0,139626340159	0,872664625997	25,7220591923
10,77	0,139626340159	1,06659009844	29,8968436685
10,78	0,157079632679	1,55140377955	27,0687638619
10,79	0,174532925199	1,69684788388	18,4498539755
10,8	0,191986217719	1,7938106201	21,2779337821
10,81	0,209439510239	1,98773609255	34,2062986116
10,82	0,226892802759	2,56951250988	38,5157535548
10,83	0,261799387799	3,05432619099	18,4498539756
10,84	0,296705972839	2,81191935044	9,96561455621
10,85	0,314159265359	2,90888208666	30,7048664703
10,86	0,349065850399	3,49065850399	46,4613111063
10,87	0,383972435439	4,12091628943	37,169048885
10,88	0,436332312999	4,31484176187	18,3151835086
10,89	0,471238898038	4,36332312999	10,3696259571
10,9	0,523598775598	4,4118044981	14,0057285655
10,91	0,558505360638	4,55724860243	26,1260705931
10,92	0,610865238198	5,04206228354	29,6275027344
10,93	0,663225115758	5,23598775598	24,7793659234
10,94	0,715584993318	5,42991322843	25,9914001262
10,95	0,767944870877	5,86624554143	17,9111721076
10,96	0,837758040957	5,91472690953	0,673352334817
10,97	0,890117918517	5,62383870087	4,71346634417
10,98	0,942477796077	5,96320827765	13,3323762305
10,99	1,01229096616	6,06017101387	9,02292128725
11	1,06465084372	6,10865238198	7,54154615053
11,01	1,1344640138	6,15713375009	9,02292128739
11,02	1,18682389136	6,25409648631	13,1977057636
11,03	1,25663706144	6,59346606309	3,77077307534
11,04	1,32645023152	6,30257785443	-4,17478447626
11,05	1,37881010908	6,30257785442	4,17478447609
11,06	1,44862327916	6,59346606309	-3,77077307537
11,07	1,51843644923	6,25409648631	-13,1977057634
11,08	1,57079632679	6,15713375009	-9,0229212872
11,09	1,64060949687	6,10865238198	-7,54154615058
11,1	1,69296937443	6,06017101387	-9,02292128741
11,11	1,76278254451	5,96320827765	-13,4670466975
11,12	1,81514242207	5,62383870087	-5,65615961289
11,13	1,86750229963	5,91472690954	-5,11747774499
11,14	1,93731546971	5,81776417332	-28,9541503996
11,15	1,98967534727	5,23598775598	-42,5558675641
11,16	2,04203522483	4,65421133865	-28,9541503996
11,17	2,07694180987	4,55724860243	-5,25214821199
11,18	2,12930168743	4,84813681109	-6,59885288169
11,19	2,18166156499	4,50876723432	-18,0458425746
11,2	2,21656815003	4,36332312999	-21,1432633151
11,21	2,26892802759	4,16939765754	-29,7621732015
11,22	2,30383461263	3,68458397643	-30,5701960033
11,23	2,33874119767	3,49065850399	-25,8567296592
11,24	2,37364778271	3,29673303154	-30,7048664703
11,25	2,40855436775	2,81191935043	-30,7048664703
11,26	2,42600766027	2,61799387799	-25,7220591922
11,27	2,46091424531	2,42406840555	-29,8968436685
11,28	2,47836753783	1,93925472444	-26,934093395
11,29	2,49582083035	1,7938106201	-17,6418311736
11,3	2,51327412287	1,69684788388	-17,6418311736
11,31	2,53072741539	1,55140377955	-26,934093395
11,32	2,54818070791	1,06659009844	-30,0315141355
11,33	2,54818070791	0,872664625996	-26,5300819941
11,34	2,56563400043	0,678739153552	-34,4756395455
11,35	2,56563400043	0,145444104333	-38,9197649557
11,36	2,56563400043	-0,145444104333	-38,9197649557
11,37	2,56563400043	-0,678739153552	-34,4756395455
11,38	2,54818070791	-0,872664625996	-26,5300819941
11,39	2,54818070791	-1,06659009844	-29,8968436685
11,4	2,53072741539	-1,55140377955	-26,1260705932
11,41	2,51327412287	-1,69684788388	-14,0057285653
11,42	2,49582083035	-1,74532925199	-10,3696259569
11,43	2,47836753783	-1,7938106201	-18,4498539755
11,44	2,46091424531	-1,98773609255	-37,977071687
11,45	2,44346095279	-2,61799387799	-50,0974137147
11,46	2,40855436775	-3,24825166343	-37,9770716869
11,47	2,37364778271	-3,44217713588	-18,4498539756
11,48	2,33874119767	-3,49065850399	-10,3696259571
11,49	2,30383461263	-3,5391398721	-14,0057285654
11,5	2,26892802759	-3,68458397643	-26,1260705931
11,51	2,23402144255	-4,16939765754	-29,7621732014
11,52	2,18166156499	-4,36332312999	-25,5873887252
11,53	2,14675497995	-4,55724860243	-29,7621732015
11,54	2,09439510239	-5,04206228354	-26,1260705931
11,55	2,04203522483	-5,18750638787	-13,8710580984
11,56	1,98967534727	-5,23598775598	-9,42693268826
11,57	1,93731546971	-5,2844691241	-13,7363876314
11,58	1,88495559215	-5,42991322843	-25,1833773243
11,59	1,83259571459	-5,91472690953	-25,0487068574
11,6	1,76278254451	-6,06017101387	-12,7936943627
11,61	1,71042266695	-6,10865238198	-4,84813681114
11,62	1,64060949687	-6,10865238198	-1,75071607062
11,63	1,58824961931	-6,10865238198	-3,90544354214
11,64	1,51843644923	-6,15713375009	-8,21489848538
11,65	1,46607657168	-6,25409648631	-13,0630352966
11,66	1,3962634016	-6,59346606309	-3,77077307542
11,67	1,32645023152	-6,30257785443	4,17478447617
11,68	1,27409035396	-6,30257785443	-4,04011400919
11,69	1,20427718388	-6,59346606309	4,57879587727
11,7	1,1344640138	-6,25409648631	16,8338083719
11,71	1,08210413624	-6,10865238198	16,4297969709
11,72	1,01229096616	-5,96320827765	16,9684788388
11,73	0,959931088597	-5,62383870087	5,52148914602
11,74	0,907571211037	-5,91472690953	0,67335233493
11,75	0,837758040957	-5,86624554142	16,9684788388
11,76	0,785398163397	-5,42991322843	21,4126042489
11,77	0,733038285838	-5,2844691241	13,0630352966
11,78	0,680678408278	-5,23598775598	10,1002850232
11,79	0,628318530718	-5,18750638787	17,5071607067
11,8	0,575958653158	-4,99358091543	33,3982758098
11,81	0,523598775598	-4,4118044981	38,2464126209
11,82	0,488692190558	-3,92699081698	17,6418311737
11,83	0,453785605519	-4,16939765754	6,1948414807
11,84	0,401425727959	-4,12091628943	22,6246384517
11,85	0,366519142919	-3,63610260832	34,2062986117
11,86	0,331612557879	-3,34521439966	37,0343784182
11,87	0,296705972839	-2,81191935044	29,8968436685
11,88	0,279252680319	-2,6664752461	15,6217741692
11,89	0,244346095279	-2,61799387799	14,1403990323
11,9	0,226892802759	-2,52103114177	25,7220591921
11,91	0,191986217719	-2,2301429331	46,5959815733
11,92	0,174532925199	-1,308996939	42,959878965
11,93	0,174532925199	-1,11507146655	18,0458425746
11,94	0,157079632679	-1,308996939	22,2206270508
11,95	0,139626340159	-0,824183257889	39,1891058897
11,96	0,139626340159	-0,242406840556	33,5329462768
11,97	0,139626340159	-0,0484813681112	17,6418311738
11,98	0,139626340159	0	11,177648759
11,99	0,139626340159	0,0484813681112	18,5845244426
12	0,139626340159	0,242406840556	37,977071687
12,01	0,139626340159	0,872664626	50,0974137147
12,02	0,157079632679	1,50292241144	37,9770716868
12,03	0,174532925199	1,69684788388	18,5845244425
12,04	0,191986217719	1,74532925199	11,177648759
12,05	0,209439510239	1,79381062011	17,6418311738
12,06	0,226892802759	1,98773609255	33,3982758097
12,07	0,244346095279	2,56951250988	38,3810830878
12,08	0,279252680319	3,05432619099	18,4498539756
12,09	0,314159265359	2,81191935044	9,96561455612
12,1	0,331612557879	2,90888208666	30,7048664703
12,11	0,366519142919	3,49065850399	46,4613111064
12,12	0,401425727959	4,12091628943	37,1690488851
12,13	0,453785605519	4,31484176188	18,3151835085
12,14	0,488692190558	4,36332312999	10,369625957
12,15	0,541052068118	4,4118044981	14,0057285653
12,16	0,575958653158	4,55724860243	26,1260705931
12,17	0,628318530718	5,04206228354	29,6275027345
12,18	0,680678408278	5,23598775598	24,7793659235
12,19	0,733038285838	5,42991322843	25,9914001262
12,2	0,785398163397	5,86624554143	17,9111721076
12,21	0,855211333477	5,91472690953	0,673352334823
12,22	0,907571211037	5,62383870087	4,71346634419
12,23	0,959931088597	5,96320827765	13,3323762306
12,24	1,02974425868	6,06017101387	9,0229212873
12,25	1,08210413624	6,10865238198	7,54154615048
12,26	1,15191730632	6,15713375009	8,88825082025
12,27	1,20427718388	6,25409648631	12,3896829617
12,28	1,27409035396	6,59346606309	0,134670467077
12,29	1,34390352404	6,25409648631	-11,4469896928
12,3	1,3962634016	6,15713375009	-4,44412541027
12,31	1,46607657168	6,15713375009	3,50143214127
12,32	1,51843644923	6,25409648631	7,67621661764
12,33	1,58824961931	6,54498469498	-8,3495689523
12,34	1,65806278939	6,10865238198	-25,4527182582
12,35	1,71042266695	5,67232006898	-12,7936943626
12,36	1,76278254451	5,91472690954	-4,30945494332
12,37	1,83259571459	5,86624554142	-17,7765016408
12,38	1,88495559215	5,42991322843	-21,5472747159
12,39	1,93731546971	5,2844691241	-12,9283648296
12,4	1,98967534727	5,23598775598	-9,29226222129
12,41	2,04203522483	5,18750638787	-13,8710580984
12,42	2,09439510239	5,04206228354	-26,1260705931
12,43	2,14675497995	4,55724860243	-29,7621732015
12,44	2,18166156499	4,36332312999	-25,5873887252
12,45	2,23402144255	4,16939765754	-29,8968436684
12,46	2,26892802759	3,68458397643	-26,9340933949
12,47	2,30383461263	3,5391398721	-17,6418311737
12,48	2,33874119767	3,44217713588	-17,6418311737
12,49	2,37364778271	3,29673303154	-26,934093395
12,5	2,40855436775	2,81191935043	-29,8968436684
12,51	2,42600766027	2,61799387799	-25,7220591922
12,52	2,46091424531	2,42406840555	-30,7048664703
12,53	2,47836753783	1,93925472444	-30,7048664703
12,54	2,49582083035	1,74532925199	-25,8567296591
12,55	2,51327412287	1,55140377955	-30,7048664702
12,56	2,53072741539	1,06659009844	-30,7048664703
12,57	2,53072741539	0,872664625997	-25,7220591923
12,58	2,54818070791	0,678739153553	-29,8968436685
12,59	2,54818070791	0,193925472444	-27,0687638619
12,6	2,54818070791	0,0484813681109	-18,4498539755
12,61	2,54818070791	-0,0484813681109	-21,277933782
12,62	2,54818070791	-0,242406840555	-34,3409690786
12,63	2,54818070791	-0,824183257886	-39,3237763567
12,64	2,53072741539	-1,308996939	-22,0859565839
12,65	2,51327412287	-1,11507146655	-17,2378197727
12,66	2,51327412287	-1,308996939	-39,3237763565
12,67	2,49582083035	-2,18166156499	-39,3237763566
12,68	2,46091424531	-2,37558703743	-17,2378197729
12,69	2,44346095279	-2,18166156499	-22,085956584
12,7	2,42600766027	-2,6664752461	-39,3237763567
12,71	2,39110107523	-3,24825166343	-34,3409690786
12,72	2,35619449019	-3,44217713588	-21,277933782
12,73	2,32128790515	-3,5391398721	-18,4498539755
12,74	2,28638132011	-3,68458397643	-26,9340933949
12,75	2,25147473507	-4,16939765754	-28,9541503996
12,76	2,19911485751	-4,36332312999	-21,0085928481
12,77	2,16420827247	-4,50876723432	-18,0458425746
12,78	2,11184839491	-4,84813681109	-6,59885288181
12,79	2,05948851735	-4,55724860243	-5,2521482121
12,8	2,02458193231	-4,65421133865	-28,9541503996
12,81	1,97222205475	-5,23598775598	-42,555867564
12,82	1,91986217719	-5,81776417331	-28,9541503997
12,83	1,85004900711	-5,91472690954	-5,11747774515
12,84	1,79768912955	-5,62383870087	-5,65615961294
12,85	1,74532925199	-5,96320827765	-13,3323762304
12,86	1,67551608191	-6,06017101387	-8,21489848538
12,87	1,62315620435	-6,10865238198	-3,90544354232
12,88	1,55334303427	-6,10865238198	-1,61604560375
12,89	1,50098315672	-6,10865238198	-3,90544354221
12,9	1,43116998664	-6,15713375009	-8,08022801843
12,91	1,37881010908	-6,25409648631	-12,2550124948
12,92	1,308996939	-6,59346606309	-1,03509793329E-010
12,93	1,23918376892	-6,25409648631	12,2550124947
12,94	1,18682389136	-6,15713375009	8,08022801858
12,95	1,11701072128	-6,10865238198	3,90544354234
12,96	1,06465084372	-6,10865238198	1,7507160706
12,97	0,994837673637	-6,10865238198	4,84813681099
12,98	0,942477796077	-6,06017101387	12,7936943626
12,99	0,872664625997	-5,91472690954	25,0487068574
13	0,820304748437	-5,42991322843	25,1833773244
13,01	0,767944870877	-5,28446912409	13,7363876314
13,02	0,715584993318	-5,23598775598	9,42693268823
13,03	0,663225115758	-5,18750638787	13,8710580984
13,04	0,610865238198	-5,04206228354	26,1260705931
13,05	0,558505360638	-4,55724860243	29,7621732014
13,06	0,523598775598	-4,36332312999	25,5873887253
13,07	0,471238898038	-4,16939765754	29,7621732015
13,08	0,436332312999	-3,68458397643	26,1260705931
13,09	0,401425727959	-3,5391398721	14,0057285654
13,1	0,366519142919	-3,49065850399	10,3696259571
13,11	0,331612557879	-3,44217713588	18,4498539756
13,12	0,296705972839	-3,24825166343	37,977071687
13,13	0,261799387799	-2,61799387799	50,0974137147
13,14	0,244346095279	-1,98773609255	37,9770716868
13,15	0,226892802759	-1,79381062011	18,4498539755
13,16	0,209439510239	-1,745329252	10,3696259571
13,17	0,191986217719	-1,69684788388	14,0057285655
13,18	0,174532925199	-1,55140377955	26,1260705931
13,19	0,157079632679	-1,06659009844	29,8968436683
13,2	0,157079632679	-0,872664626	26,5300819939
13,21	0,139626340159	-0,678739153556	34,4756395456
13,22	0,139626340159	-0,145444104334	38,9197649559
13,23	0,139626340159	0,145444104334	38,9197649559
13,24	0,139626340159	0,678739153556	34,4756395456
13,25	0,157079632679	0,872664626	26,5300819939
13,26	0,157079632679	1,06659009844	30,0315141353
13,27	0,174532925199	1,55140377955	26,9340933949
13,28	0,191986217719	1,69684788388	17,6418311738
13,29	0,209439510239	1,79381062011	17,6418311738
13,3	0,226892802759	1,93925472444	26,9340933949
13,31	0,244346095279	2,42406840555	29,8968436683
13,32	0,279252680319	2,61799387799	25,5873887253
13,33	0,296705972839	2,81191935044	29,8968436685
13,34	0,331612557879	3,29673303155	26,934093395
13,35	0,366519142919	3,44217713588	17,6418311737
13,36	0,401425727959	3,5391398721	17,6418311737
13,37	0,436332312999	3,68458397643	26,934093395
13,38	0,471238898038	4,16939765754	29,8968436684
13,39	0,523598775598	4,36332312999	25,5873887253
13,4	0,558505360638	4,55724860243	29,7621732014
13,41	0,610865238198	5,04206228354	26,1260705931
13,42	0,663225115758	5,18750638787	13,8710580984
13,43	0,715584993318	5,23598775598	9,42693268823
13,44	0,767944870877	5,28446912409	13,7363876314
13,45	0,820304748437	5,42991322843	25,1833773244
13,46	0,872664625997	5,91472690954	25,0487068574
13,47	0,942477796077	6,06017101387	12,7936943626
13,48	0,994837673637	6,10865238198	4,71346634401
13,49	1,06465084372	6,10865238198	0,942693268743
13,5	1,11701072128	6,10865238198	0,269340934
13,51	1,18682389136	6,10865238198	0,808022801903
13,52	1,23918376892	6,10865238198	3,77077307524
13,53	1,308996939	6,15713375009	8,08022801843
13,54	1,36135681656	6,25409648631	12,2550124948
13,55	1,43116998664	6,59346606309	1,03509793329E-010
13,56	1,50098315672	6,25409648631	-12,3896829617
13,57	1,55334303427	6,15713375009	-9,02292128741
13,58	1,62315620435	6,10865238198	-8,48423941948
13,59	1,67551608191	6,06017101387	-13,6017171644
13,6	1,74532925199	5,91472690954	-25,1833773242
13,61	1,79768912955	5,42991322843	-25,0487068573
13,62	1,85004900711	5,28446912409	-12,7936943627
13,63	1,90240888467	5,23598775598	-4,84813681103
13,64	1,95476876223	5,23598775599	-2,02005700457
13,65	2,00712863979	5,23598775599	-5,65615961302
13,66	2,05948851735	5,18750638787	-16,564467438
13,67	2,11184839491	4,99358091543	-33,2636053428
13,68	2,16420827247	4,4118044981	-38,3810830878
13,69	2,19911485751	3,92699081699	-18,4498539755
13,7	2,23402144255	4,16939765754	-9,83094408915
13,71	2,28638132011	4,07243492132	-29,8968436684
13,72	2,32128790515	3,49065850399	-42,8252084979
13,73	2,35619449019	2,90888208666	-29,8968436684
13,74	2,37364778271	2,81191935044	-9,83094408918
13,75	2,40855436775	3,05432619099	-18,4498539756
13,76	2,44346095279	2,56951250988	-38,5157535549
13,77	2,46091424531	1,98773609255	-34,3409690787
13,78	2,47836753783	1,7938106201	-22,0859565839
13,79	2,49582083035	1,69684788388	-22,0859565837
13,8	2,51327412287	1,50292241144	-34,3409690785
13,81	2,53072741539	0,921145994111	-38,5157535548
13,82	2,53072741539	0,436332312999	-18,4498539757
13,83	2,53072741539	0,678739153553	-9,9656145562
13,84	2,54818070791	0,581776417331	-30,8395369372
13,85	2,54818070791	0	-47,4040043751
13,86	2,54818070791	-0,630257785442	-41,7478447622
13,87	2,53072741539	-0,872664625997	-30,1661846025
13,88	2,53072741539	-1,06659009844	-30,7048664703
13,89	2,51327412287	-1,55140377955	-26,26074106
13,9	2,49582083035	-1,69684788388	-14,0057285653
13,91	2,47836753783	-1,74532925199	-10,3696259571
13,92	2,46091424531	-1,7938106201	-18,4498539757
13,93	2,44346095279	-1,98773609255	-37,977071687
13,94	2,42600766027	-2,61799387799	-50,0974137147
13,95	2,39110107523	-3,24825166343	-37,8424012199
13,96	2,35619449019	-3,44217713588	-17,6418311737
13,97	2,32128790515	-3,49065850399	-6,73352334869
13,98	2,28638132011	-3,49065850399	-6,73352334868
13,99	2,25147473507	-3,5391398721	-17,5071607068
14	2,21656815003	-3,73306534454	-36,8997079512
14,01	2,18166156499	-4,36332312999	-45,6532883045
14,02	2,12930168743	-4,94509954732	-26,9340933949
14,03	2,07694180987	-4,99358091543	-1,75071607065
14,04	2,02458193231	-4,65421133865	-5,25214821207
14,05	1,98967534727	-4,79965544298	-33,8022872108
14,06	1,93731546971	-5,67232006898	-33,6676167438
14,07	1,86750229963	-5,81776417332	-4,30945494314
14,08	1,81514242207	-5,47839459654	2,96275027349
14,09	1,76278254451	-5,47839459654	-14,1403990324
14,1	1,71042266695	-5,91472690954	-20,7392519142
14,11	1,64060949687	-6,06017101387	-12,6590238956
14,12	1,58824961931	-6,10865238198	-8,34956895233
14,13	1,51843644923	-6,15713375009	-9,02292128723
14,14	1,46607657168	-6,25409648631	-12,3896829617
14,15	1,3962634016	-6,59346606309	-1,02631483559E-010
14,16	1,32645023152	-6,25409648631	12,2550124947
14,17	1,27409035396	-6,15713375009	8,08022801858
14,18	1,20427718388	-6,10865238198	3,90544354234
14,19	1,15191730632	-6,10865238198	1,7507160706
14,2	1,08210413624	-6,10865238198	4,84813681099
14,21	1,02974425868	-6,06017101387	12,7936943626
14,22	0,959931088597	-5,91472690954	25,0487068574
14,23	0,907571211037	-5,42991322843	25,0487068574
14,24	0,855211333477	-5,28446912409	12,7936943626
14,25	0,802851455917	-5,23598775598	4,84813681109
14,26	0,750491578357	-5,23598775598	1,88538653768
14,27	0,698131700798	-5,23598775598	4,84813681106
14,28	0,645771823238	-5,18750638787	12,9283648296
14,29	0,593411945678	-5,04206228354	25,9914001262
14,3	0,541052068118	-4,55724860243	29,7621732015
14,31	0,506145483078	-4,36332312999	25,7220591922
14,32	0,453785605519	-4,16939765754	30,7048664702
14,33	0,418879020479	-3,68458397643	30,7048664702
14,34	0,383972435439	-3,49065850399	25,8567296591
14,35	0,349065850399	-3,29673303155	30,7048664703
14,36	0,314159265359	-2,81191935044	30,7048664703
14,37	0,296705972839	-2,61799387799	25,7220591923
14,38	0,261799387799	-2,42406840555	29,7621732015
14,39	0,244346095279	-1,93925472444	26,126070593
14,4	0,226892802759	-1,79381062011	14,0057285653
14,41	0,209439510239	-1,745329252	10,3696259571
14,42	0,191986217719	-1,69684788388	18,4498539757
14,43	0,174532925199	-1,50292241144	37,9770716869
14,44	0,157079632679	-0,872664625996	50,2320841816
14,45	0,157079632679	-0,242406840554	38,7850944887
14,46	0,157079632679	-0,0484813681109	22,2206270508
14,47	0,157079632679	0,0484813681109	18,5845244425
14,48	0,157079632679	0,193925472444	27,0687638619
14,49	0,157079632679	0,678739153552	29,8968436684
14,5	0,174532925199	0,872664625996	25,7220591922
14,51	0,174532925199	1,06659009844	30,7048664703
14,52	0,191986217719	1,55140377955	30,7048664704
14,53	0,209439510239	1,745329252	25,8567296592
14,54	0,226892802759	1,93925472444	30,7048664702
14,55	0,244346095279	2,42406840555	30,7048664702
14,56	0,279252680319	2,61799387799	25,7220591922
14,57	0,296705972839	2,81191935044	29,7621732015
14,58	0,331612557879	3,29673303155	26,1260705932
14,59	0,366519142919	3,44217713588	14,0057285654
14,6	0,401425727959	3,49065850399	10,3696259571
14,61	0,436332312999	3,5391398721	18,3151835086
14,62	0,471238898038	3,73306534454	37,0343784181
14,63	0,506145483078	4,36332312999	45,6532883045
14,64	0,558505360638	4,94509954732	26,9340933949
14,65	0,610865238198	4,99358091543	1,7507160706
14,66	0,663225115758	4,65421133865	5,25214821199
14,67	0,698131700798	4,79965544298	33,8022872107
14,68	0,750491578357	5,67232006898	33,6676167438
14,69	0,820304748437	5,81776417332	4,30945494327
14,7	0,872664625997	5,47839459654	-2,96275027349
14,71	0,925024503557	5,47839459654	14,1403990323
14,72	0,977384381117	5,91472690953	20,6045814472
14,73	1,0471975512	6,06017101387	11,8510010939
14,74	1,09955742876	6,10865238198	4,57879587714
14,75	1,16937059884	6,10865238198	0,94269326872
14,76	1,2217304764	6,10865238198	0,1346704669
14,77	1,29154364648	6,10865238198	7,45625783338E-011
14,78	1,34390352404	6,10865238198	1,02631483559E-010
14,79	1,41371669412	6,10865238198	0
14,8	1,46607657168	6,10865238198	-1,02631483559E-010
14,81	1,53588974175	6,10865238198	-0,134670467049
14,82	1,58824961931	6,10865238198	-0,942693268748
14,83	1,65806278939	6,10865238198	-4,71346634401
14,84	1,71042266695	6,06017101387	-12,7936943626
14,85	1,78023583703	5,91472690954	-25,0487068574
14,86	1,83259571459	5,42991322843	-25,1833773244
14,87	1,88495559215	5,28446912409	-13,7363876314
14,88	1,93731546971	5,23598775598	-9,42693268826
14,89	1,98967534727	5,18750638787	-13,7363876315
14,9	2,04203522483	5,04206228354	-25,1833773243
14,91	2,09439510239	4,55724860243	-25,1833773242
14,92	2,12930168743	4,4118044981	-13,7363876313
14,93	2,18166156499	4,36332312999	-9,5616031552
14,94	2,21656815003	4,31484176188	-14,6790809003
14,95	2,26892802759	4,16939765754	-29,8968436684
14,96	2,30383461263	3,63610260832	-37,9770716869
14,97	2,33874119767	3,34521439966	-38,7850944888
14,98	2,37364778271	2,81191935044	-34,4756395456
14,99	2,39110107523	2,61799387799	-26,530081994
15	2,42600766027	2,42406840555	-30,0315141354
15,01	2,44346095279	1,93925472444	-26,934093395
15,02	2,46091424531	1,7938106201	-17,6418311738
15,03	2,47836753783	1,69684788388	-17,6418311737
15,04	2,49582083035	1,55140377955	-26,9340933949
15,05	2,51327412287	1,06659009844	-29,8968436683
15,06	2,51327412287	0,872664626	-25,7220591921
15,07	2,53072741539	0,678739153556	-30,7048664703
15,08	2,53072741539	0,193925472445	-30,7048664704
15,09	2,53072741539	0	-25,8567296593
15,1	2,53072741539	-0,193925472445	-30,7048664704
15,11	2,53072741539	-0,678739153556	-30,7048664703
15,12	2,51327412287	-0,872664626	-25,7220591921
15,13	2,51327412287	-1,06659009844	-29,8968436683
15,14	2,49582083035	-1,55140377955	-27,0687638619
15,15	2,47836753783	-1,69684788388	-18,5845244426
15,16	2,46091424531	-1,7938106201	-22,220627051
15,17	2,44346095279	-1,98773609255	-38,7850944889
15,18	2,42600766027	-2,61799387799	-50,2320841816
15,19	2,39110107523	-3,24825166343	-37,8424012199
15,2	2,35619449019	-3,44217713588	-17,6418311737
15,21	2,32128790515	-3,49065850399	-6,73352334869
15,22	2,28638132011	-3,49065850399	-6,5988528817
15,23	2,25147473507	-3,5391398721	-16,6991379049
15,24	2,21656815003	-3,73306534454	-33,2636053429
15,25	2,18166156499	-4,31484176188	-38,2464126209
15,26	2,12930168743	-4,79965544298	-17,5071607067
15,27	2,07694180987	-4,55724860243	-5,38681867896
15,28	2,04203522483	-4,60572997054	-18,8538653765
15,29	1,98967534727	-5,04206228354	-25,9914001262
15,3	1,93731546971	-5,23598775598	-23,9713431215
15,31	1,88495559215	-5,42991322843	-25,8567296591
15,32	1,83259571459	-5,86624554142	-17,9111721077
15,33	1,76278254451	-5,91472690954	-0,673352334982
15,34	1,71042266695	-5,62383870087	-4,71346634411
15,35	1,65806278939	-5,96320827765	-13,1977057634
15,36	1,58824961931	-6,06017101387	-8,21489848538
15,37	1,53588974175	-6,10865238198	-3,77077307537
15,38	1,46607657168	-6,10865238198	-0,808022801951
15,39	1,41371669412	-6,10865238198	-0,134670466975
15,4	1,34390352404	-6,10865238198	1,02631483559E-010
15,41	1,29154364648	-6,10865238198	7,45625783338E-011
15,42	1,2217304764	-6,10865238198	0,1346704669
15,43	1,16937059884	-6,10865238198	0,94269326872
15,44	1,09955742876	-6,10865238198	4,57879587714
15,45	1,0471975512	-6,06017101387	11,8510010939
15,46	0,977384381117	-5,91472690953	20,6045814472
15,47	0,925024503557	-5,47839459654	14,1403990323
15,48	0,872664625997	-5,47839459654	-2,96275027349
15,49	0,820304748437	-5,81776417332	4,44412541025
15,5	0,750491578357	-5,67232006898	34,4756395456
15,51	0,698131700798	-4,79965544298	37,438389819
15,52	0,663225115758	-4,60572997054	12,5243534286
15,53	0,610865238198	-4,84813681109	10,23495549
15,54	0,558505360638	-4,50876723432	18,8538653765
15,55	0,523598775598	-4,36332312999	21,1432633151
15,56	0,471238898038	-4,16939765754	28,9541503996
15,57	0,436332312999	-3,68458397643	26,934093395
15,58	0,401425727959	-3,5391398721	18,4498539755
15,59	0,366519142919	-3,44217713588	21,277933782
15,6	0,331612557879	-3,24825166343	34,2062986116
15,61	0,296705972839	-2,6664752461	38,5157535549
15,62	0,279252680319	-2,18166156499	18,4498539756
15,63	0,261799387799	-2,42406840555	9,96561455608
15,64	0,226892802759	-2,32710566933	30,7048664702
15,65	0,209439510239	-1,745329252	46,4613111063
15,66	0,191986217719	-1,11507146655	37,1690488851
15,67	0,191986217719	-0,921145994107	18,4498539756
15,68	0,174532925199	-0,872664625996	11,3123192259
15,69	0,174532925199	-0,824183257885	18,5845244425
15,7	0,157079632679	-0,630257785441	37,9770716869
15,71	0,157079632679	0	50,0974137146
15,72	0,157079632679	0,630257785441	37,9770716869
15,73	0,174532925199	0,824183257885	18,4498539755
15,74	0,174532925199	0,872664625996	10,5042964241
15,75	0,191986217719	0,921145994107	14,8137513673
15,76	0,191986217719	1,06659009844	29,8968436685
15,77	0,209439510239	1,59988514766	37,9770716869
15,78	0,226892802759	1,89077335633	38,7850944887
15,79	0,244346095279	2,42406840555	34,4756395455
15,8	0,279252680319	2,61799387799	26,5300819941
15,81	0,296705972839	2,81191935044	30,0315141355
15,82	0,331612557879	3,29673303155	26,934093395
15,83	0,366519142919	3,44217713588	17,6418311737
15,84	0,401425727959	3,5391398721	17,6418311737
15,85	0,436332312999	3,68458397643	26,799422928
15,86	0,471238898038	4,16939765754	28,9541503996
15,87	0,523598775598	4,36332312999	21,0085928481
15,88	0,558505360638	4,50876723432	18,0458425746
15,89	0,610865238198	4,84813681109	6,59885288169
15,9	0,663225115758	4,55724860243	5,25214821199
15,91	0,698131700798	4,65421133865	28,9541503996
15,92	0,750491578357	5,23598775598	42,5558675641
15,93	0,802851455917	5,81776417332	28,8194799327
15,94	0,872664625997	5,91472690954	4,30945494314
15,95	0,925024503557	5,62383870087	1,8853865376
15,96	0,977384381117	5,91472690953	5,25214821209
15,97	1,0471975512	5,91472690954	-3,90544354216
15,98	1,09955742876	5,62383870087	4,57879587714
15,99	1,15191730632	5,96320827765	16,8338083717
16	1,2217304764	6,10865238198	16,2951265038
16,01	1,27409035396	6,25409648631	15,8911151031
16,02	1,34390352404	6,59346606309	7,88653093448E-011
16,03	1,41371669412	6,25409648631	-15,891115103
16,04	1,46607657168	6,10865238198	-16,295126504
16,05	1,53588974175	5,96320827764	-16,8338083719
16,06	1,58824961931	5,62383870087	-4,57879587709
16,07	1,64060949687	5,91472690954	3,90544354232
16,08	1,71042266695	5,91472690954	-5,25214821207
16,09	1,76278254451	5,62383870087	-1,8853865377
16,1	1,81514242207	5,91472690953	-4,30945494313
16,11	1,88495559215	5,81776417331	-28,8194799325
16,12	1,93731546971	5,23598775598	-42,5558675641
16,13	1,98967534727	4,65421133865	-28,9541503997
16,14	2,02458193231	4,55724860243	-5,25214821206
16,15	2,07694180987	4,84813681109	-6,59885288174
16,16	2,12930168743	4,50876723432	-18,0458425746
16,17	2,16420827247	4,36332312999	-21,0085928481
16,18	2,21656815003	4,16939765754	-28,9541503997
16,19	2,25147473507	3,68458397643	-26,934093395
16,2	2,28638132011	3,5391398721	-18,4498539755
16,21	2,32128790515	3,44217713588	-21,277933782
16,22	2,35619449019	3,24825166343	-34,2062986116
16,23	2,39110107523	2,6664752461	-38,5157535548
16,24	2,40855436775	2,18166156499	-18,4498539756
16,25	2,42600766027	2,42406840555	-9,96561455613
16,26	2,46091424531	2,32710566933	-30,8395369373
16,27	2,47836753783	1,74532925199	-47,2693339082
16,28	2,49582083035	1,11507146655	-40,9398219604
16,29	2,49582083035	0,872664625996	-26,530081994
16,3	2,51327412287	0,727220521663	-23,4326612535
16,31	2,51327412287	0,339369576777	-17,7765016406
16,32	2,51327412287	0,484813681112	-21,9512861169
16,33	2,53072741539	0	-33,9369576778
16,34	2,51327412287	-0,484813681112	-21,9512861169
16,35	2,51327412287	-0,339369576777	-17,7765016406
16,36	2,51327412287	-0,727220521663	-23,4326612535
16,37	2,49582083035	-0,872664625996	-26,530081994
16,38	2,49582083035	-1,11507146655	-40,9398219604
16,39	2,47836753783	-1,74532925199	-47,2693339082
16,4	2,46091424531	-2,32710566933	-30,8395369373
16,41	2,42600766027	-2,42406840555	-9,96561455613
16,42	2,40855436775	-2,18166156499	-18,4498539756
16,43	2,39110107523	-2,6664752461	-38,5157535548
16,44	2,35619449019	-3,24825166343	-34,2062986116
16,45	2,32128790515	-3,44217713588	-21,277933782
16,46	2,28638132011	-3,5391398721	-18,4498539755
16,47	2,25147473507	-3,68458397643	-26,934093395
16,48	2,21656815003	-4,16939765754	-28,9541503997
16,49	2,16420827247	-4,36332312999	-21,0085928481
16,5	2,12930168743	-4,50876723432	-18,0458425746
16,51	2,07694180987	-4,84813681109	-6,59885288174
16,52	2,02458193231	-4,55724860243	-5,25214821206
16,53	1,98967534727	-4,65421133865	-28,8194799327
16,54	1,93731546971	-5,23598775598	-41,7478447622
16,55	1,88495559215	-5,81776417331	-25,1833773242
16,56	1,81514242207	-5,86624554142	2,9627502735
16,57	1,76278254451	-5,47839459654	6,5988528817
16,58	1,71042266695	-5,47839459654	-13,3323762305
16,59	1,65806278939	-5,91472690954	-20,4699109801
16,6	1,58824961931	-6,06017101387	-11,8510010937
16,61	1,53588974175	-6,10865238198	-4,57879587722
16,62	1,46607657168	-6,10865238198	-0,942693268926
16,63	1,41371669412	-6,10865238198	-0,134670466975
16,64	1,34390352404	-6,10865238198	1,02609279098E-010
16,65	1,29154364648	-6,10865238198	7,45576440093E-011
16,66	1,2217304764	-6,10865238198	0,1346704669
16,67	1,16937059884	-6,10865238198	0,94269326872
16,68	1,09955742876	-6,10865238198	4,71346634411
16,69	1,0471975512	-6,06017101387	12,7936943627
16,7	0,977384381117	-5,91472690953	25,0487068574
16,71	0,925024503557	-5,42991322842	25,0487068573
16,72	0,872664625997	-5,28446912409	12,7936943626
16,73	0,820304748437	-5,23598775598	4,84813681112
16,74	0,767944870877	-5,23598775598	2,02005700459
16,75	0,715584993318	-5,23598775598	5,65615961293
16,76	0,663225115758	-5,18750638787	16,5644674379
16,77	0,610865238198	-4,99358091543	33,2636053427
16,78	0,558505360638	-4,4118044981	38,3810830878
16,79	0,523598775598	-3,92699081699	18,4498539756
16,8	0,488692190558	-4,16939765754	9,83094408921
16,81	0,436332312999	-4,07243492132	29,8968436684
16,82	0,401425727959	-3,49065850399	42,825208498
16,83	0,366519142919	-2,90888208666	29,8968436685
16,84	0,349065850399	-2,81191935043	9,83094408918
16,85	0,314159265359	-3,05432619099	18,4498539755
16,86	0,279252680319	-2,56951250988	38,5157535548
16,87	0,261799387799	-1,98773609255	34,2062986116
16,88	0,244346095279	-1,7938106201	21,2779337819
16,89	0,226892802759	-1,69684788388	18,4498539755
16,9	0,209439510239	-1,55140377955	27,068763862
16,91	0,191986217719	-1,06659009844	29,8968436685
16,92	0,191986217719	-0,872664625996	25,7220591922
16,93	0,174532925199	-0,678739153552	30,7048664702
16,94	0,174532925199	-0,193925472443	30,7048664702
16,95	0,174532925199	0	25,8567296591
16,96	0,174532925199	0,193925472443	30,7048664702
16,97	0,174532925199	0,678739153552	30,7048664702
16,98	0,191986217719	0,872664625996	25,7220591922
16,99	0,191986217719	1,06659009844	29,8968436685
17	0,209439510239	1,55140377955	27,068763862
17,01	0,226892802759	1,69684788388	18,4498539755
17,02	0,244346095279	1,7938106201	21,2779337819
17,03	0,261799387799	1,98773609255	34,3409690786
17,04	0,279252680319	2,56951250988	39,3237763567
17,05	0,314159265359	3,05432619099	22,0859565839
17,06	0,349065850399	2,86040071854	17,2378197728
17,07	0,366519142919	3,05432619099	39,1891058898
17,08	0,401425727959	3,92699081699	38,3810830878
17,09	0,453785605519	4,12091628943	12,6590238955
17,1	0,488692190558	3,87850944887	10,2349554901
17,11	0,523598775598	4,21787902565	18,8538653766
17,12	0,575958653158	4,36332312999	21,1432633151
17,13	0,610865238198	4,55724860243	28,8194799326
17,14	0,663225115758	5,04206228354	25,9914001261
17,15	0,715584993318	5,18750638787	13,8710580984
17,16	0,767944870877	5,23598775598	9,29226222124
17,17	0,820304748437	5,28446912409	12,9283648296
17,18	0,872664625997	5,42991322843	21,412604249
17,19	0,925024503557	5,86624554143	16,9684788387
17,2	0,994837673637	5,91472690953	0,538681867842
17,21	1,0471975512	5,62383870087	4,71346634417
17,22	1,09955742876	5,96320827765	13,1977057636
17,23	1,16937059884	6,06017101387	8,2148984854
17,24	1,2217304764	6,10865238198	3,77077307524
17,25	1,29154364648	6,10865238198	0,808022801928
17,26	1,34390352404	6,10865238198	0,134670467078
17,27	1,41371669412	6,10865238198	-0,134670466975
17,28	1,46607657168	6,10865238198	-0,80802280195
17,29	1,53588974175	6,10865238198	-3,77077307536
17,3	1,58824961931	6,06017101387	-8,21489848538
17,31	1,65806278939	5,96320827765	-13,1977057634
17,32	1,71042266695	5,62383870087	-4,84813681109
17,33	1,76278254451	5,91472690954	-1,48137513683
17,34	1,83259571459	5,86624554142	-21,547274716
17,35	1,88495559215	5,38143186031	-33,2636053427
17,36	1,93731546971	5,09054365165	-33,2636053428
17,37	1,98967534727	4,60572997054	-21,547274716
17,38	2,02458193231	4,55724860243	-1,61604560373
17,39	2,07694180987	4,84813681109	-5,79083007989
17,4	2,12930168743	4,50876723432	-17,9111721076
17,41	2,16420827247	4,36332312999	-21,1432633151
17,42	2,21656815003	4,16939765754	-29,7621732016
17,43	2,25147473507	3,68458397643	-30,5701960033
17,44	2,28638132011	3,49065850399	-25,8567296591
17,45	2,32128790515	3,29673303154	-30,7048664702
17,46	2,35619449019	2,81191935044	-30,7048664702
17,47	2,37364778271	2,61799387799	-25,7220591922
17,48	2,40855436775	2,42406840555	-29,8968436684
17,49	2,42600766027	1,93925472444	-26,9340933949
17,5	2,44346095279	1,79381062011	-17,6418311738
17,51	2,46091424531	1,69684788388	-17,6418311738
17,52	2,47836753783	1,55140377955	-26,934093395
17,53	2,49582083035	1,06659009844	-29,8968436684
17,54	2,49582083035	0,872664625996	-25,7220591922
17,55	2,51327412287	0,678739153552	-30,7048664702
17,56	2,51327412287	0,193925472443	-30,7048664702
17,57	2,51327412287	0	-25,8567296591
17,58	2,51327412287	-0,193925472443	-30,7048664702
17,59	2,51327412287	-0,678739153552	-30,7048664702
17,6	2,49582083035	-0,872664625996	-25,8567296591
17,61	2,49582083035	-1,06659009844	-30,7048664702
17,62	2,47836753783	-1,55140377955	-30,7048664703
17,63	2,46091424531	-1,74532925199	-25,8567296593
17,64	2,44346095279	-1,93925472444	-30,7048664703
17,65	2,42600766027	-2,42406840555	-30,7048664702
17,66	2,39110107523	-2,61799387799	-25,7220591922
17,67	2,37364778271	-2,81191935044	-29,8968436685
17,68	2,33874119767	-3,29673303154	-26,934093395
17,69	2,30383461263	-3,44217713588	-17,6418311737
17,7	2,26892802759	-3,5391398721	-17,5071607067
17,71	2,23402144255	-3,68458397643	-25,9914001261
17,72	2,19911485751	-4,16939765754	-25,3180477912
17,73	2,14675497995	-4,31484176187	-13,7363876314
17,74	2,11184839491	-4,36332312998	-9,42693268828
17,75	2,05948851735	-4,4118044981	-13,8710580985
17,76	2,02458193231	-4,55724860243	-26,1260705931
17,77	1,97222205475	-5,04206228354	-29,6275027344
17,78	1,91986217719	-5,23598775598	-24,7793659234
17,79	1,86750229963	-5,42991322843	-25,9914001262
17,8	1,81514242207	-5,86624554143	-17,9111721076
17,81	1,74532925199	-5,91472690953	-0,673352334817
17,82	1,69296937443	-5,62383870087	-4,71346634417
17,83	1,64060949687	-5,96320827765	-13,1977057636
17,84	1,57079632679	-6,06017101387	-8,2148984854
17,85	1,51843644923	-6,10865238198	-3,77077307524
17,86	1,44862327916	-6,10865238198	-0,673352334953
17,87	1,3962634016	-6,10865238198	0,67335233477
17,88	1,32645023152	-6,10865238198	3,77077307529
17,89	1,27409035396	-6,06017101387	8,21489848556
17,9	1,20427718388	-5,96320827764	13,0630352966
17,91	1,15191730632	-5,62383870087	3,77077307524
17,92	1,09955742876	-5,91472690954	-4,04011400929
17,93	1,02974425868	-5,91472690954	5,11747774509
17,94	0,977384381117	-5,62383870087	1,07736373585
17,95	0,925024503557	-5,91472690953	0,673352334818
17,96	0,855211333477	-5,86624554143	21,4126042489
17,97	0,802851455917	-5,38143186032	33,2636053428
17,98	0,750491578357	-5,09054365165	33,2636053429
17,99	0,698131700798	-4,60572997054	21,547274716
18	0,663225115758	-4,55724860243	1,61604560367
18,01	0,610865238198	-4,84813681109	5,79083007984
18,02	0,558505360638	-4,50876723432	18,0458425746
18,03	0,523598775598	-4,36332312999	21,9512861169
18,04	0,471238898038	-4,16939765754	33,5329462767
18,05	0,436332312999	-3,63610260832	38,6504240218
18,06	0,401425727959	-3,34521439966	37,9770716869
18,07	0,366519142919	-2,81191935044	29,8968436685
18,08	0,349065850399	-2,6664752461	14,6790809003
18,09	0,314159265359	-2,61799387799	9,69627362217
18,1	0,296705972839	-2,56951250988	14,6790809003
18,11	0,261799387799	-2,42406840555	29,8968436684
18,12	0,244346095279	-1,89077335633	37,8424012198
18,13	0,226892802759	-1,59988514766	37,8424012198
18,14	0,209439510239	-1,06659009844	30,0315141354
18,15	0,209439510239	-0,921145994108	15,6217741692
18,16	0,191986217719	-0,872664625996	14,1403990324
18,17	0,191986217719	-0,775701889774	25,7220591922
18,18	0,174532925199	-0,484813681109	46,5959815732
18,19	0,174532925199	0,436332312998	42,9598789649
18,2	0,191986217719	0,630257785441	18,0458425746
18,21	0,191986217719	0,436332312998	22,2206270509
18,22	0,191986217719	0,921145994108	39,1891058897
18,23	0,209439510239	1,50292241144	33,5329462768
18,24	0,226892802759	1,69684788388	17,6418311736
18,25	0,244346095279	1,74532925199	11,0429782918
18,26	0,261799387799	1,7938106201	17,6418311737
18,27	0,279252680319	1,98773609255	33,5329462768
18,28	0,296705972839	2,56951250988	39,1891058898
18,29	0,331612557879	3,05432619099	22,0859565839
18,3	0,366519142919	2,86040071855	17,2378197728
18,31	0,383972435439	3,05432619099	39,1891058896
18,32	0,418879020479	3,92699081699	38,3810830878
18,33	0,471238898038	4,12091628943	12,6590238956
18,34	0,506145483078	3,87850944888	10,2349554901
18,35	0,541052068118	4,21787902565	18,8538653765
18,36	0,593411945678	4,36332312998	21,143263315
18,37	0,628318530718	4,55724860243	28,8194799326
18,38	0,680678408278	5,04206228354	25,9914001262
18,39	0,733038285838	5,18750638787	13,8710580985
18,4	0,785398163397	5,23598775598	9,42693268817
18,41	0,837758040957	5,28446912409	13,7363876314
18,42	0,890117918517	5,42991322843	25,0487068573
18,43	0,942477796077	5,91472690954	24,2406840555
18,44	1,01229096616	6,06017101387	9,02292128724
18,45	1,06465084372	6,06017101387	-3,36676167442
18,46	1,1344640138	5,96320827764	-11,3123192258
18,47	1,18682389136	5,62383870087	0,134670467031
18,48	1,23918376892	5,96320827765	12,2550124946
18,49	1,308996939	6,06017101387	8,08022801843
18,5	1,36135681656	6,10865238198	3,77077307537
18,51	1,43116998664	6,10865238198	0,673352334977
18,52	1,4835298642	6,10865238198	-0,808022801848
18,53	1,55334303427	6,10865238198	-4,71346634422
18,54	1,60570291183	6,06017101387	-12,7936943627
18,55	1,67551608191	5,91472690953	-25,0487068572
18,56	1,72787595947	5,42991322843	-25,0487068572
18,57	1,78023583703	5,2844691241	-12,7936943627
18,58	1,83259571459	5,23598775598	-4,84813681117
18,59	1,88495559215	5,23598775598	-1,88538653764
18,6	1,93731546971	5,23598775598	-4,84813681112
18,61	1,98967534727	5,18750638787	-12,9283648296
18,62	2,04203522483	5,04206228354	-25,9914001261
18,63	2,09439510239	4,55724860243	-29,7621732014
18,64	2,12930168743	4,36332312999	-25,5873887251
18,65	2,18166156499	4,16939765754	-29,8968436684
18,66	2,21656815003	3,68458397643	-26,9340933951
18,67	2,25147473507	3,5391398721	-17,6418311737
18,68	2,28638132011	3,44217713588	-17,6418311736
18,69	2,32128790515	3,29673303154	-26,9340933949
18,7	2,35619449019	2,81191935044	-29,8968436684
18,71	2,37364778271	2,61799387799	-25,7220591922
18,72	2,40855436775	2,42406840555	-30,7048664702
18,73	2,42600766027	1,93925472444	-30,7048664702
18,74	2,44346095279	1,745329252	-25,8567296592
18,75	2,46091424531	1,55140377955	-30,7048664704
18,76	2,47836753783	1,06659009844	-30,7048664703
18,77	2,47836753783	0,872664625996	-25,7220591922
18,78	2,49582083035	0,678739153552	-29,8968436684
18,79	2,49582083035	0,193925472443	-26,9340933949
18,8	2,49582083035	0,0484813681109	-17,6418311737
18,81	2,49582083035	-0,0484813681109	-17,6418311737
18,82	2,49582083035	-0,193925472443	-26,9340933949
18,83	2,49582083035	-0,678739153552	-29,8968436684
18,84	2,47836753783	-0,872664625996	-25,7220591922
18,85	2,47836753783	-1,06659009844	-30,7048664703
18,86	2,46091424531	-1,55140377955	-30,7048664704
18,87	2,44346095279	-1,745329252	-25,8567296592
18,88	2,42600766027	-1,93925472444	-30,7048664702
18,89	2,40855436775	-2,42406840555	-30,7048664702
18,9	2,37364778271	-2,61799387799	-25,7220591922
18,91	2,35619449019	-2,81191935044	-29,8968436684
18,92	2,32128790515	-3,29673303154	-26,9340933949
18,93	2,28638132011	-3,44217713588	-17,6418311736
18,94	2,25147473507	-3,5391398721	-17,6418311737
18,95	2,21656815003	-3,68458397643	-26,9340933951
18,96	2,18166156499	-4,16939765754	-29,8968436684
18,97	2,12930168743	-4,36332312999	-25,5873887251
18,98	2,09439510239	-4,55724860243	-29,7621732014
18,99	2,04203522483	-5,04206228354	-25,9914001261
19	1,98967534727	-5,18750638787	-12,9283648296
19,01	1,93731546971	-5,23598775598	-4,84813681112
19,02	1,88495559215	-5,23598775598	-1,88538653764
19,03	1,83259571459	-5,23598775598	-4,84813681117
19,04	1,78023583703	-5,2844691241	-12,7936943627
19,05	1,72787595947	-5,42991322843	-24,9140363903
19,06	1,67551608191	-5,91472690953	-24,2406840554
19,07	1,60570291183	-6,06017101387	-9,02292128736
19,08	1,55334303427	-6,06017101387	3,36676167431
19,09	1,4835298642	-5,96320827765	11,3123192259
19,1	1,43116998664	-5,62383870087	-0,134670466924
19,11	1,37881010908	-5,96320827764	-12,2550124948
19,12	1,308996939	-6,06017101387	-7,94555755161
19,13	1,25663706144	-6,10865238198	-2,82807980647
19,14	1,18682389136	-6,10865238198	3,77077307539
19,15	1,1344640138	-6,06017101387	11,7163306269
19,16	1,06465084372	-5,91472690953	20,4699109801
19,17	1,01229096616	-5,47839459654	13,3323762304
19,18	0,959931088597	-5,47839459654	-6,5988528817
19,19	0,907571211037	-5,86624554142	-2,96275027336
19,2	0,837758040957	-5,81776417331	25,1833773242
19,21	0,785398163397	-5,23598775598	41,7478447621
19,22	0,733038285838	-4,65421133865	28,8194799326
19,23	0,698131700798	-4,55724860243	5,25214821198
19,24	0,645771823238	-4,8481368111	6,59885288178
19,25	0,593411945678	-4,50876723432	18,0458425747
19,26	0,558505360638	-4,36332312998	21,0085928481
19,27	0,506145483078	-4,16939765754	28,9541503996
19,28	0,471238898038	-3,68458397643	26,799422928
19,29	0,436332312999	-3,5391398721	17,6418311737
19,3	0,401425727959	-3,44217713588	17,6418311737
19,31	0,366519142919	-3,29673303154	26,934093395
19,32	0,331612557879	-2,81191935043	29,8968436684
19,33	0,314159265359	-2,61799387799	25,7220591922
19,34	0,279252680319	-2,42406840555	30,7048664703
19,35	0,261799387799	-1,93925472444	30,7048664703
19,36	0,244346095279	-1,74532925199	25,8567296591
19,37	0,226892802759	-1,55140377955	30,7048664702
19,38	0,209439510239	-1,06659009844	30,7048664703
19,39	0,209439510239	-0,872664625997	25,8567296593
19,4	0,191986217719	-0,678739153553	30,7048664703
19,41	0,191986217719	-0,193925472443	30,7048664702
19,42	0,191986217719	0	25,8567296591
19,43	0,191986217719	0,193925472443	30,7048664702
19,44	0,191986217719	0,678739153553	30,7048664703
19,45	0,209439510239	0,872664625997	25,7220591923
19,46	0,209439510239	1,06659009844	29,8968436684
19,47	0,226892802759	1,55140377955	26,9340933949
19,48	0,244346095279	1,69684788388	17,6418311736
19,49	0,261799387799	1,7938106201	17,6418311737
19,5	0,279252680319	1,93925472444	26,9340933951
19,51	0,296705972839	2,42406840555	29,8968436685
19,52	0,331612557879	2,61799387799	25,5873887253
19,53	0,349065850399	2,81191935044	29,8968436684
19,54	0,383972435439	3,29673303155	26,9340933949
19,55	0,418879020479	3,44217713588	17,6418311736
19,56	0,453785605519	3,5391398721	17,6418311736
19,57	0,488692190558	3,68458397643	26,934093395
19,58	0,523598775598	4,16939765754	29,8968436685
19,59	0,575958653158	4,36332312999	25,5873887253
19,6	0,610865238198	4,55724860243	29,7621732014
19,61	0,663225115758	5,04206228354	25,9914001261
19,62	0,715584993318	5,18750638787	13,0630352965
19,63	0,767944870877	5,23598775598	5,6561596129
19,64	0,820304748437	5,23598775598	5,52148914599
19,65	0,872664625997	5,28446912409	12,1203420277
19,66	0,925024503557	5,42991322842	21,277933782
19,67	0,977384381117	5,86624554142	16,9684788389
19,68	1,0471975512	5,91472690954	0,538681868007
19,69	1,09955742876	5,62383870087	4,71346634411
19,7	1,15191730632	5,96320827765	13,1977057634
19,71	1,2217304764	6,06017101387	8,0802280184
19,72	1,27409035396	6,10865238198	2,96275027349
19,73	1,34390352404	6,10865238198	-2,96275027339
19,74	1,3962634016	6,06017101387	-8,08022801853
19,75	1,46607657168	5,96320827764	-13,0630352966
19,76	1,51843644923	5,62383870087	-3,77077307523
19,77	1,57079632679	5,91472690954	4,0401140093
19,78	1,64060949687	5,91472690954	-5,11747774509
19,79	1,69296937443	5,62383870087	-1,07736373585
19,8	1,74532925199	5,91472690953	-0,673352334817
19,81	1,81514242207	5,86624554143	-21,4126042489
19,82	1,86750229963	5,38143186032	-33,2636053428
19,83	1,91986217719	5,09054365165	-33,3982758098
19,84	1,97222205475	4,60572997054	-22,3552975178
19,85	2,00712863979	4,55724860243	-5,25214821204
19,86	2,05948851735	4,79965544298	-13,0630352966
19,87	2,11184839491	4,36332312998	-26,5300819941
19,88	2,14675497995	3,92699081699	-13,8710580984
19,89	2,18166156499	4,16939765754	-8,88825082034
19,9	2,23402144255	4,07243492132	-29,7621732014
19,91	2,26892802759	3,49065850399	-42,825208498
19,92	2,30383461263	2,90888208666	-29,8968436685
19,93	2,32128790515	2,81191935043	-9,83094408917
19,94	2,35619449019	3,05432619099	-18,4498539755
19,95	2,39110107523	2,56951250988	-38,3810830878
19,96	2,40855436775	1,98773609255	-33,2636053426
19,97	2,42600766027	1,79381062011	-16,5644674374
19,98	2,44346095279	1,745329252	-5,97936873279
19,99	2,46091424531	1,74532925202	-1,54871036889
20	2,47836753783	1,74532925203	-0,269340932382
