1.38 0.294453
1.39 0.215019
1.4 0.230929
1.41 0.164798
1.42 0.142006
1.43 0.127167
1.44 0.116565
1.45 0.10907
1.46 0.104571
1.47 0.104986
1.48 0.140128
1.49 0.0862979
1.5 0.0339771
1.51 0.0716119
1.52 0.0767226
1.53 0.0790244
1.54 0.0806335
1.55 0.0817871
1.56 0.0819543
1.57 0.0786604
1.58 0.0424064
1.59 0.0886635
1.6 0.101498
1.61 0.109801
1.62 0.11365
1.63 0.0847289
1.64 0.137279
1.65 0.157508
1.66 0.174671
1.67 0.191387
1.68 0.208486
1.69 0.226418
1.7 0.245549
1.71 0.266281
1.72 0.289184
1.73 0.315317
1.74 0.347707
1.75 0.41592
1.76 0.411657
1.77 0.476226
1.78 0.473805
1.79 0.545457
1.8 0.583354
1.81 0.61727
1.82 0.650712
1.83 0.685753
1.84 0.72599
1.85 0.801323
1.86 0.80507
1.87 0.880096
1.88 0.919712
1.89 0.953739
1.9 0.997598
1.91 1.02861
1.92 1.07256
1.93 1.12057
1.94 1.20214
1.95 1.19765
1.96 1.27182
1.97 1.26521
1.98 1.33027
1.99 1.34742
2 1.37029
2.01 1.40182
2.02 1.41886
2.03 1.43424
2.04 1.43631
2.05 1.4504
2.06 1.45473
2.07 1.50218
2.08 1.45809
2.09 1.45809
2.1 1.45222
2.11 1.47861
2.12 1.42625
2.13 1.40613
2.14 1.40437
2.15 1.42241
2.16 1.36103
2.17 1.31821
2.18 1.28986
2.19 1.26115
2.2 1.23107
2.21 1.18664
2.22 1.15118
2.23 1.10963
2.24 1.03308
2.25 1.01861
2.26 0.964337
2.27 0.879154
2.28 0.822123
2.29 0.814215
2.3 0.716773
2.31 0.650882
2.32 0.586713
2.33 0.53077
2.34 0.428428
2.35 0.398905
2.36 0.301829
2.37 0.271887
2.38 0.168775
2.39 0.0997354
2.4 0.0350879
2.41 -0.028706
2.42 -0.0937511
2.43 -0.163671
2.44 -0.268381
2.45 -0.30112
2.46 -0.404858
2.47 -0.472797
2.48 -0.534904
2.49 -0.594453
2.5 -0.65303
2.51 -0.712186
2.52 -0.762967
2.53 -0.859298
2.54 -0.881636
2.55 -0.958055
2.56 -0.965713
2.57 -1.05712
2.58 -1.1125
2.59 -1.14912
2.6 -1.18219
2.61 -1.20057
2.62 -1.24142
2.63 -1.26891
2.64 -1.2839
2.65 -1.31342
2.66 -1.37363
2.67 -1.3422
2.68 -1.34266
2.69 -1.3493
2.7 -1.38808
2.71 -1.348
2.72 -1.34005
2.73 -1.33824
2.74 -1.36827
2.75 -1.30663
2.76 -1.28779
2.77 -1.2588
2.78 -1.22923
2.79 -1.19792
2.8 -1.17577
2.81 -1.12337
2.82 -1.0484
2.83 -1.04818
2.84 -1.00891
2.85 -0.917068
2.86 -0.906112
2.87 -0.80973
2.88 -0.759178
2.89 -0.700562
2.9 -0.642728
2.91 -0.58414
2.92 -0.523266
2.93 -0.456804
2.94 -0.367424
2.95 -0.325923
2.96 -0.240505
2.97 -0.209525
2.98 -0.092222
2.99 -0.0195922
3 0.0526331
3.01 0.156275
3.02 0.170722
3.03 0.23504
3.04 0.352633
3.05 0.403886
3.06 0.42867
3.07 0.529575
3.08 0.597967
3.09 0.665443
3.1 0.763554
3.11 0.771421
3.12 0.827601
3.13 0.921536
3.14 0.93188
3.15 1.01286
3.16 1.06965
3.17 1.11947
3.18 1.15329
3.19 1.17213
3.2 1.20097
3.21 1.24016
3.22 1.25358
3.23 1.27823
3.24 1.29053
3.25 1.32955
3.26 1.37503
3.27 1.34099
3.28 1.33875
3.29 1.34249
3.3 1.37804
3.31 1.3341
3.32 1.32099
3.33 1.29824
3.34 1.28754
3.35 1.27595
3.36 1.23874
3.37 1.22425
3.38 1.19576
3.39 1.16507
3.4 1.11935
3.41 1.08195
3.42 1.03762
3.43 0.956855
3.44 0.946725
3.45 0.853075
3.46 0.809275
3.47 0.789464
3.48 0.703746
3.49 0.636513
3.5 0.568379
3.51 0.467753
3.52 0.443275
3.53 0.380198
3.54 0.275083
3.55 0.211214
3.56 0.185139
3.57 0.0943298
3.58 0.022984
3.59 -0.0483868
3.6 -0.151438
3.61 -0.18982
3.62 -0.253916
3.63 -0.34714
3.64 -0.422917
3.65 -0.436188
3.66 -0.538398
3.67 -0.610711
3.68 -0.7107
3.69 -0.731514
3.7 -0.787637
3.71 -0.868343
3.72 -0.888355
3.73 -0.962971
3.74 -0.981346
3.75 -1.05923
3.76 -1.10124
3.77 -1.14878
3.78 -1.1806
3.79 -1.19765
3.8 -1.22492
3.81 -1.26278
3.82 -1.27524
3.83 -1.29969
3.84 -1.31432
3.85 -1.3597
3.86 -1.32553
3.87 -1.32313
3.88 -1.32668
3.89 -1.362
3.9 -1.31781
3.91 -1.30441
3.92 -1.2934
3.93 -1.28225
3.94 -1.25805
3.95 -1.23238
3.96 -1.20507
3.97 -1.17572
3.98 -1.1559
3.99 -1.12038
4 -1.06621
4.01 -0.988846
4.02 -0.973254
4.03 -0.929251
4.04 -0.840838
4.05 -0.776866
4.06 -0.718031
4.07 -0.672729
4.08 -0.615166
4.09 -0.556349
4.1 -0.507069
4.11 -0.427471
4.12 -0.336426
4.13 -0.304038
4.14 -0.199803
4.15 -0.118107
4.16 -0.0655338
4.17 -0.00204433
4.18 0.0622977
4.19 0.14312
4.2 0.233605
4.21 0.263071
4.22 0.359654
4.23 0.38866
4.24 0.490452
4.25 0.545873
4.26 0.609383
4.27 0.674519
4.28 0.771047
4.29 0.789908
4.3 0.832867
4.31 0.925862
4.32 0.935342
4.33 1.02775
4.34 1.07161
4.35 1.10858
4.36 1.15382
4.37 1.17193
4.38 1.20004
4.39 1.2264
4.4 1.25121
4.41 1.27506
4.42 1.28651
4.43 1.31248
4.44 1.35693
4.45 1.32157
4.46 1.3173
4.47 1.31658
4.48 1.31939
4.49 1.35328
4.5 1.30729
4.51 1.29188
4.52 1.26654
4.53 1.24073
4.54 1.2258
4.55 1.19693
4.56 1.16564
4.57 1.13089
4.58 1.07745
4.59 1.00043
4.6 0.995281
4.61 0.921991
4.62 0.916225
4.63 0.827967
4.64 0.817046
4.65 0.71899
4.66 0.653145
4.67 0.589298
4.68 0.521584
4.69 0.431965
4.7 0.403072
4.71 0.306689
4.72 0.277505
4.73 0.175223
4.74 0.119194
4.75 0.0555062
4.76 -0.0071734
4.77 -0.0708827
4.78 -0.139123
4.79 -0.253652
4.8 -0.27073
4.81 -0.367396
4.82 -0.396561
4.83 -0.499032
4.84 -0.568021
4.85 -0.635551
4.86 -0.733303
4.87 -0.740402
4.88 -0.795319
4.89 -0.887252
4.9 -0.894212
4.91 -0.980268
4.92 -0.985749
4.93 -1.06296
4.94 -1.10435
4.95 -1.15132
4.96 -1.18263
4.97 -1.19927
4.98 -1.22626
4.99 -1.25203
5 -1.2773
5.01 -1.29256
5.02 -1.35061
5.03 -1.31661
5.04 -1.31367
5.05 -1.31423
5.06 -1.31831
5.07 -1.35347
5.08 -1.30877
5.09 -1.29468
5.1 -1.27072
5.11 -1.25861
5.12 -1.22103
5.13 -1.20616
5.14 -1.17713
5.15 -1.15761
5.16 -1.12229
5.17 -1.0681
5.18 -0.990086
5.19 -0.983574
5.2 -0.896214
5.21 -0.887286
5.22 -0.792236
5.23 -0.74272
5.24 -0.684984
5.25 -0.627939
5.26 -0.570085
5.27 -0.522149
5.28 -0.456442
5.29 -0.367811
5.3 -0.327063
5.31 -0.242415
5.32 -0.199993
5.33 -0.107788
5.34 -0.0359959
5.35 0.0352847
5.36 0.137806
5.37 0.1629
5.38 0.224967
5.39 0.325713
5.4 0.356003
5.41 0.445968
5.42 0.525291
5.43 0.575235
5.44 0.636161
5.45 0.69971
5.46 0.78299
5.47 0.801297
5.48 0.856771
5.49 0.940405
5.5 0.981007
5.51 0.993985
5.52 1.06911
5.53 1.12127
5.54 1.15511
5.55 1.17339
5.56 1.20151
5.57 1.22789
5.58 1.25295
5.59 1.27769
5.6 1.29244
5.61 1.33776
5.62 1.31543
5.63 1.31199
5.64 1.31205
5.65 1.31561
5.66 1.35022
5.67 1.30494
5.68 1.29022
5.69 1.26557
5.7 1.24044
5.71 1.2141
5.72 1.19807
5.73 1.16748
5.74 1.13343
5.75 1.08071
5.76 1.00443
5.77 1.00006
5.78 0.927583
5.79 0.922681
5.8 0.835354
5.81 0.825449
5.82 0.728529
5.83 0.676081
5.84 0.613724
5.85 0.547939
5.86 0.461154
5.87 0.425778
5.88 0.376026
5.89 0.271962
5.9 0.209077
5.91 0.196038
5.92 0.0817497
5.93 0.0112485
5.94 -0.0592676
5.95 -0.149199
5.96 -0.174481
5.97 -0.249652
5.98 -0.341661
5.99 -0.403922
6 -0.427557
6.01 -0.527148
6.02 -0.582095
6.03 -0.648221
6.04 -0.744878
6.05 -0.763374
6.06 -0.805548
6.07 -0.89727
6.08 -0.904758
6.09 -0.993815
6.1 -1.03058
6.11 -1.02851
6.12 -1.1134
6.13 -1.15147
6.14 -1.18374
6.15 -1.20082
6.16 -1.2283
6.17 -1.25496
6.18 -1.28365
6.19 -1.33058
6.2 -1.29752
6.21 -1.29544
6.22 -1.30905
6.23 -1.31397
6.24 -1.34993
6.25 -1.30603
6.26 -1.2927
6.27 -1.26951
6.28 -1.24593
6.29 -1.22129
6.3 -1.20721
6.31 -1.17899
6.32 -1.16033
6.33 -1.11369
6.34 -1.07265
6.35 -0.995754
6.36 -0.99054
6.37 -0.904775
6.38 -0.897973
6.39 -0.818279
6.4 -0.763296
6.41 -0.743692
6.42 -0.657104
6.43 -0.586168
6.44 -0.497789
6.45 -0.474395
6.46 -0.401454
6.47 -0.31365
6.48 -0.295617
6.49 -0.180812
6.5 -0.112658
6.51 -0.0612881
6.52 0.0011076
6.53 0.0644245
6.54 0.132168
6.55 0.233844
6.56 0.262327
6.57 0.358035
6.58 0.385942
6.59 0.474396
6.6 0.540439
6.61 0.601708
6.62 0.65005
6.63 0.713647
6.64 0.810092
6.65 0.819858
6.66 0.907656
6.67 0.913986
6.68 0.991042
6.69 1.04295
6.7 1.08437
6.71 1.07803
6.72 1.13558
6.73 1.17144
6.74 1.20228
6.75 1.23125
6.76 1.26174
6.77 1.3102
6.78 1.29073
6.79 1.28996
6.8 1.29256
6.81 1.29857
6.82 1.33559
6.83 1.29272
6.84 1.28042
6.85 1.27035
6.86 1.24789
6.87 1.2365
6.88 1.21146
6.89 1.19663
6.9 1.16722
6.91 1.12221
6.92 1.09526
6.93 1.02109
6.94 1.02123
6.95 0.969438
6.96 0.88681
6.97 0.844553
6.98 0.827363
6.99 0.745214
7 0.682996
7.01 0.623582
7.02 0.563269
7.03 0.510569
7.04 0.411709
7.05 0.387837
7.06 0.324494
7.07 0.229813
7.08 0.148138
7.09 0.0965565
7.1 0.0348185
7.11 -0.0266683
7.12 -0.0895701
7.13 -0.157304
7.14 -0.247366
7.15 -0.289361
7.16 -0.376827
7.17 -0.437211
7.18 -0.460296
7.19 -0.560536
7.2 -0.631095
7.21 -0.729469
7.22 -0.72443
7.23 -0.779087
7.24 -0.870604
7.25 -0.877043
7.26 -0.950256
7.27 -0.967215
7.28 -1.05575
7.29 -1.0962
7.3 -1.13003
7.31 -1.14796
7.32 -1.17538
7.33 -1.21276
7.34 -1.22391
7.35 -1.24568
7.36 -1.25391
7.37 -1.26113
7.38 -1.2803
7.39 -1.28946
7.4 -1.32902
7.41 -1.28835
7.42 -1.27807
7.43 -1.26992
7.44 -1.24935
7.45 -1.23987
7.46 -1.22895
7.47 -1.20418
7.48 -1.16514
7.49 -1.14786
7.5 -1.11496
7.51 -1.07581
7.52 -1.00155
7.53 -1.00155
7.54 -0.961643
7.55 -0.866591
7.56 -0.824009
7.57 -0.818511
7.58 -0.723704
7.59 -0.660868
7.6 -0.60066
7.61 -0.539282
7.62 -0.485038
7.63 -0.383615
7.64 -0.366236
7.65 -0.2542
7.66 -0.205172
7.67 -0.181058
7.68 -0.0798152
7.69 -0.0221448
7.7 0.0477847
7.71 0.149416
7.72 0.186357
7.73 0.236713
7.74 0.340485
7.75 0.402205
7.76 0.425445
7.77 0.52464
7.78 0.579185
7.79 0.644898
7.8 0.741129
7.81 0.746943
7.82 0.800814
7.83 0.892041
7.84 0.899
7.85 0.975246
7.86 1.01131
7.87 1.00846
7.88 1.08039
7.89 1.11753
7.9 1.14868
7.91 1.18868
7.92 1.202
7.93 1.22576
7.94 1.23605
7.95 1.2581
7.96 1.27
7.97 1.31221
7.98 1.27415
7.99 1.26646
8 1.27316
8.01 1.26741
8.02 1.26068
8.03 1.24056
8.04 1.21884
8.05 1.20754
8.06 1.18218
8.07 1.1546
8.08 1.13638
8.09 1.10224
8.1 1.06138
8.11 0.972236
8.12 0.966705
8.13 0.892382
8.14 0.872206
8.15 0.790146
8.16 0.729352
8.17 0.672497
8.18 0.640668
8.19 0.583714
8.2 0.524464
8.21 0.471881
8.22 0.359931
8.23 0.344601
8.24 0.24892
8.25 0.22006
8.26 0.117509
8.27 0.060406
8.28 -0.00575852
8.29 -0.0746055
8.3 -0.176056
8.31 -0.213441
8.32 -0.264974
8.33 -0.371219
8.34 -0.439023
8.35 -0.487819
8.36 -0.545583
8.37 -0.601676
8.38 -0.645114
8.39 -0.701503
8.4 -0.761856
8.41 -0.843378
8.42 -0.863029
8.43 -0.936647
8.44 -0.941295
8.45 -1.02934
8.46 -1.06862
8.47 -1.10002
8.48 -1.12403
8.49 -1.11371
8.5 -1.18046
8.51 -1.20238
8.52 -1.23471
8.53 -1.28383
8.54 -1.26433
8.55 -1.26282
8.56 -1.26356
8.57 -1.26448
8.58 -1.26564
8.59 -1.26916
8.6 -1.3031
8.61 -1.25669
8.62 -1.22829
8.63 -1.21367
8.64 -1.18575
8.65 -1.16727
8.66 -1.13099
8.67 -1.06021
8.68 -1.06448
8.69 -1.01791
8.7 -0.943782
8.71 -0.939809
8.72 -0.866393
8.73 -0.846728
8.74 -0.7649
8.75 -0.704116
8.76 -0.671407
8.77 -0.614866
8.78 -0.557307
8.79 -0.497168
8.8 -0.443294
8.81 -0.329395
8.82 -0.310815
8.83 -0.22044
8.84 -0.140615
8.85 -0.0780902
8.86 -0.0172699
8.87 0.0434615
8.88 0.105707
8.89 0.160611
8.9 0.262291
8.91 0.279442
8.92 0.390746
8.93 0.438565
8.94 0.461117
8.95 0.548739
8.96 0.618849
8.97 0.716775
8.98 0.735616
8.99 0.789824
9 0.856557
9.01 0.87477
9.02 0.94758
9.03 0.951883
9.04 1.0399
9.05 1.07981
9.06 1.11307
9.07 1.14263
9.08 1.16946
9.09 1.18184
9.1 1.20446
9.11 1.22523
9.12 1.24446
9.13 1.25006
9.14 1.2544
9.15 1.27
9.16 1.27314
9.17 1.27835
9.18 1.30173
9.19 1.25684
9.2 1.24202
9.21 1.21673
9.22 1.20247
9.23 1.17351
9.24 1.13899
9.25 1.07039
9.26 1.07772
9.27 1.04929
9.28 1.01024
9.29 0.933497
9.3 0.926784
9.31 0.848342
9.32 0.795366
9.33 0.79066
9.34 0.696018
9.35 0.632701
9.36 0.583212
9.37 0.517472
9.38 0.417466
9.39 0.402521
9.4 0.307753
9.41 0.280348
9.42 0.191998
9.43 0.113523
9.44 0.0519285
9.45 0.0038272
9.46 -0.056602
9.47 -0.106549
9.48 -0.185924
9.49 -0.288114
9.5 -0.306363
9.51 -0.407706
9.52 -0.473437
9.53 -0.5332
9.54 -0.578294
9.55 -0.634531
9.56 -0.691263
9.57 -0.739493
9.58 -0.833085
9.59 -0.840171
9.6 -0.925316
9.61 -0.928826
9.62 -1.00245
9.63 -1.03631
9.64 -1.03149
9.65 -1.10162
9.66 -1.1371
9.67 -1.1667
9.68 -1.18095
9.69 -1.21735
9.7 -1.22789
9.71 -1.25004
9.72 -1.26194
9.73 -1.30405
9.74 -1.26581
9.75 -1.25786
9.76 -1.25212
9.77 -1.24601
9.78 -1.23881
9.79 -1.23017
9.8 -1.19546
9.81 -1.18305
9.82 -1.15604
9.83 -1.12571
9.84 -1.10141
9.85 -1.03011
9.86 -1.03356
9.87 -0.998075
9.88 -0.922391
9.89 -0.903893
9.9 -0.82545
9.91 -0.772196
9.92 -0.766929
9.93 -0.671325
9.94 -0.606251
9.95 -0.552438
9.96 -0.453925
9.97 -0.431401
9.98 -0.382536
9.99 -0.291762
10 -0.217939
10.01 -0.206355
10.02 -0.106132
10.03 -0.0383174
10.04 0.0269433
10.05 0.0953946
10.06 0.197263
10.07 0.213247
10.08 0.308243
10.09 0.335071
10.1 0.434271
10.11 0.49836
10.12 0.544779
10.13 0.60105
10.14 0.656499
10.15 0.700516
10.16 0.74835
10.17 0.841709
10.18 0.848759
10.19 0.934148
10.2 0.938377
10.21 1.01373
10.22 1.05247
10.23 1.08328
10.24 1.11891
10.25 1.10799
10.26 1.16184
10.27 1.19519
10.28 1.21446
10.29 1.2748
10.3 1.24195
10.31 1.23901
10.32 1.25017
10.33 1.24871
10.34 1.24619
10.35 1.24233
10.36 1.22489
10.37 1.218
10.38 1.20934
10.39 1.18665
10.4 1.1739
10.41 1.14641
10.42 1.11542
10.43 1.07802
10.44 1.00551
10.45 1.00729
10.46 0.969211
10.47 0.876064
10.48 0.835497
10.49 0.832171
10.5 0.739763
10.51 0.679669
10.52 0.647102
10.53 0.590146
10.54 0.531228
10.55 0.47918
10.56 0.380009
10.57 0.353339
10.58 0.25863
10.59 0.230924
10.6 0.141875
10.61 0.0744369
10.62 0.0109558
10.63 -0.0525334
10.64 -0.119997
10.65 -0.221253
10.66 -0.236857
10.67 -0.331652
10.68 -0.358437
10.69 -0.44552
10.7 -0.509857
10.71 -0.556801
10.72 -0.614051
10.73 -0.671413
10.74 -0.732298
10.75 -0.826244
10.76 -0.821494
10.77 -0.906893
10.78 -0.910594
10.79 -0.984357
10.8 -1.03038
10.81 -1.02552
10.82 -1.09554
10.83 -1.13084
10.84 -1.16016
10.85 -1.17399
10.86 -1.19763
10.87 -1.20716
10.88 -1.22733
10.89 -1.23416
10.9 -1.24054
10.91 -1.24893
10.92 -1.28757
10.93 -1.25806
10.94 -1.24658
10.95 -1.2249
10.96 -1.21472
10.97 -1.20302
10.98 -1.17702
10.99 -1.13566
11 -1.11268
11.01 -1.04287
11.02 -1.04801
11.03 -1.01448
11.04 -0.94117
11.05 -0.937981
11.06 -0.865325
11.07 -0.846403
11.08 -0.765311
11.09 -0.70526
11.1 -0.66105
11.11 -0.617421
11.12 -0.560626
11.13 -0.501277
11.14 -0.448228
11.15 -0.347294
11.16 -0.317485
11.17 -0.228132
11.18 -0.149446
11.19 -0.100323
11.2 -0.0410077
11.21 0.0177581
11.22 0.0770813
11.23 0.126146
11.24 0.192689
11.25 0.29431
11.26 0.324159
11.27 0.412906
11.28 0.478111
11.29 0.53754
11.3 0.594438
11.31 0.650364
11.32 0.682509
11.33 0.742786
11.34 0.836352
11.35 0.843546
11.36 0.916784
11.37 0.933204
11.38 1.00852
11.39 1.04714
11.4 1.07775
11.41 1.10093
11.42 1.07726
11.43 1.15443
11.44 1.18582
11.45 1.20005
11.46 1.2247
11.47 1.23854
11.48 1.28227
11.49 1.24544
11.5 1.251
11.51 1.24636
11.52 1.22919
11.53 1.22304
11.54 1.21541
11.55 1.19393
11.56 1.18255
11.57 1.15658
11.58 1.13939
11.59 1.10397
11.6 1.03375
11.61 1.0383
11.62 0.99172
11.63 0.917165
11.64 0.911966
11.65 0.834769
11.66 0.795159
11.67 0.79162
11.68 0.698168
11.69 0.636125
11.7 0.575842
11.71 0.52405
11.72 0.4266
11.73 0.416797
11.74 0.355694
11.75 0.263959
11.76 0.186553
11.77 0.142905
11.78 0.120857
11.79 0.0198079
11.8 -0.0530169
11.81 -0.142822
11.82 -0.167271
11.83 -0.229178
11.84 -0.31985
11.85 -0.392642
11.86 -0.402268
11.87 -0.499579
11.88 -0.551366
11.89 -0.611615
11.9 -0.673662
11.91 -0.767158
11.92 -0.770718
11.93 -0.81057
11.94 -0.887996
11.95 -0.893687
11.96 -0.981627
11.97 -1.01966
11.98 -1.04701
11.99 -1.05059
12 -1.1178
12.01 -1.13847
12.02 -1.16555
12.03 -1.17725
12.04 -1.1988
12.05 -1.20619
12.06 -1.2241
12.07 -1.22835
12.08 -1.23141
12.09 -1.23394
12.1 -1.23828
12.11 -1.27265
12.12 -1.22596
12.13 -1.20812
12.14 -1.17628
12.15 -1.11166
12.16 -1.1241
12.17 -1.10224
12.18 -1.0853
12.19 -1.04844
12.2 -0.975206
12.21 -0.973474
12.22 -0.903391
12.23 -0.888621
12.24 -0.815568
12.25 -0.807702
12.26 -0.725023
12.27 -0.662559
12.28 -0.602387
12.29 -0.550967
12.3 -0.466551
12.31 -0.445971
12.32 -0.387517
12.33 -0.289465
12.34 -0.273126
12.35 -0.172094
12.36 -0.105425
12.37 -0.0554369
12.38 0.00567733
12.39 0.0678252
12.4 0.134557
12.41 0.235648
12.42 0.264061
12.43 0.362093
12.44 0.408433
12.45 0.428913
12.46 0.513297
12.47 0.576772
12.48 0.636904
12.49 0.699324
12.5 0.782028
12.51 0.789768
12.52 0.874927
12.53 0.87747
12.54 0.947411
12.55 0.948995
12.56 1.02207
12.57 1.05877
12.58 1.08769
12.59 1.10944
12.6 1.09687
12.61 1.14911
12.62 1.19296
12.63 1.21056
12.64 1.26921
12.65 1.23461
12.66 1.21777
12.67 1.21486
12.68 1.22359
12.69 1.21889
12.7 1.21257
12.71 1.19225
12.72 1.18176
12.73 1.15601
12.74 1.13667
12.75 1.07093
12.76 1.09318
12.77 1.06755
12.78 1.03146
12.79 0.945754
12.8 0.943017
12.81 0.871266
12.82 0.865539
12.83 0.785644
12.84 0.726973
12.85 0.684369
12.86 0.630437
12.87 0.576038
12.88 0.532383
12.89 0.473699
12.9 0.42109
12.91 0.32041
12.92 0.290684
12.93 0.201238
12.94 0.134501
12.95 0.0605861
12.96 0.024794
12.97 -0.0353249
12.98 -0.0970685
12.99 -0.163869
13 -0.253301
13.01 -0.295175
13.02 -0.383597
13.03 -0.448273
13.04 -0.506929
13.05 -0.562718
13.06 -0.604919
13.07 -0.646575
13.08 -0.701228
13.09 -0.759851
13.1 -0.839619
13.11 -0.845358
13.12 -0.917114
13.13 -0.9197
13.14 -0.993078
13.15 -1.04116
13.16 -1.06661
13.17 -1.05632
13.18 -1.12192
13.19 -1.15327
13.2 -1.16665
13.21 -1.18909
13.22 -1.19698
13.23 -1.20289
13.24 -1.21934
13.25 -1.22222
13.26 -1.2122
13.27 -1.21568
13.28 -1.24806
13.29 -1.19626
13.3 -1.13053
13.31 -1.15741
13.32 -1.13944
13.33 -1.12816
13.34 -1.10096
13.35 -1.06956
13.36 -1.03121
13.37 -0.956687
13.38 -0.953585
13.39 -0.881731
13.4 -0.876256
13.41 -0.797048
13.42 -0.739856
13.43 -0.713494
13.44 -0.691978
13.45 -0.559493
13.46 -0.536276
13.47 -0.49438
13.48 -0.431982
13.49 -0.345601
13.5 -0.318178
13.51 -0.220002
13.52 -0.172216
13.53 -0.148796
13.54 -0.0473114
13.55 0.0254239
13.56 0.126954
13.57 0.150469
13.58 0.198343
13.59 0.296771
13.6 0.31236
13.61 0.411523
13.62 0.475292
13.63 0.533154
13.64 0.576264
13.65 0.630224
13.66 0.671658
13.67 0.726297
13.68 0.773089
13.69 0.853619
13.7 0.873069
13.71 0.949043
13.72 0.984466
13.73 0.980713
13.74 1.05151
13.75 1.08732
13.76 1.11691
13.77 1.13077
13.78 1.15418
13.79 1.17524
13.8 1.19434
13.81 1.18729
13.82 1.20283
13.83 1.20444
13.84 1.2043
13.85 1.2024
13.86 1.19868
13.87 1.20527
13.88 1.18548
13.89 1.1754
13.9 1.14996
13.91 1.13085
13.92 1.06528
13.93 1.07557
13.94 1.03784
13.95 1.01386
13.96 0.928207
13.97 0.925472
13.98 0.853522
13.99 0.859771
14 0.767517
14.01 0.720635
14.02 0.665413
14.03 0.610786
14.04 0.579599
14.05 0.521682
14.06 0.458048
14.07 0.359184
14.08 0.344134
14.09 0.246368
14.1 0.187258
14.11 0.177263
14.12 0.0779602
14.13 0.0101628
14.14 -0.0576525
14.15 -0.15701
14.16 -0.167026
14.17 -0.226275
14.18 -0.311998
14.19 -0.33955
14.2 -0.438774
14.21 -0.490672
14.22 -0.54924
14.23 -0.605808
14.24 -0.650266
14.25 -0.710274
14.26 -0.790935
14.27 -0.809158
14.28 -0.880572
14.29 -0.893879
14.3 -0.962482
14.31 -0.962756
14.32 -1.03452
14.33 -1.06986
14.34 -1.09735
14.35 -1.10527
14.36 -1.09078
14.37 -1.15283
14.38 -1.16889
14.39 -1.19188
14.4 -1.20016
14.41 -1.20725
14.42 -1.22806
14.43 -1.25439
14.44 -1.21197
14.45 -1.19901
14.46 -1.18657
14.47 -1.15769
14.48 -1.10759
14.49 -1.12214
14.5 -1.1144
14.51 -1.08739
14.52 -1.05286
14.53 -0.982613
14.54 -0.986304
14.55 -0.949928
14.56 -0.870424
14.57 -0.831237
14.58 -0.81713
14.59 -0.738151
14.6 -0.691531
14.61 -0.635932
14.62 -0.592364
14.63 -0.534685
14.64 -0.483904
14.65 -0.386046
14.66 -0.360753
14.67 -0.279753
14.68 -0.253575
14.69 -0.154153
14.7 -0.100886
14.71 -0.0399026
14.72 0.0200973
14.73 0.0811175
14.74 0.134385
14.75 0.233924
14.76 0.24803
14.77 0.35359
14.78 0.367033
14.79 0.465186
14.8 0.516529
14.81 0.575051
14.82 0.620316
14.83 0.680284
14.84 0.772013
14.85 0.773945
14.86 0.824297
14.87 0.887902
14.88 0.891711
14.89 0.964892
14.9 0.99793
14.91 0.992057
14.92 1.06092
14.93 1.09492
14.94 1.13489
14.95 1.14704
14.96 1.16878
14.97 1.17611
14.98 1.19365
14.99 1.18504
15 1.18676
15.01 1.19891
15.02 1.19709
15.03 1.19341
15.04 1.17567
15.05 1.16794
15.06 1.1577
15.07 1.13208
15.08 1.10063
15.09 1.04694
15.1 1.05684
15.11 1.03087
15.12 0.994215
15.13 0.919833
15.14 0.915492
15.15 0.839468
15.16 0.789004
15.17 0.799211
15.18 0.707586
15.19 0.659857
15.2 0.602538
15.21 0.556325
15.22 0.492993
15.23 0.394978
15.24 0.381783
15.25 0.300848
15.26 0.26277
15.27 0.175837
15.28 0.110969
15.29 0.0628781
15.3 0.00400952
15.31 -0.0550241
15.32 -0.115803
15.33 -0.169491
15.34 -0.27028
15.35 -0.299159
15.36 -0.38679
15.37 -0.450848
15.38 -0.508758
15.39 -0.551721
15.4 -0.605353
15.41 -0.658511
15.42 -0.688153
15.43 -0.746065
15.44 -0.825071
15.45 -0.842057
15.46 -0.912749
15.47 -0.913988
15.48 -0.985337
15.49 -1.01687
15.5 -1.00968
15.51 -1.07732
15.52 -1.11018
15.53 -1.13695
15.54 -1.14808
15.55 -1.16881
15.56 -1.17512
15.57 -1.17937
15.58 -1.19391
15.59 -1.19437
15.6 -1.18083
15.61 -1.17747
15.62 -1.17196
15.63 -1.17621
15.64 -1.15299
15.65 -1.13614
15.66 -1.07295
15.67 -1.08578
15.68 -1.07519
15.69 -1.0424
15.7 -0.97314
15.71 -0.977469
15.72 -0.941531
15.73 -0.862332
15.74 -0.811256
15.75 -0.809432
15.76 -0.718405
15.77 -0.67168
15.78 -0.62813
15.79 -0.572259
15.8 -0.514313
15.81 -0.463073
15.82 -0.364421
15.83 -0.349689
15.84 -0.264585
15.85 -0.19386
15.86 -0.184596
15.87 -0.0863368
15.88 -0.0202894
15.89 0.0433216
15.9 0.0979561
15.91 0.198211
15.92 0.224831
15.93 0.306053
15.94 0.319144
15.95 0.4288
15.96 0.47899
15.97 0.53561
15.98 0.577574
15.99 0.630441
16 0.683045
16.01 0.712358
16.02 0.770223
16.03 0.849614
16.04 0.855616
16.05 0.942434
16.06 0.97638
16.07 0.970911
16.08 1.03962
16.09 1.07269
16.1 1.08599
16.11 1.10425
16.12 1.08795
16.13 1.13589
16.14 1.16209
16.15 1.1705
16.16 1.18803
16.17 1.17889
16.18 1.1798
16.19 1.1787
16.2 1.17564
16.21 1.17072
16.22 1.16371
16.23 1.15439
16.24 1.13029
16.25 1.10272
16.26 1.08109
16.27 1.0124
16.28 1.01842
16.29 0.985495
16.3 0.912394
16.31 0.908625
16.32 0.832846
16.33 0.782416
16.34 0.780229
16.35 0.688153
16.36 0.639764
16.37 0.593123
16.38 0.530664
16.39 0.447086
16.4 0.426971
16.41 0.380342
16.42 0.279642
16.43 0.220157
16.44 0.198744
16.45 0.113148
16.46 0.0481966
16.47 -0.0133076
16.48 -0.0751739
16.49 -0.129096
16.5 -0.229377
16.51 -0.24477
16.52 -0.341842
16.53 -0.387116
16.54 -0.40641
16.55 -0.489456
16.56 -0.551391
16.57 -0.609684
16.58 -0.657678
16.59 -0.74922
16.6 -0.750683
16.61 -0.80027
16.62 -0.874781
16.63 -0.876653
16.64 -0.945291
16.65 -0.945292
16.66 -1.01661
16.67 -1.05137
16.68 -1.07817
16.69 -1.08528
16.7 -1.06985
16.71 -1.11855
16.72 -1.14543
16.73 -1.15447
16.74 -1.17259
16.75 -1.1761
16.76 -1.17746
16.77 -1.18904
16.78 -1.17438
16.79 -1.16988
16.8 -1.16328
16.81 -1.14228
16.82 -1.13075
16.83 -1.10359
16.84 -1.07028
16.85 -1.01418
16.86 -1.02064
16.87 -0.988177
16.88 -0.915563
16.89 -0.912319
16.9 -0.825022
16.91 -0.787402
16.92 -0.798209
16.93 -0.707139
16.94 -0.647845
16.95 -0.603203
16.96 -0.557499
16.97 -0.494678
16.98 -0.409423
16.99 -0.384604
17 -0.304236
17.01 -0.278997
17.02 -0.180549
17.03 -0.116391
17.04 -0.0569999
17.05 -0.0111976
17.06 0.0345397
17.07 0.0939562
17.08 0.158158
17.09 0.244435
17.1 0.28193
17.11 0.362347
17.12 0.37509
17.13 0.484892
17.14 0.535844
17.15 0.594132
17.16 0.627153
17.17 0.687433
17.18 0.780318
17.19 0.786143
17.2 0.869359
17.21 0.85775
17.22 0.925466
17.23 0.924363
17.24 0.993735
17.25 1.02353
17.26 1.01474
17.27 1.0809
17.28 1.11233
17.29 1.12549
17.3 1.14743
17.31 1.15458
17.32 1.15945
17.33 1.17447
17.34 1.17531
17.35 1.17416
17.36 1.1711
17.37 1.16584
17.38 1.15804
17.39 1.13486
17.4 1.11799
17.41 1.05468
17.42 1.06726
17.43 1.05623
17.44 1.02264
17.45 0.951801
17.46 0.951966
17.47 0.883307
17.48 0.881272
17.49 0.806459
17.5 0.768573
17.51 0.754251
17.52 0.673793
17.53 0.611729
17.54 0.561042
17.55 0.465893
17.56 0.459412
17.57 0.403122
17.58 0.319926
17.59 0.294729
17.6 0.198317
17.61 0.152029
17.62 0.129936
17.63 0.0417543
17.64 -0.029924
17.65 -0.130455
17.66 -0.140774
17.67 -0.19988
17.68 -0.285155
17.69 -0.324093
17.7 -0.410183
17.71 -0.472888
17.72 -0.517574
17.73 -0.571735
17.74 -0.612448
17.75 -0.664982
17.76 -0.706245
17.77 -0.751727
17.78 -0.830814
17.79 -0.848641
17.8 -0.922729
17.81 -0.955868
17.82 -0.949157
17.83 -1.01566
17.84 -1.04343
17.85 -1.03299
17.86 -1.08547
17.87 -1.1155
17.88 -1.13956
17.89 -1.14803
17.9 -1.16609
17.91 -1.16968
17.92 -1.15901
17.93 -1.1706
17.94 -1.16779
17.95 -1.16246
17.96 -1.14184
17.97 -1.12768
17.98 -1.06735
17.99 -1.09548
18 -1.07674
18.01 -1.05056
18.02 -1.02856
18.03 -0.957908
18.04 -0.97095
18.05 -0.903472
18.06 -0.891348
18.07 -0.82104
18.08 -0.816095
18.09 -0.7244
18.1 -0.677722
18.11 -0.634554
18.12 -0.579283
18.13 -0.534224
18.14 -0.483939
18.15 -0.386605
18.16 -0.361859
18.17 -0.281424
18.18 -0.268069
18.19 -0.157086
18.2 -0.104445
18.21 -0.0441103
18.22 0.0152121
18.23 0.0632824
18.24 0.127961
18.25 0.226695
18.26 0.239932
18.27 0.332448
18.28 0.344898
18.29 0.441898
18.3 0.491847
18.31 0.54856
18.32 0.603248
18.33 0.645676
18.34 0.703298
18.35 0.78073
18.36 0.78086
18.37 0.817293
18.38 0.891316
18.39 0.89343
18.4 0.977183
18.41 1.00864
18.42 0.98893
18.43 1.05609
18.44 1.08833
18.45 1.11436
18.46 1.12461
18.47 1.14427
18.48 1.14926
18.49 1.15196
18.5 1.15208
18.51 1.14902
18.52 1.15262
18.53 1.11024
18.54 1.13251
18.55 1.13293
18.56 1.11526
18.57 1.10577
18.58 1.08
18.59 1.05977
18.6 0.992219
18.61 0.999171
18.62 0.979232
18.63 0.906741
18.64 0.903258
18.65 0.827067
18.66 0.773799
18.67 0.740544
18.68 0.728032
18.69 0.660701
18.7 0.59914
18.71 0.536417
18.72 0.453393
18.73 0.434403
18.74 0.389737
18.75 0.305634
18.76 0.266845
18.77 0.179908
18.78 0.115348
18.79 0.0677444
18.8 0.0094919
18.81 -0.0488137
18.82 -0.0965105
18.83 -0.16138
18.84 -0.261
18.85 -0.276337
18.86 -0.374194
18.87 -0.435282
18.88 -0.474929
18.89 -0.493067
18.9 -0.579738
18.91 -0.665386
18.92 -0.68065
18.93 -0.715481
18.94 -0.757392
18.95 -0.845834
18.96 -0.848329
18.97 -0.916952
18.98 -0.91627
18.99 -0.985783
19 -1.01552
19.01 -1.00653
19.02 -1.07237
19.03 -1.10334
19.04 -1.1038
19.05 -1.12503
19.06 -1.13122
19.07 -1.147
19.08 -1.14791
19.09 -1.14555
19.1 -1.1498
19.11 -1.09593
19.12 -1.13095
19.13 -1.13194
19.14 -1.11483
19.15 -1.10589
19.16 -1.09294
19.17 -1.06129
19.18 -0.994527
19.19 -1.01442
19.2 -0.983123
19.21 -0.911604
19.22 -0.90941
19.23 -0.823139
19.24 -0.786541
19.25 -0.786149
19.26 -0.708323
19.27 -0.662278
19.28 -0.606754
19.29 -0.562546
19.3 -0.501613
19.31 -0.419095
19.32 -0.399729
19.33 -0.3536
19.34 -0.265256
19.35 -0.193604
19.36 -0.183927
19.37 -0.0852493
19.38 -0.0182538
19.39 0.0486337
19.4 0.122626
19.41 0.143736
19.42 0.213895
19.43 0.298233
19.44 0.312
19.45 0.409541
19.46 0.471557
19.47 0.515559
19.48 0.56902
19.49 0.608995
19.5 0.648487
19.51 0.701001
19.52 0.750648
19.53 0.847184
19.54 0.869353
19.55 0.95972
19.56 0.97949
19.57 1.07284
19.58 1.12574
19.59 1.13833
19.6 1.23103
19.61 1.28747
19.62 1.32452
19.63 1.37052
19.64 1.41052
19.65 1.41335
19.66 1.50262
19.67 1.55531
19.68 1.60278
19.69 1.63371
19.7 1.67659
19.71 1.71758
19.72 1.74201
19.73 1.77763
19.74 1.79224
19.75 1.765
19.76 1.84537
19.77 1.86446
19.78 1.83439
19.79 1.89431
19.8 1.86689
19.81 1.92673
19.82 1.87607
19.83 1.89102
19.84 1.95605
19.85 1.89961
19.86 1.88653
19.87 1.89391
19.88 1.87997
19.89 1.81819
19.9 1.86843
19.91 1.84527
19.92 1.77733
19.93 1.77381
19.94 1.81419
19.95 1.75446
19.96 1.73015
19.97 1.71464
19.98 1.70054
19.99 1.63709
20 1.73401
;
1.38 -0.0523599
1.39 -0.0698132
1.4 -0.0698132
1.41 -0.0872665
1.42 -0.10472
1.43 -0.122173
1.44 -0.139626
1.45 -0.15708
1.46 -0.174533
1.47 -0.191986
1.48 -0.191986
1.49 -0.20944
1.5 -0.244346
1.51 -0.261799
1.52 -0.279253
1.53 -0.296706
1.54 -0.314159
1.55 -0.331613
1.56 -0.349066
1.57 -0.366519
1.58 -0.401426
1.59 -0.418879
1.6 -0.436332
1.61 -0.453786
1.62 -0.471239
1.63 -0.506145
1.64 -0.523599
1.65 -0.541052
1.66 -0.558505
1.67 -0.575959
1.68 -0.593412
1.69 -0.610865
1.7 -0.628319
1.71 -0.645772
1.72 -0.663225
1.73 -0.680678
1.74 -0.698132
1.75 -0.698132
1.76 -0.715585
1.77 -0.715585
1.78 -0.733038
1.79 -0.733038
1.8 -0.733038
1.81 -0.733038
1.82 -0.733038
1.83 -0.733038
1.84 -0.733038
1.85 -0.715585
1.86 -0.715585
1.87 -0.698132
1.88 -0.680678
1.89 -0.663225
1.9 -0.645772
1.91 -0.628319
1.92 -0.610865
1.93 -0.593412
1.94 -0.558505
1.95 -0.541052
1.96 -0.506145
1.97 -0.488692
1.98 -0.453786
1.99 -0.418879
2 -0.383972
2.01 -0.349066
2.02 -0.314159
2.03 -0.279253
2.04 -0.244346
2.05 -0.20944
2.06 -0.174533
2.07 -0.122173
2.08 -0.0872665
2.09 -0.0523599
2.1 -0.0174533
2.11 0.0349066
2.12 0.0698132
2.13 0.10472
2.14 0.139626
2.15 0.191986
2.16 0.226893
2.17 0.261799
2.18 0.296706
2.19 0.331613
2.2 0.366519
2.21 0.401426
2.22 0.436332
2.23 0.471239
2.24 0.488692
2.25 0.523599
2.26 0.558505
2.27 0.575959
2.28 0.593412
2.29 0.628319
2.3 0.645772
2.31 0.663225
2.32 0.680678
2.33 0.698132
2.34 0.698132
2.35 0.715585
2.36 0.715585
2.37 0.733038
2.38 0.733038
2.39 0.733038
2.4 0.733038
2.41 0.733038
2.42 0.733038
2.43 0.733038
2.44 0.715585
2.45 0.715585
2.46 0.698132
2.47 0.680678
2.48 0.663225
2.49 0.645772
2.5 0.628319
2.51 0.610865
2.52 0.593412
2.53 0.558505
2.54 0.541052
2.55 0.506145
2.56 0.488692
2.57 0.453786
2.58 0.418879
2.59 0.383972
2.6 0.349066
2.61 0.314159
2.62 0.279253
2.63 0.244346
2.64 0.20944
2.65 0.174533
2.66 0.122173
2.67 0.0872665
2.68 0.0523599
2.69 0.0174533
2.7 -0.0349066
2.71 -0.0698132
2.72 -0.10472
2.73 -0.139626
2.74 -0.191986
2.75 -0.226893
2.76 -0.261799
2.77 -0.296706
2.78 -0.331613
2.79 -0.366519
2.8 -0.401426
2.81 -0.436332
2.82 -0.453786
2.83 -0.488692
2.84 -0.523599
2.85 -0.541052
2.86 -0.575959
2.87 -0.593412
2.88 -0.610865
2.89 -0.628319
2.9 -0.645772
2.91 -0.663225
2.92 -0.680678
2.93 -0.698132
2.94 -0.698132
2.95 -0.715585
2.96 -0.715585
2.97 -0.733038
2.98 -0.733038
2.99 -0.733038
3 -0.733038
3.01 -0.715585
3.02 -0.715585
3.03 -0.715585
3.04 -0.698132
3.05 -0.680678
3.06 -0.680678
3.07 -0.663225
3.08 -0.645772
3.09 -0.628319
3.1 -0.593412
3.11 -0.575959
3.12 -0.558505
3.13 -0.523599
3.14 -0.506145
3.15 -0.471239
3.16 -0.436332
3.17 -0.401426
3.18 -0.366519
3.19 -0.331613
3.2 -0.296706
3.21 -0.261799
3.22 -0.226893
3.23 -0.191986
3.24 -0.15708
3.25 -0.122173
3.26 -0.0698132
3.27 -0.0349066
3.28 0
3.29 0.0349066
3.3 0.0872665
3.31 0.122173
3.32 0.15708
3.33 0.191986
3.34 0.226893
3.35 0.261799
3.36 0.296706
3.37 0.331613
3.38 0.366519
3.39 0.401426
3.4 0.436332
3.41 0.471239
3.42 0.506145
3.43 0.523599
3.44 0.558505
3.45 0.575959
3.46 0.593412
3.47 0.628319
3.48 0.645772
3.49 0.663225
3.5 0.680678
3.51 0.680678
3.52 0.698132
3.53 0.715585
3.54 0.715585
3.55 0.715585
3.56 0.733038
3.57 0.733038
3.58 0.733038
3.59 0.733038
3.6 0.715585
3.61 0.715585
3.62 0.715585
3.63 0.698132
3.64 0.680678
3.65 0.680678
3.66 0.663225
3.67 0.645772
3.68 0.610865
3.69 0.593412
3.7 0.575959
3.71 0.541052
3.72 0.523599
3.73 0.488692
3.74 0.471239
3.75 0.436332
3.76 0.401426
3.77 0.366519
3.78 0.331613
3.79 0.296706
3.8 0.261799
3.81 0.226893
3.82 0.191986
3.83 0.15708
3.84 0.122173
3.85 0.0698132
3.86 0.0349066
3.87 0
3.88 -0.0349066
3.89 -0.0872665
3.9 -0.122173
3.91 -0.15708
3.92 -0.191986
3.93 -0.226893
3.94 -0.261799
3.95 -0.296706
3.96 -0.331613
3.97 -0.366519
3.98 -0.401426
3.99 -0.436332
4 -0.471239
4.01 -0.488692
4.02 -0.523599
4.03 -0.558505
4.04 -0.575959
4.05 -0.593412
4.06 -0.610865
4.07 -0.628319
4.08 -0.645772
4.09 -0.663225
4.1 -0.680678
4.11 -0.698132
4.12 -0.698132
4.13 -0.715585
4.14 -0.715585
4.15 -0.715585
4.16 -0.715585
4.17 -0.715585
4.18 -0.715585
4.19 -0.715585
4.2 -0.698132
4.21 -0.698132
4.22 -0.680678
4.23 -0.680678
4.24 -0.663225
4.25 -0.645772
4.26 -0.628319
4.27 -0.610865
4.28 -0.575959
4.29 -0.558505
4.3 -0.541052
4.31 -0.506145
4.32 -0.488692
4.33 -0.453786
4.34 -0.418879
4.35 -0.383972
4.36 -0.349066
4.37 -0.314159
4.38 -0.279253
4.39 -0.244346
4.4 -0.20944
4.41 -0.174533
4.42 -0.139626
4.43 -0.10472
4.44 -0.0523599
4.45 -0.0174533
4.46 0.0174533
4.47 0.0523599
4.48 0.0872665
4.49 0.139626
4.5 0.174533
4.51 0.20944
4.52 0.244346
4.53 0.279253
4.54 0.314159
4.55 0.349066
4.56 0.383972
4.57 0.418879
4.58 0.453786
4.59 0.471239
4.6 0.506145
4.61 0.523599
4.62 0.558505
4.63 0.575959
4.64 0.610865
4.65 0.628319
4.66 0.645772
4.67 0.663225
4.68 0.680678
4.69 0.680678
4.7 0.698132
4.71 0.698132
4.72 0.715585
4.73 0.715585
4.74 0.715585
4.75 0.715585
4.76 0.715585
4.77 0.715585
4.78 0.715585
4.79 0.698132
4.8 0.698132
4.81 0.680678
4.82 0.680678
4.83 0.663225
4.84 0.645772
4.85 0.628319
4.86 0.593412
4.87 0.575959
4.88 0.558505
4.89 0.523599
4.9 0.506145
4.91 0.471239
4.92 0.453786
4.93 0.418879
4.94 0.383972
4.95 0.349066
4.96 0.314159
4.97 0.279253
4.98 0.244346
4.99 0.20944
5 0.174533
5.01 0.139626
5.02 0.0872665
5.03 0.0523599
5.04 0.0174533
5.05 -0.0174533
5.06 -0.0523599
5.07 -0.10472
5.08 -0.139626
5.09 -0.174533
5.1 -0.20944
5.11 -0.244346
5.12 -0.279253
5.13 -0.314159
5.14 -0.349066
5.15 -0.383972
5.16 -0.418879
5.17 -0.453786
5.18 -0.471239
5.19 -0.506145
5.2 -0.523599
5.21 -0.558505
5.22 -0.575959
5.23 -0.593412
5.24 -0.610865
5.25 -0.628319
5.26 -0.645772
5.27 -0.663225
5.28 -0.680678
5.29 -0.680678
5.3 -0.698132
5.31 -0.698132
5.32 -0.715585
5.33 -0.715585
5.34 -0.715585
5.35 -0.715585
5.36 -0.698132
5.37 -0.698132
5.38 -0.698132
5.39 -0.680678
5.4 -0.680678
5.41 -0.663225
5.42 -0.645772
5.43 -0.628319
5.44 -0.610865
5.45 -0.593412
5.46 -0.558505
5.47 -0.541052
5.48 -0.523599
5.49 -0.488692
5.5 -0.453786
5.51 -0.436332
5.52 -0.401426
5.53 -0.366519
5.54 -0.331613
5.55 -0.296706
5.56 -0.261799
5.57 -0.226893
5.58 -0.191986
5.59 -0.15708
5.6 -0.122173
5.61 -0.0698132
5.62 -0.0349066
5.63 0
5.64 0.0349066
5.65 0.0698132
5.66 0.122173
5.67 0.15708
5.68 0.191986
5.69 0.226893
5.7 0.261799
5.71 0.296706
5.72 0.331613
5.73 0.366519
5.74 0.401426
5.75 0.436332
5.76 0.453786
5.77 0.488692
5.78 0.506145
5.79 0.541052
5.8 0.558505
5.81 0.593412
5.82 0.610865
5.83 0.628319
5.84 0.645772
5.85 0.663225
5.86 0.663225
5.87 0.680678
5.88 0.698132
5.89 0.698132
5.9 0.698132
5.91 0.715585
5.92 0.715585
5.93 0.715585
5.94 0.715585
5.95 0.698132
5.96 0.698132
5.97 0.698132
5.98 0.680678
5.99 0.663225
6 0.663225
6.01 0.645772
6.02 0.628319
6.03 0.610865
6.04 0.575959
6.05 0.558505
6.06 0.541052
6.07 0.506145
6.08 0.488692
6.09 0.453786
6.1 0.418879
6.11 0.401426
6.12 0.366519
6.13 0.331613
6.14 0.296706
6.15 0.261799
6.16 0.226893
6.17 0.191986
6.18 0.15708
6.19 0.10472
6.2 0.0698132
6.21 0.0349066
6.22 0
6.23 -0.0349066
6.24 -0.0872665
6.25 -0.122173
6.26 -0.15708
6.27 -0.191986
6.28 -0.226893
6.29 -0.261799
6.3 -0.296706
6.31 -0.331613
6.32 -0.366519
6.33 -0.401426
6.34 -0.436332
6.35 -0.453786
6.36 -0.488692
6.37 -0.506145
6.38 -0.541052
6.39 -0.558505
6.4 -0.575959
6.41 -0.610865
6.42 -0.628319
6.43 -0.645772
6.44 -0.645772
6.45 -0.663225
6.46 -0.680678
6.47 -0.680678
6.48 -0.698132
6.49 -0.698132
6.5 -0.698132
6.51 -0.698132
6.52 -0.698132
6.53 -0.698132
6.54 -0.698132
6.55 -0.680678
6.56 -0.680678
6.57 -0.663225
6.58 -0.663225
6.59 -0.645772
6.6 -0.628319
6.61 -0.610865
6.62 -0.593412
6.63 -0.575959
6.64 -0.541052
6.65 -0.523599
6.66 -0.488692
6.67 -0.471239
6.68 -0.436332
6.69 -0.401426
6.7 -0.366519
6.71 -0.349066
6.72 -0.314159
6.73 -0.279253
6.74 -0.244346
6.75 -0.20944
6.76 -0.174533
6.77 -0.122173
6.78 -0.0872665
6.79 -0.0523599
6.8 -0.0174533
6.81 0.0174533
6.82 0.0698132
6.83 0.10472
6.84 0.139626
6.85 0.174533
6.86 0.20944
6.87 0.244346
6.88 0.279253
6.89 0.314159
6.9 0.349066
6.91 0.383972
6.92 0.418879
6.93 0.436332
6.94 0.471239
6.95 0.506145
6.96 0.523599
6.97 0.541052
6.98 0.575959
6.99 0.593412
7 0.610865
7.01 0.628319
7.02 0.645772
7.03 0.663225
7.04 0.663225
7.05 0.680678
7.06 0.698132
7.07 0.698132
7.08 0.698132
7.09 0.698132
7.1 0.698132
7.11 0.698132
7.12 0.698132
7.13 0.698132
7.14 0.680678
7.15 0.680678
7.16 0.663225
7.17 0.645772
7.18 0.645772
7.19 0.628319
7.2 0.610865
7.21 0.575959
7.22 0.558505
7.23 0.541052
7.24 0.506145
7.25 0.488692
7.26 0.453786
7.27 0.436332
7.28 0.401426
7.29 0.366519
7.3 0.331613
7.31 0.296706
7.32 0.261799
7.33 0.226893
7.34 0.191986
7.35 0.15708
7.36 0.122173
7.37 0.0872665
7.38 0.0523599
7.39 0.0174533
7.4 -0.0349066
7.41 -0.0698132
7.42 -0.10472
7.43 -0.139626
7.44 -0.174533
7.45 -0.20944
7.46 -0.244346
7.47 -0.279253
7.48 -0.314159
7.49 -0.349066
7.5 -0.383972
7.51 -0.418879
7.52 -0.436332
7.53 -0.471239
7.54 -0.506145
7.55 -0.523599
7.56 -0.541052
7.57 -0.575959
7.58 -0.593412
7.59 -0.610865
7.6 -0.628319
7.61 -0.645772
7.62 -0.663225
7.63 -0.663225
7.64 -0.680678
7.65 -0.680678
7.66 -0.680678
7.67 -0.698132
7.68 -0.698132
7.69 -0.698132
7.7 -0.698132
7.71 -0.680678
7.72 -0.680678
7.73 -0.680678
7.74 -0.663225
7.75 -0.645772
7.76 -0.645772
7.77 -0.628319
7.78 -0.610865
7.79 -0.593412
7.8 -0.558505
7.81 -0.541052
7.82 -0.523599
7.83 -0.488692
7.84 -0.471239
7.85 -0.436332
7.86 -0.401426
7.87 -0.383972
7.88 -0.349066
7.89 -0.314159
7.9 -0.279253
7.91 -0.244346
7.92 -0.20944
7.93 -0.174533
7.94 -0.139626
7.95 -0.10472
7.96 -0.0698132
7.97 -0.0174533
7.98 0.0174533
7.99 0.0523599
8 0.0872665
8.01 0.122173
8.02 0.15708
8.03 0.191986
8.04 0.226893
8.05 0.261799
8.06 0.296706
8.07 0.331613
8.08 0.366519
8.09 0.401426
8.1 0.436332
8.11 0.453786
8.12 0.488692
8.13 0.506145
8.14 0.541052
8.15 0.558505
8.16 0.575959
8.17 0.593412
8.18 0.610865
8.19 0.628319
8.2 0.645772
8.21 0.663225
8.22 0.663225
8.23 0.680678
8.24 0.680678
8.25 0.698132
8.26 0.698132
8.27 0.698132
8.28 0.698132
8.29 0.698132
8.3 0.680678
8.31 0.680678
8.32 0.680678
8.33 0.663225
8.34 0.645772
8.35 0.628319
8.36 0.610865
8.37 0.593412
8.38 0.575959
8.39 0.558505
8.4 0.541052
8.41 0.506145
8.42 0.488692
8.43 0.453786
8.44 0.436332
8.45 0.401426
8.46 0.366519
8.47 0.331613
8.48 0.296706
8.49 0.279253
8.5 0.244346
8.51 0.20944
8.52 0.174533
8.53 0.122173
8.54 0.0872665
8.55 0.0523599
8.56 0.0174533
8.57 -0.0174533
8.58 -0.0523599
8.59 -0.0872665
8.6 -0.139626
8.61 -0.174533
8.62 -0.20944
8.63 -0.244346
8.64 -0.279253
8.65 -0.314159
8.66 -0.349066
8.67 -0.366519
8.68 -0.401426
8.69 -0.436332
8.7 -0.453786
8.71 -0.488692
8.72 -0.506145
8.73 -0.541052
8.74 -0.558505
8.75 -0.575959
8.76 -0.593412
8.77 -0.610865
8.78 -0.628319
8.79 -0.645772
8.8 -0.663225
8.81 -0.663225
8.82 -0.680678
8.83 -0.680678
8.84 -0.680678
8.85 -0.680678
8.86 -0.680678
8.87 -0.680678
8.88 -0.680678
8.89 -0.680678
8.9 -0.663225
8.91 -0.663225
8.92 -0.645772
8.93 -0.628319
8.94 -0.628319
8.95 -0.610865
8.96 -0.593412
8.97 -0.558505
8.98 -0.541052
8.99 -0.523599
9 -0.488692
9.01 -0.471239
9.02 -0.436332
9.03 -0.418879
9.04 -0.383972
9.05 -0.349066
9.06 -0.314159
9.07 -0.279253
9.08 -0.244346
9.09 -0.20944
9.1 -0.174533
9.11 -0.139626
9.12 -0.10472
9.13 -0.0698132
9.14 -0.0349066
9.15 0
9.16 0.0349066
9.17 0.0698132
9.18 0.122173
9.19 0.15708
9.2 0.191986
9.21 0.226893
9.22 0.261799
9.23 0.296706
9.24 0.331613
9.25 0.349066
9.26 0.383972
9.27 0.418879
9.28 0.453786
9.29 0.471239
9.3 0.506145
9.31 0.523599
9.32 0.541052
9.33 0.575959
9.34 0.593412
9.35 0.610865
9.36 0.628319
9.37 0.645772
9.38 0.645772
9.39 0.663225
9.4 0.663225
9.41 0.680678
9.42 0.680678
9.43 0.680678
9.44 0.680678
9.45 0.680678
9.46 0.680678
9.47 0.680678
9.48 0.680678
9.49 0.663225
9.5 0.663225
9.51 0.645772
9.52 0.628319
9.53 0.610865
9.54 0.593412
9.55 0.575959
9.56 0.558505
9.57 0.541052
9.58 0.506145
9.59 0.488692
9.6 0.453786
9.61 0.436332
9.62 0.401426
9.63 0.366519
9.64 0.349066
9.65 0.314159
9.66 0.279253
9.67 0.244346
9.68 0.20944
9.69 0.174533
9.7 0.139626
9.71 0.10472
9.72 0.0698132
9.73 0.0174533
9.74 -0.0174533
9.75 -0.0523599
9.76 -0.0872665
9.77 -0.122173
9.78 -0.15708
9.79 -0.191986
9.8 -0.226893
9.81 -0.261799
9.82 -0.296706
9.83 -0.331613
9.84 -0.366519
9.85 -0.383972
9.86 -0.418879
9.87 -0.453786
9.88 -0.471239
9.89 -0.506145
9.9 -0.523599
9.91 -0.541052
9.92 -0.575959
9.93 -0.593412
9.94 -0.610865
9.95 -0.628319
9.96 -0.628319
9.97 -0.645772
9.98 -0.663225
9.99 -0.663225
10 -0.663225
10.01 -0.680678
10.02 -0.680678
10.03 -0.680678
10.04 -0.680678
10.05 -0.680678
10.06 -0.663225
10.07 -0.663225
10.08 -0.645772
10.09 -0.645772
10.1 -0.628319
10.11 -0.610865
10.12 -0.593412
10.13 -0.575959
10.14 -0.558505
10.15 -0.541052
10.16 -0.523599
10.17 -0.488692
10.18 -0.471239
10.19 -0.436332
10.2 -0.418879
10.21 -0.383972
10.22 -0.349066
10.23 -0.314159
10.24 -0.279253
10.25 -0.261799
10.26 -0.226893
10.27 -0.191986
10.28 -0.15708
10.29 -0.10472
10.3 -0.0698132
10.31 -0.0349066
10.32 0
10.33 0.0349066
10.34 0.0698132
10.35 0.10472
10.36 0.139626
10.37 0.174533
10.38 0.20944
10.39 0.244346
10.4 0.279253
10.41 0.314159
10.42 0.349066
10.43 0.383972
10.44 0.401426
10.45 0.436332
10.46 0.471239
10.47 0.488692
10.48 0.506145
10.49 0.541052
10.5 0.558505
10.51 0.575959
10.52 0.593412
10.53 0.610865
10.54 0.628319
10.55 0.645772
10.56 0.645772
10.57 0.663225
10.58 0.663225
10.59 0.680678
10.6 0.680678
10.61 0.680678
10.62 0.680678
10.63 0.680678
10.64 0.680678
10.65 0.663225
10.66 0.663225
10.67 0.645772
10.68 0.645772
10.69 0.628319
10.7 0.610865
10.71 0.593412
10.72 0.575959
10.73 0.558505
10.74 0.541052
10.75 0.506145
10.76 0.488692
10.77 0.453786
10.78 0.436332
10.79 0.401426
10.8 0.366519
10.81 0.349066
10.82 0.314159
10.83 0.279253
10.84 0.244346
10.85 0.20944
10.86 0.174533
10.87 0.139626
10.88 0.10472
10.89 0.0698132
10.9 0.0349066
10.91 0
10.92 -0.0523599
10.93 -0.0872665
10.94 -0.122173
10.95 -0.15708
10.96 -0.191986
10.97 -0.226893
10.98 -0.261799
10.99 -0.296706
11 -0.331613
11.01 -0.349066
11.02 -0.383972
11.03 -0.418879
11.04 -0.436332
11.05 -0.471239
11.06 -0.488692
11.07 -0.523599
11.08 -0.541052
11.09 -0.558505
11.1 -0.575959
11.11 -0.593412
11.12 -0.610865
11.13 -0.628319
11.14 -0.645772
11.15 -0.645772
11.16 -0.663225
11.17 -0.663225
11.18 -0.663225
11.19 -0.663225
11.2 -0.663225
11.21 -0.663225
11.22 -0.663225
11.23 -0.663225
11.24 -0.663225
11.25 -0.645772
11.26 -0.645772
11.27 -0.628319
11.28 -0.610865
11.29 -0.593412
11.3 -0.575959
11.31 -0.558505
11.32 -0.541052
11.33 -0.523599
11.34 -0.488692
11.35 -0.471239
11.36 -0.436332
11.37 -0.418879
11.38 -0.383972
11.39 -0.349066
11.4 -0.314159
11.41 -0.279253
11.42 -0.261799
11.43 -0.226893
11.44 -0.191986
11.45 -0.15708
11.46 -0.122173
11.47 -0.0872665
11.48 -0.0349066
11.49 0
11.5 0.0349066
11.51 0.0698132
11.52 0.10472
11.53 0.139626
11.54 0.174533
11.55 0.20944
11.56 0.244346
11.57 0.279253
11.58 0.314159
11.59 0.349066
11.6 0.366519
11.61 0.401426
11.62 0.436332
11.63 0.453786
11.64 0.488692
11.65 0.506145
11.66 0.523599
11.67 0.558505
11.68 0.575959
11.69 0.593412
11.7 0.610865
11.71 0.628319
11.72 0.628319
11.73 0.645772
11.74 0.663225
11.75 0.663225
11.76 0.663225
11.77 0.663225
11.78 0.680678
11.79 0.680678
11.8 0.680678
11.81 0.663225
11.82 0.663225
11.83 0.663225
11.84 0.645772
11.85 0.628319
11.86 0.628319
11.87 0.610865
11.88 0.593412
11.89 0.575959
11.9 0.558505
11.91 0.523599
11.92 0.506145
11.93 0.488692
11.94 0.453786
11.95 0.436332
11.96 0.401426
11.97 0.366519
11.98 0.331613
11.99 0.314159
12 0.279253
12.01 0.244346
12.02 0.20944
12.03 0.174533
12.04 0.139626
12.05 0.10472
12.06 0.0698132
12.07 0.0349066
12.08 0
12.09 -0.0349066
12.1 -0.0698132
12.11 -0.122173
12.12 -0.15708
12.13 -0.191986
12.14 -0.226893
12.15 -0.244346
12.16 -0.279253
12.17 -0.314159
12.18 -0.349066
12.19 -0.383972
12.2 -0.401426
12.21 -0.436332
12.22 -0.453786
12.23 -0.488692
12.24 -0.506145
12.25 -0.541052
12.26 -0.558505
12.27 -0.575959
12.28 -0.593412
12.29 -0.610865
12.3 -0.610865
12.31 -0.628319
12.32 -0.645772
12.33 -0.645772
12.34 -0.663225
12.35 -0.663225
12.36 -0.663225
12.37 -0.663225
12.38 -0.663225
12.39 -0.663225
12.4 -0.663225
12.41 -0.645772
12.42 -0.645772
12.43 -0.628319
12.44 -0.610865
12.45 -0.610865
12.46 -0.593412
12.47 -0.575959
12.48 -0.558505
12.49 -0.541052
12.5 -0.506145
12.51 -0.488692
12.52 -0.453786
12.53 -0.436332
12.54 -0.401426
12.55 -0.383972
12.56 -0.349066
12.57 -0.314159
12.58 -0.279253
12.59 -0.244346
12.6 -0.226893
12.61 -0.191986
12.62 -0.15708
12.63 -0.122173
12.64 -0.0698132
12.65 -0.0349066
12.66 0
12.67 0.0349066
12.68 0.0698132
12.69 0.10472
12.7 0.139626
12.71 0.174533
12.72 0.20944
12.73 0.244346
12.74 0.279253
12.75 0.296706
12.76 0.331613
12.77 0.366519
12.78 0.401426
12.79 0.418879
12.8 0.453786
12.81 0.471239
12.82 0.506145
12.83 0.523599
12.84 0.541052
12.85 0.558505
12.86 0.575959
12.87 0.593412
12.88 0.610865
12.89 0.628319
12.9 0.645772
12.91 0.645772
12.92 0.663225
12.93 0.663225
12.94 0.663225
12.95 0.663225
12.96 0.663225
12.97 0.663225
12.98 0.663225
12.99 0.663225
13 0.645772
13.01 0.645772
13.02 0.628319
13.03 0.610865
13.04 0.593412
13.05 0.575959
13.06 0.558505
13.07 0.541052
13.08 0.523599
13.09 0.506145
13.1 0.471239
13.11 0.453786
13.12 0.418879
13.13 0.401426
13.14 0.366519
13.15 0.331613
13.16 0.296706
13.17 0.279253
13.18 0.244346
13.19 0.20944
13.2 0.174533
13.21 0.139626
13.22 0.10472
13.23 0.0698132
13.24 0.0349066
13.25 0
13.26 -0.0349066
13.27 -0.0698132
13.28 -0.122173
13.29 -0.15708
13.3 -0.174533
13.31 -0.20944
13.32 -0.244346
13.33 -0.279253
13.34 -0.314159
13.35 -0.349066
13.36 -0.383972
13.37 -0.401426
13.38 -0.436332
13.39 -0.453786
13.4 -0.488692
13.41 -0.506145
13.42 -0.523599
13.43 -0.541052
13.44 -0.575959
13.45 -0.575959
13.46 -0.593412
13.47 -0.610865
13.48 -0.628319
13.49 -0.628319
13.5 -0.645772
13.51 -0.645772
13.52 -0.645772
13.53 -0.663225
13.54 -0.663225
13.55 -0.663225
13.56 -0.645772
13.57 -0.645772
13.58 -0.645772
13.59 -0.628319
13.6 -0.628319
13.61 -0.610865
13.62 -0.593412
13.63 -0.575959
13.64 -0.558505
13.65 -0.541052
13.66 -0.523599
13.67 -0.506145
13.68 -0.488692
13.69 -0.453786
13.7 -0.436332
13.71 -0.401426
13.72 -0.366519
13.73 -0.349066
13.74 -0.314159
13.75 -0.279253
13.76 -0.244346
13.77 -0.20944
13.78 -0.174533
13.79 -0.139626
13.8 -0.10472
13.81 -0.0698132
13.82 -0.0349066
13.83 0
13.84 0.0349066
13.85 0.0698132
13.86 0.10472
13.87 0.139626
13.88 0.174533
13.89 0.20944
13.9 0.244346
13.91 0.279253
13.92 0.296706
13.93 0.331613
13.94 0.366519
13.95 0.401426
13.96 0.418879
13.97 0.453786
13.98 0.471239
13.99 0.506145
14 0.523599
14.01 0.541052
14.02 0.558505
14.03 0.575959
14.04 0.593412
14.05 0.610865
14.06 0.628319
14.07 0.628319
14.08 0.645772
14.09 0.645772
14.1 0.645772
14.11 0.663225
14.12 0.663225
14.13 0.663225
14.14 0.663225
14.15 0.645772
14.16 0.645772
14.17 0.645772
14.18 0.628319
14.19 0.628319
14.2 0.610865
14.21 0.593412
14.22 0.575959
14.23 0.558505
14.24 0.541052
14.25 0.523599
14.26 0.488692
14.27 0.471239
14.28 0.436332
14.29 0.418879
14.3 0.383972
14.31 0.366519
14.32 0.331613
14.33 0.296706
14.34 0.261799
14.35 0.226893
14.36 0.20944
14.37 0.174533
14.38 0.139626
14.39 0.10472
14.4 0.0698132
14.41 0.0349066
14.42 0
14.43 -0.0523599
14.44 -0.0872665
14.45 -0.122173
14.46 -0.15708
14.47 -0.191986
14.48 -0.20944
14.49 -0.244346
14.5 -0.279253
14.51 -0.314159
14.52 -0.349066
14.53 -0.366519
14.54 -0.401426
14.55 -0.436332
14.56 -0.453786
14.57 -0.471239
14.58 -0.506145
14.59 -0.523599
14.6 -0.541052
14.61 -0.558505
14.62 -0.575959
14.63 -0.593412
14.64 -0.610865
14.65 -0.610865
14.66 -0.628319
14.67 -0.628319
14.68 -0.645772
14.69 -0.645772
14.7 -0.645772
14.71 -0.645772
14.72 -0.645772
14.73 -0.645772
14.74 -0.645772
14.75 -0.628319
14.76 -0.628319
14.77 -0.610865
14.78 -0.610865
14.79 -0.593412
14.8 -0.575959
14.81 -0.558505
14.82 -0.541052
14.83 -0.523599
14.84 -0.488692
14.85 -0.471239
14.86 -0.453786
14.87 -0.418879
14.88 -0.401426
14.89 -0.366519
14.9 -0.331613
14.91 -0.314159
14.92 -0.279253
14.93 -0.244346
14.94 -0.20944
14.95 -0.174533
14.96 -0.139626
14.97 -0.10472
14.98 -0.0698132
14.99 -0.0349066
15 0
15.01 0.0349066
15.02 0.0698132
15.03 0.10472
15.04 0.139626
15.05 0.174533
15.06 0.20944
15.07 0.244346
15.08 0.279253
15.09 0.296706
15.1 0.331613
15.11 0.366519
15.12 0.401426
15.13 0.418879
15.14 0.453786
15.15 0.471239
15.16 0.488692
15.17 0.523599
15.18 0.541052
15.19 0.558505
15.2 0.575959
15.21 0.593412
15.22 0.610865
15.23 0.610865
15.24 0.628319
15.25 0.628319
15.26 0.645772
15.27 0.645772
15.28 0.645772
15.29 0.645772
15.3 0.645772
15.31 0.645772
15.32 0.645772
15.33 0.645772
15.34 0.628319
15.35 0.628319
15.36 0.610865
15.37 0.593412
15.38 0.575959
15.39 0.558505
15.4 0.541052
15.41 0.523599
15.42 0.506145
15.43 0.488692
15.44 0.453786
15.45 0.436332
15.46 0.401426
15.47 0.383972
15.48 0.349066
15.49 0.314159
15.5 0.296706
15.51 0.261799
15.52 0.226893
15.53 0.191986
15.54 0.15708
15.55 0.122173
15.56 0.0872665
15.57 0.0523599
15.58 0.0174533
15.59 -0.0174533
15.6 -0.0523599
15.61 -0.0872665
15.62 -0.122173
15.63 -0.15708
15.64 -0.191986
15.65 -0.226893
15.66 -0.244346
15.67 -0.279253
15.68 -0.314159
15.69 -0.349066
15.7 -0.366519
15.71 -0.401426
15.72 -0.436332
15.73 -0.453786
15.74 -0.471239
15.75 -0.506145
15.76 -0.523599
15.77 -0.541052
15.78 -0.558505
15.79 -0.575959
15.8 -0.593412
15.81 -0.610865
15.82 -0.610865
15.83 -0.628319
15.84 -0.628319
15.85 -0.628319
15.86 -0.645772
15.87 -0.645772
15.88 -0.645772
15.89 -0.645772
15.9 -0.645772
15.91 -0.628319
15.92 -0.628319
15.93 -0.610865
15.94 -0.610865
15.95 -0.593412
15.96 -0.575959
15.97 -0.558505
15.98 -0.541052
15.99 -0.523599
16 -0.506145
16.01 -0.488692
16.02 -0.471239
16.03 -0.436332
16.04 -0.418879
16.05 -0.383972
16.06 -0.349066
16.07 -0.331613
16.08 -0.296706
16.09 -0.261799
16.1 -0.226893
16.11 -0.191986
16.12 -0.174533
16.13 -0.139626
16.14 -0.10472
16.15 -0.0698132
16.16 -0.0349066
16.17 0
16.18 0.0349066
16.19 0.0698132
16.2 0.10472
16.21 0.139626
16.22 0.174533
16.23 0.20944
16.24 0.244346
16.25 0.279253
16.26 0.314159
16.27 0.331613
16.28 0.366519
16.29 0.401426
16.3 0.418879
16.31 0.453786
16.32 0.471239
16.33 0.488692
16.34 0.523599
16.35 0.541052
16.36 0.558505
16.37 0.575959
16.38 0.593412
16.39 0.593412
16.4 0.610865
16.41 0.628319
16.42 0.628319
16.43 0.628319
16.44 0.645772
16.45 0.645772
16.46 0.645772
16.47 0.645772
16.48 0.645772
16.49 0.645772
16.5 0.628319
16.51 0.628319
16.52 0.610865
16.53 0.593412
16.54 0.593412
16.55 0.575959
16.56 0.558505
16.57 0.541052
16.58 0.523599
16.59 0.488692
16.6 0.471239
16.61 0.453786
16.62 0.418879
16.63 0.401426
16.64 0.366519
16.65 0.349066
16.66 0.314159
16.67 0.279253
16.68 0.244346
16.69 0.20944
16.7 0.191986
16.71 0.15708
16.72 0.122173
16.73 0.0872665
16.74 0.0523599
16.75 0.0174533
16.76 -0.0174533
16.77 -0.0523599
16.78 -0.0872665
16.79 -0.122173
16.8 -0.15708
16.81 -0.191986
16.82 -0.226893
16.83 -0.261799
16.84 -0.296706
16.85 -0.314159
16.86 -0.349066
16.87 -0.383972
16.88 -0.401426
16.89 -0.436332
16.9 -0.453786
16.91 -0.471239
16.92 -0.506145
16.93 -0.523599
16.94 -0.541052
16.95 -0.558505
16.96 -0.575959
16.97 -0.593412
16.98 -0.593412
16.99 -0.610865
17 -0.610865
17.01 -0.628319
17.02 -0.628319
17.03 -0.628319
17.04 -0.628319
17.05 -0.628319
17.06 -0.628319
17.07 -0.628319
17.08 -0.628319
17.09 -0.610865
17.1 -0.610865
17.11 -0.593412
17.12 -0.593412
17.13 -0.575959
17.14 -0.558505
17.15 -0.541052
17.16 -0.523599
17.17 -0.506145
17.18 -0.471239
17.19 -0.453786
17.2 -0.418879
17.21 -0.401426
17.22 -0.366519
17.23 -0.349066
17.24 -0.314159
17.25 -0.279253
17.26 -0.261799
17.27 -0.226893
17.28 -0.191986
17.29 -0.15708
17.3 -0.122173
17.31 -0.0872665
17.32 -0.0523599
17.33 -0.0174533
17.34 0.0174533
17.35 0.0523599
17.36 0.0872665
17.37 0.122173
17.38 0.15708
17.39 0.191986
17.4 0.226893
17.41 0.244346
17.42 0.279253
17.43 0.314159
17.44 0.349066
17.45 0.366519
17.46 0.401426
17.47 0.418879
17.48 0.453786
17.49 0.471239
17.5 0.488692
17.51 0.523599
17.52 0.541052
17.53 0.558505
17.54 0.575959
17.55 0.575959
17.56 0.593412
17.57 0.610865
17.58 0.610865
17.59 0.628319
17.6 0.628319
17.61 0.628319
17.62 0.645772
17.63 0.645772
17.64 0.645772
17.65 0.628319
17.66 0.628319
17.67 0.628319
17.68 0.610865
17.69 0.610865
17.7 0.593412
17.71 0.575959
17.72 0.558505
17.73 0.541052
17.74 0.523599
17.75 0.506145
17.76 0.488692
17.77 0.471239
17.78 0.436332
17.79 0.418879
17.8 0.383972
17.81 0.349066
17.82 0.331613
17.83 0.296706
17.84 0.261799
17.85 0.244346
17.86 0.20944
17.87 0.174533
17.88 0.139626
17.89 0.10472
17.9 0.0698132
17.91 0.0349066
17.92 0
17.93 -0.0349066
17.94 -0.0698132
17.95 -0.10472
17.96 -0.139626
17.97 -0.174533
17.98 -0.191986
17.99 -0.226893
18 -0.261799
18.01 -0.296706
18.02 -0.331613
18.03 -0.349066
18.04 -0.383972
18.05 -0.401426
18.06 -0.436332
18.07 -0.453786
18.08 -0.488692
18.09 -0.506145
18.1 -0.523599
18.11 -0.541052
18.12 -0.558505
18.13 -0.575959
18.14 -0.593412
18.15 -0.593412
18.16 -0.610865
18.17 -0.610865
18.18 -0.628319
18.19 -0.628319
18.2 -0.628319
18.21 -0.628319
18.22 -0.628319
18.23 -0.628319
18.24 -0.628319
18.25 -0.610865
18.26 -0.610865
18.27 -0.593412
18.28 -0.593412
18.29 -0.575959
18.3 -0.558505
18.31 -0.541052
18.32 -0.523599
18.33 -0.506145
18.34 -0.488692
18.35 -0.453786
18.36 -0.436332
18.37 -0.418879
18.38 -0.383972
18.39 -0.366519
18.4 -0.331613
18.41 -0.296706
18.42 -0.279253
18.43 -0.244346
18.44 -0.20944
18.45 -0.174533
18.46 -0.139626
18.47 -0.10472
18.48 -0.0698132
18.49 -0.0349066
18.5 0
18.51 0.0349066
18.52 0.0698132
18.53 0.0872665
18.54 0.122173
18.55 0.15708
18.56 0.191986
18.57 0.226893
18.58 0.261799
18.59 0.296706
18.6 0.314159
18.61 0.349066
18.62 0.383972
18.63 0.401426
18.64 0.436332
18.65 0.453786
18.66 0.471239
18.67 0.488692
18.68 0.523599
18.69 0.541052
18.7 0.558505
18.71 0.575959
18.72 0.575959
18.73 0.593412
18.74 0.610865
18.75 0.610865
18.76 0.628319
18.77 0.628319
18.78 0.628319
18.79 0.628319
18.8 0.628319
18.81 0.628319
18.82 0.628319
18.83 0.628319
18.84 0.610865
18.85 0.610865
18.86 0.593412
18.87 0.575959
18.88 0.558505
18.89 0.558505
18.9 0.541052
18.91 0.506145
18.92 0.488692
18.93 0.471239
18.94 0.453786
18.95 0.418879
18.96 0.401426
18.97 0.366519
18.98 0.349066
18.99 0.314159
19 0.279253
19.01 0.261799
19.02 0.226893
19.03 0.191986
19.04 0.15708
19.05 0.122173
19.06 0.0872665
19.07 0.0523599
19.08 0.0174533
19.09 -0.0174533
19.1 -0.0523599
19.11 -0.0698132
19.12 -0.10472
19.13 -0.139626
19.14 -0.174533
19.15 -0.20944
19.16 -0.244346
19.17 -0.279253
19.18 -0.296706
19.19 -0.331613
19.2 -0.366519
19.21 -0.383972
19.22 -0.418879
19.23 -0.436332
19.24 -0.453786
19.25 -0.488692
19.26 -0.506145
19.27 -0.523599
19.28 -0.541052
19.29 -0.558505
19.3 -0.575959
19.31 -0.575959
19.32 -0.593412
19.33 -0.610865
19.34 -0.610865
19.35 -0.610865
19.36 -0.628319
19.37 -0.628319
19.38 -0.628319
19.39 -0.628319
19.4 -0.610865
19.41 -0.610865
19.42 -0.610865
19.43 -0.593412
19.44 -0.593412
19.45 -0.575959
19.46 -0.558505
19.47 -0.541052
19.48 -0.523599
19.49 -0.506145
19.5 -0.488692
19.51 -0.471239
19.52 -0.453786
19.53 -0.418879
19.54 -0.401426
19.55 -0.366519
19.56 -0.349066
19.57 -0.314159
19.58 -0.279253
19.59 -0.261799
19.6 -0.226893
19.61 -0.191986
19.62 -0.15708
19.63 -0.122173
19.64 -0.0872665
19.65 -0.0698132
19.66 -0.0349066
19.67 0
19.68 0.0349066
19.69 0.0698132
19.7 0.10472
19.71 0.139626
19.72 0.174533
19.73 0.20944
19.74 0.244346
19.75 0.261799
19.76 0.296706
19.77 0.331613
19.78 0.349066
19.79 0.383972
19.8 0.401426
19.81 0.436332
19.82 0.453786
19.83 0.471239
19.84 0.506145
19.85 0.523599
19.86 0.541052
19.87 0.558505
19.88 0.575959
19.89 0.575959
19.9 0.593412
19.91 0.610865
19.92 0.610865
19.93 0.610865
19.94 0.628319
19.95 0.628319
19.96 0.628319
19.97 0.628319
19.98 0.628319
19.99 0.610865
20 0.610865
;
